6000000165275444825
6000000000416261211
6000000028125642438
6000000114689662071
6000000194202131843
6000000054988935854
6000000186184895679
6000000082940614826
6000000206791068915
6000000007819218794
6000000024582422104
6000000223232544513
6000000182963611936
6000000161313386821
6000000182967809830
6000000223725066065
6000000198031358046
6000000223824080266
6000000008908916671
6000000135729127855
6000000223806468054
6000000181077513846
6000000127072925027
6000000223797116142
6000000015531409759
6000000052486303851
6000000041099323457
6000000227070463005
6000000059828546510
6000000223233030314
6000000223233627324
6000000080352826316
6000000137561226853
6000000025865038076
6000000223806524481
6000000223823243281
6000000185143985837
6000000223232544634
6000000170684731880
6000000008113115407
