6000000054139117864
6000000114691284072
6000000175439923843
6000000175603415838
6000000018807200005
6000000072818799870
6000000018937305423
6000000223233150930
6000000069540512345
6000000109254931902
6000000223807564802
6000000041670621573
6000000164925169845
6000000079443785070
6000000109253670834
6000000223807302937
6000000223540379319
6000000205101055488
6000000162275033949
6000000185143396155
6000000223232255798
6000000196893548986
6000000109024665827
6000000115775739945
6000000083770903003
6000000150977977853
6000000223231542621
6000000074805934226
6000000074070757909
6000000144778021939
6000000223353051229
6000000204580332890
6000000223823243318
6000000162112558854
6000000178442714823
6000000025864713626
6000000223355816762
6000000182967351887
6000000018157624972
6000000224473800916
