6000000223806637991
6000000006706305305
6000000223232948430
6000000114690694912
6000000223725066065
6000000223356717274
6000000019352715434
6000000042155698572
6000000034306270295
6000000015443030131
6000000158419951826
6000000182965899830
6000000223232738264
6000000208492058081
6000000056394093948
6000000083769823891
6000000223794421149
6000000019004518853
6000000150647295862
6000000224254319961
6000000208492448386
6000000151675978947
6000000040211996997
6000000014255368650
6000000139620939889
6000000182964419403
6000000083774601863
6000000032959465267
6000000206011349022
6000000161548228827
6000000208492058117
6000000115778524950
6000000223232908469
6000000056392555192
6000000022336486708
6000000182967810096
6000000083769303832
6000000223764690076
6000000021568851612
6000000223231340255
