6000000052624545020
6000000048540522874
6000000217329223825
6000000029696722745
6000000035619545357
6000000199070876911
6000000066092380869
6000000205743358839
6000000227485851840
6000000193379148835
6000000018635673705
6000000009807082546
6000000226962097995
6000000031528972896
6000000218054779828
6000000169682436835
6000000177781696829
6000000209375428832
6000000008511144356
6000000180699649885
6000000215612366825
6000000006781162544
6000000048540306833
6000000180702160870
6000000071219060866
6000000227005754866
6000000099071820830
6000000168839153842
6000000024761738150
6000000227734395821
6000000091502984907
6000000146584121835
6000000008867749333
6000000099056505821
6000000204942958837
6000000068368150918
6000000205087093847
6000000030549462099
6000000045950058905
6000000040205196425
