6000000008867486613
6000000146279386849
6000000028525109926
6000000186923564821
6000000206895175848
6000000186774367830
6000000032959619482
6000000146583752895
6000000186641535900
6000000044302698012
6000000186328394469
6000000221298625833
6000000068368089918
6000000090599728859
6000000084612586234
6000000086900564859
6000000191078746828
6000000192477364824
6000000217990516846
6000000218037189879
6000000031528486898
6000000031528373142
6000000031527612551
6000000016348731477
6000000037819851918
6000000193805359834
6000000115535869956
6000000220422478829
6000000083822192903
6000000099065947821
6000000186291156199
6000000042084481237
6000000036871045409
6000000146584121826
6000000008580828207
6000000205742901843
6000000094197630857
6000000031032043922
6000000054989111870
6000000204974579855
