6000000038940816476
6000000186643092837
6000000220422838828
6000000176562423831
6000000009237658441
6000000124685519823
6000000217329041827
6000000060822201836
6000000026323671872
4874569306850029636
6000000010401013369
6000000010401039627
6000000009796525041
6000000029696686534
6000000217990675868
6000000100412003828
6000000022433819085
6000000216576407847
6000000018613838346
6000000032549684367
6000000031528582993
6000000035551409825
6000000186923668824
6000000220422830872
6000000021040915810
6000000188853977863
6000000192476717850
6000000070087925074
6000000227733726056
6000000146583752875
6000000054986676160
6000000176574584834
6000000099060391823
6000000166940988821
6000000037819081173
6000000099069902841
6000000069528345015
6000000186923462826
6000000031528820935
6000000021041022643
