geni_id,token,sex,qid,verdict
6000000003957598556,ABA,M,Q102227914,no recorded sex; generic given-name item
6000000010364148243,ADRIAN,M,Q372250,resolved by sex
6000000029855150499,ANDRE,M,Q16274896,resolved by sex
6000000164954857915,ANDREA,F,Q18177321,resolved by sex
6000000175948379844,ANNE,F,Q564684,resolved by sex
6000000008852784108,Aba,M,Q102227914,no recorded sex; generic given-name item
6000000014036421235,Aba,F,Q479129,resolved by sex
6000000044287729839,Aba,M,Q102227914,no recorded sex; generic given-name item
6000000077812308872,Aba,M,Q102227914,no recorded sex; generic given-name item
6000000090381186821,Aba,M,Q102227914,no recorded sex; generic given-name item
6000000138653556021,Aba,F,Q479129,resolved by sex
6000000215562129821,Aba,M,Q102227914,no recorded sex; generic given-name item
6000000222850413871,Aba,F,Q479129,resolved by sex
383363629910003171,Abba,M,Q4663625,resolved by sex
6000000000028908393,Abba,M,Q4663625,resolved by sex
6000000000348850434,Abba,M,Q4663625,resolved by sex
6000000000348850449,Abba,F,Q65089281,resolved by sex (unisex; no item for that sex)
6000000000348876558,Abba,F,Q65089281,resolved by sex (unisex; no item for that sex)
6000000000348889168,Abba,M,Q4663625,resolved by sex
6000000002187920079,Abba,M,Q4663625,resolved by sex
6000000002673981936,Abba,M,Q4663625,resolved by sex
6000000003327792288,Abba,M,Q4663625,resolved by sex
6000000003495148202,Abba,M,Q4663625,resolved by sex
6000000003495148225,Abba,M,Q4663625,resolved by sex
6000000010258093420,Abba,M,Q4663625,resolved by sex
6000000010381493939,Abba,M,Q4663625,resolved by sex
6000000016881769431,Abba,M,Q4663625,resolved by sex
6000000017178028146,Abba,M,Q4663625,resolved by sex
6000000018728531001,Abba,M,Q4663625,resolved by sex
6000000018728745018,Abba,M,Q4663625,resolved by sex
6000000018740185546,Abba,M,Q4663625,resolved by sex
6000000018790747203,Abba,M,Q4663625,resolved by sex
6000000019072029582,Abba,M,Q4663625,resolved by sex
6000000019072042752,Abba,M,Q4663625,resolved by sex
6000000019129303521,Abba,M,Q4663625,resolved by sex
6000000020150242929,Abba,M,Q4663625,resolved by sex
6000000029578806959,Abba,M,Q4663625,resolved by sex
6000000037838622089,Abba,M,Q4663625,resolved by sex
6000000039184901764,Abba,M,Q4663625,resolved by sex
6000000052078102998,Abba,M,Q4663625,resolved by sex
6000000052078511010,Abba,M,Q4663625,resolved by sex
6000000052079627078,Abba,M,Q4663625,resolved by sex
6000000052079764865,Abba,M,Q4663625,resolved by sex
6000000072073286961,Abba,M,Q4663625,resolved by sex
6000000077113950223,Abba,M,Q4663625,resolved by sex
6000000201239451839,Abba,F,Q65089281,resolved by sex (unisex; no item for that sex)
6000000206224874880,Abba,M,Q4663625,resolved by sex
6000000206225117837,Abba,M,Q4663625,resolved by sex
6000000206225152821,Abba,M,Q4663625,resolved by sex
6000000001323263397,Adda,M,Q20576000,resolved by sex
6000000004977778649,Adda,M,Q20576000,resolved by sex
6000000007747896401,Adda,M,Q20576000,resolved by sex
6000000025299030308,Adda,M,Q20576000,resolved by sex
6000000025299737861,Adda,M,Q20576000,resolved by sex
6000000039356169014,Adda,M,Q20576000,resolved by sex
6000000041608230186,Adda,M,Q20576000,resolved by sex
6000000041739096096,Adda,M,Q20576000,resolved by sex
6000000053400239477,Adda,M,Q20576000,resolved by sex
6000000053401249992,Adda,M,Q20576000,resolved by sex
6000000056032409887,Adda,M,Q20576000,resolved by sex
6000000056479086174,Adda,M,Q20576000,resolved by sex
6000000120890187947,Adda,M,Q20576000,resolved by sex
6000000122770749942,Adda,M,Q20576000,resolved by sex
6000000122770913887,Adda,M,Q20576000,resolved by sex
6000000169609038117,Adda,F,Q107317460,resolved by sex
6000000170095829826,Adda,M,Q20576000,resolved by sex
6000000175612585827,Adda,M,Q20576000,resolved by sex
6000000175652697885,Adda,M,Q20576000,resolved by sex
6000000198785365863,Adda,M,Q20576000,resolved by sex
284100417120005027,Adrian,M,Q372250,resolved by sex
4495861554670061535,Adrian,M,Q372250,resolved by sex
4840241237810085207,Adrian,M,Q372250,resolved by sex
4840241237810085207,Adrian,M,Q372250,resolved by sex
4840241237810085207,Adrian,M,Q372250,resolved by sex
6000000001994562374,Adrian,M,Q372250,resolved by sex
6000000001994562374,Adrian,M,Q372250,resolved by sex
6000000003584830627,Adrian,M,Q372250,resolved by sex
6000000005746825763,Adrian,M,Q372250,resolved by sex
6000000006101437199,Adrian,M,Q372250,resolved by sex
6000000006352609017,Adrian,M,Q372250,resolved by sex
6000000006792984307,Adrian,M,Q372250,resolved by sex
6000000007402541425,Adrian,M,Q372250,resolved by sex
6000000007402598250,Adrian,M,Q372250,resolved by sex
6000000007417143446,Adrian,M,Q372250,resolved by sex
6000000007417143446,Adrian,M,Q372250,resolved by sex
6000000007789578913,Adrian,M,Q372250,resolved by sex
6000000008078727101,Adrian,M,Q372250,resolved by sex
6000000008685805558,Adrian,M,Q372250,resolved by sex
6000000009316304473,Adrian,M,Q372250,resolved by sex
6000000012361233780,Adrian,M,Q372250,resolved by sex
6000000012361233780,Adrian,M,Q372250,resolved by sex
6000000012483324875,Adrian,F,Q372250,resolved by sex
6000000017029779104,Adrian,M,Q372250,resolved by sex
6000000018271302536,Adrian,M,Q372250,resolved by sex
6000000019452239151,Adrian,M,Q372250,resolved by sex
6000000019749804325,Adrian,M,Q372250,resolved by sex
6000000019749804325,Adrian,M,Q372250,resolved by sex
6000000020037783347,Adrian,M,Q372250,resolved by sex
6000000022245791153,Adrian,M,Q372250,resolved by sex
6000000025758759966,Adrian,M,Q372250,resolved by sex
6000000025758759966,Adrian,M,Q372250,resolved by sex
6000000030959130435,Adrian,M,Q372250,resolved by sex
6000000031771185892,Adrian,M,Q372250,resolved by sex
6000000032952613976,Adrian,M,Q372250,resolved by sex
6000000032953209381,Adrian,M,Q372250,resolved by sex
6000000039358751894,Adrian,M,Q372250,resolved by sex
6000000059570331847,Adrian,M,Q372250,resolved by sex
6000000070335188863,Adrian,M,Q372250,resolved by sex
6000000078811318472,Adrian,M,Q372250,resolved by sex
6000000083142302004,Adrian,M,Q372250,resolved by sex
6000000114998618822,Adrian,M,Q372250,resolved by sex
6000000164282008328,Adrian,M,Q372250,resolved by sex
6000000167339587927,Adrian,M,Q372250,resolved by sex
6000000167339587927,Adrian,M,Q372250,resolved by sex
6000000198772002842,Adrian,M,Q372250,resolved by sex
6000000224729806919,Adrian,M,Q372250,resolved by sex
6000000001500984301,Alison,F,Q16154105,resolved by sex
6000000001670393108,Alison,F,Q16154105,resolved by sex
6000000002928664976,Alison,F,Q16154105,resolved by sex
6000000003077191972,Alison,M,Q110929819,resolved by sex
6000000021976137801,Alison,F,Q16154105,resolved by sex
6000000024936848845,Alison,F,Q16154105,resolved by sex
6000000039460402197,Alison,F,Q16154105,resolved by sex
6000000039489056841,Alison,F,Q16154105,resolved by sex
6000000041905763282,Alison,M,Q110929819,resolved by sex
6000000175686202831,Alison,F,Q16154105,resolved by sex
6000000188119203837,Alison,F,Q16154105,resolved by sex
384719635230012572,Andre,M,Q16274896,resolved by sex
6000000002198377758,Andre,M,Q16274896,resolved by sex
6000000002765262167,Andre,M,Q16274896,resolved by sex
6000000002802601196,Andre,M,Q16274896,resolved by sex
6000000005029022028,Andre,M,Q16274896,resolved by sex
6000000005609028557,Andre,M,Q16274896,resolved by sex
6000000007210299408,Andre,M,Q16274896,resolved by sex
6000000008719087629,Andre,M,Q16274896,resolved by sex
6000000009710292409,Andre,M,Q16274896,resolved by sex
6000000012971160489,Andre,M,Q16274896,resolved by sex
6000000023026432348,Andre,M,Q16274896,resolved by sex
6000000023268575676,Andre,M,Q16274896,resolved by sex
6000000047160887961,Andre,M,Q16274896,resolved by sex
4066443476590023307,Andrea,F,Q18177321,resolved by sex
4066443476590023307,Andrea,F,Q18177321,resolved by sex
4423915138960021929,Andrea,F,Q18177321,resolved by sex
4474776,Andrea,F,Q18177321,resolved by sex
5232261967330102641,Andrea,F,Q18177321,resolved by sex
5467050497710136684,Andrea,F,Q18177321,resolved by sex
6000000000140146444,Andrea,F,Q18177321,resolved by sex
6000000000400773384,Andrea,F,Q18177321,resolved by sex
6000000000756572217,Andrea,F,Q18177321,resolved by sex
6000000000758433825,Andrea,F,Q18177321,resolved by sex
6000000000907467097,Andrea,F,Q18177321,resolved by sex
6000000000907524030,Andrea,F,Q18177321,resolved by sex
6000000000907583316,Andrea,F,Q18177321,resolved by sex
6000000000907583316,Andrea,F,Q18177321,resolved by sex
6000000001500984923,Andrea,M,Q18177306,resolved by sex
6000000001781741071,Andrea,F,Q18177321,resolved by sex
6000000002240799168,Andrea,M,Q18177306,resolved by sex
6000000002452527421,Andrea,F,Q18177321,resolved by sex
6000000002512328644,Andrea,F,Q18177321,resolved by sex
6000000003094916027,Andrea,F,Q18177321,resolved by sex
6000000003264652623,Andrea,F,Q18177321,resolved by sex
6000000003579143250,Andrea,F,Q18177321,resolved by sex
6000000003782319730,Andrea,F,Q18177321,resolved by sex
6000000003827521667,Andrea,M,Q18177306,resolved by sex
6000000003897426087,Andrea,F,Q18177321,resolved by sex
6000000005385448867,Andrea,F,Q18177321,resolved by sex
6000000005565536716,Andrea,F,Q18177321,resolved by sex
6000000005565536716,Andrea,F,Q18177321,resolved by sex
6000000005565536716,Andrea,F,Q18177321,resolved by sex
6000000005608867742,Andrea,F,Q18177321,resolved by sex
6000000005608897195,Andrea,F,Q18177321,resolved by sex
6000000005608927690,Andrea,F,Q18177321,resolved by sex
6000000005608927697,Andrea,F,Q18177321,resolved by sex
6000000005609513726,Andrea,F,Q18177321,resolved by sex
6000000005766650247,Andrea,M,Q18177306,resolved by sex
6000000006129618344,Andrea,F,Q18177321,resolved by sex
6000000006335707672,Andrea,F,Q18177321,resolved by sex
6000000006711569112,Andrea,F,Q18177321,resolved by sex
6000000006892129728,Andrea,F,Q18177321,resolved by sex
6000000007014053440,Andrea,F,Q18177321,resolved by sex
6000000007204062249,Andrea,F,Q18177321,resolved by sex
6000000007304605992,Andrea,F,Q18177321,resolved by sex
6000000007305661707,Andrea,F,Q18177321,resolved by sex
6000000007305661707,Andrea,F,Q18177321,resolved by sex
6000000007305661787,Andrea,F,Q18177321,resolved by sex
6000000007305661787,Andrea,F,Q18177321,resolved by sex
6000000007305671037,Andrea,F,Q18177321,resolved by sex
6000000007305671037,Andrea,F,Q18177321,resolved by sex
6000000008415553952,Andrea,M,Q18177306,resolved by sex
6000000009038579548,Andrea,F,Q18177321,resolved by sex
6000000009084037469,Andrea,F,Q18177321,resolved by sex
6000000009084037469,Andrea,F,Q18177321,resolved by sex
6000000009112460332,Andrea,F,Q18177321,resolved by sex
6000000009207096845,Andrea,F,Q18177321,resolved by sex
6000000009373720667,Andrea,F,Q18177321,resolved by sex
6000000009375849720,Andrea,F,Q18177321,resolved by sex
6000000009431853793,Andrea,F,Q18177321,resolved by sex
6000000010656241785,Andrea,F,Q18177321,resolved by sex
6000000010869473057,Andrea,F,Q18177321,resolved by sex
6000000010895491157,Andrea,F,Q18177321,resolved by sex
6000000010895491157,Andrea,F,Q18177321,resolved by sex
6000000010895491157,Andrea,F,Q18177321,resolved by sex
6000000011170255158,Andrea,F,Q18177321,resolved by sex
6000000011196705478,Andrea,F,Q18177321,resolved by sex
6000000011276085998,Andrea,F,Q18177321,resolved by sex
6000000011308183060,Andrea,F,Q18177321,resolved by sex
6000000011524164719,Andrea,F,Q18177321,resolved by sex
6000000011935076257,Andrea,M,Q18177306,resolved by sex
6000000012072359982,Andrea,F,Q18177321,resolved by sex
6000000012339919362,Andrea,F,Q18177321,resolved by sex
6000000012737350395,Andrea,F,Q18177321,resolved by sex
6000000012795465311,Andrea,F,Q18177321,resolved by sex
6000000012979814042,Andrea,M,Q18177306,resolved by sex
6000000013321117226,Andrea,F,Q18177321,resolved by sex
6000000013430808872,Andrea,F,Q18177321,resolved by sex
6000000013442149185,Andrea,F,Q18177321,resolved by sex
6000000013678935526,Andrea,F,Q18177321,resolved by sex
6000000013963585328,Andrea,F,Q18177321,resolved by sex
6000000014004509469,Andrea,F,Q18177321,resolved by sex
6000000014027371430,Andrea,F,Q18177321,resolved by sex
6000000014295605593,Andrea,F,Q18177321,resolved by sex
6000000014326483096,Andrea,F,Q18177321,resolved by sex
6000000014516876026,Andrea,F,Q18177321,resolved by sex
6000000014707495686,Andrea,M,Q18177306,resolved by sex
6000000014707833097,Andrea,M,Q18177306,resolved by sex
6000000014708125126,Andrea,M,Q18177306,resolved by sex
6000000014712237487,Andrea,M,Q18177306,resolved by sex
6000000014993339233,Andrea,F,Q18177321,resolved by sex
6000000015100145855,Andrea,M,Q18177306,resolved by sex
6000000015101389574,Andrea,M,Q18177306,resolved by sex
6000000015341146827,Andrea,M,Q18177306,resolved by sex
6000000015834869109,Andrea,M,Q18177306,resolved by sex
6000000015837837585,Andrea,M,Q18177306,resolved by sex
6000000015973158244,Andrea,F,Q18177321,resolved by sex
6000000017089308492,Andrea,F,Q18177321,resolved by sex
6000000017518197934,Andrea,F,Q18177321,resolved by sex
6000000017863168492,Andrea,F,Q18177321,resolved by sex
6000000018306215235,Andrea,F,Q18177321,resolved by sex
6000000018557965368,Andrea,F,Q18177321,resolved by sex
6000000019014620094,Andrea,F,Q18177321,resolved by sex
6000000019106891879,Andrea,F,Q18177321,resolved by sex
6000000019813585625,Andrea,F,Q18177321,resolved by sex
6000000019869955443,Andrea,F,Q18177321,resolved by sex
6000000019870084074,Andrea,F,Q18177321,resolved by sex
6000000020572947632,Andrea,F,Q18177321,resolved by sex
6000000020573068122,Andrea,F,Q18177321,resolved by sex
6000000020653992639,Andrea,F,Q18177321,resolved by sex
6000000020653992639,Andrea,F,Q18177321,resolved by sex
6000000022364761242,Andrea,F,Q18177321,resolved by sex
6000000022732399843,Andrea,F,Q18177321,resolved by sex
6000000022782673661,Andrea,F,Q18177321,resolved by sex
6000000023155277694,Andrea,F,Q18177321,resolved by sex
6000000023205323932,Andrea,F,Q18177321,resolved by sex
6000000023726686990,Andrea,F,Q18177321,resolved by sex
6000000024417327894,Andrea,F,Q18177321,resolved by sex
6000000024921261372,Andrea,F,Q18177321,resolved by sex
6000000024991088117,Andrea,F,Q18177321,resolved by sex
6000000025248082478,Andrea,F,Q18177321,resolved by sex
6000000025757892225,Andrea,F,Q18177321,resolved by sex
6000000025769364153,Andrea,F,Q18177321,resolved by sex
6000000025880299119,Andrea,F,Q18177321,resolved by sex
6000000026763854106,Andrea,F,Q18177321,resolved by sex
6000000026997131954,Andrea,F,Q18177321,resolved by sex
6000000028807810205,Andrea,F,Q18177321,resolved by sex
6000000029200682477,Andrea,F,Q18177321,resolved by sex
6000000029593790301,Andrea,F,Q18177321,resolved by sex
6000000029599247879,Andrea,F,Q18177321,resolved by sex
6000000030110055490,Andrea,M,Q18177306,resolved by sex
6000000030940413178,Andrea,F,Q18177321,resolved by sex
6000000032085363673,Andrea,F,Q18177321,resolved by sex
6000000033914994608,Andrea,M,Q18177306,resolved by sex
6000000033915411045,Andrea,M,Q18177306,resolved by sex
6000000034750303046,Andrea,F,Q18177321,resolved by sex
6000000036367765022,Andrea,F,Q18177321,resolved by sex
6000000037060843025,Andrea,F,Q18177321,resolved by sex
6000000037642559868,Andrea,F,Q18177321,resolved by sex
6000000037850233548,Andrea,M,Q18177306,resolved by sex
6000000038337955245,Andrea,F,Q18177321,resolved by sex
6000000039378290439,Andrea,F,Q18177321,resolved by sex
6000000039453913770,Andrea,F,Q18177321,resolved by sex
6000000039624854956,Andrea,F,Q18177321,resolved by sex
6000000040313484589,Andrea,F,Q18177321,resolved by sex
6000000040313484589,Andrea,F,Q18177321,resolved by sex
6000000040342185015,Andrea,F,Q18177321,resolved by sex
6000000040386907386,Andrea,F,Q18177321,resolved by sex
6000000041742932069,Andrea,F,Q18177321,resolved by sex
6000000044223135614,Andrea,F,Q18177321,resolved by sex
6000000044708634867,Andrea,F,Q18177321,resolved by sex
6000000045461377821,Andrea,F,Q18177321,resolved by sex
6000000045473975821,Andrea,F,Q18177321,resolved by sex
6000000046364501898,Andrea,F,Q18177321,resolved by sex
6000000052063045837,Andrea,F,Q18177321,resolved by sex
6000000052860826113,Andrea,F,Q18177321,resolved by sex
6000000052967092218,Andrea,F,Q18177321,resolved by sex
6000000052967092218,Andrea,F,Q18177321,resolved by sex
6000000053113483960,Andrea,F,Q18177321,resolved by sex
6000000055604833950,Andrea,F,Q18177321,resolved by sex
6000000055604833950,Andrea,F,Q18177321,resolved by sex
6000000056240099859,Andrea,M,Q18177306,resolved by sex
6000000068442108872,Andrea,F,Q18177321,resolved by sex
6000000079869854969,Andrea,F,Q18177321,resolved by sex
6000000079869854969,Andrea,F,Q18177321,resolved by sex
6000000080238175425,Andrea,F,Q18177321,resolved by sex
6000000081481442906,Andrea,F,Q18177321,resolved by sex
6000000082743420220,Andrea,F,Q18177321,resolved by sex
6000000083222438087,Andrea,F,Q18177321,resolved by sex
6000000083222438087,Andrea,F,Q18177321,resolved by sex
6000000084366282853,Andrea,F,Q18177321,resolved by sex
6000000086097183887,Andrea,F,Q18177321,resolved by sex
6000000090450381087,Andrea,F,Q18177321,resolved by sex
6000000093048647205,Andrea,F,Q18177321,resolved by sex
6000000093404168915,Andrea,F,Q18177321,resolved by sex
6000000094320524865,Andrea,M,Q18177306,resolved by sex
6000000095440884874,Andrea,F,Q18177321,resolved by sex
6000000096715801827,Andrea,F,Q18177321,resolved by sex
6000000104324509848,Andrea,F,Q18177321,resolved by sex
6000000105074563839,Andrea,F,Q18177321,resolved by sex
6000000105074563843,Andrea,F,Q18177321,resolved by sex
6000000105433164875,Andrea,F,Q18177321,resolved by sex
6000000105433440822,Andrea,F,Q18177321,resolved by sex
6000000105433440828,Andrea,F,Q18177321,resolved by sex
6000000105737479859,Andrea,F,Q18177321,resolved by sex
6000000106644986002,Andrea,F,Q18177321,resolved by sex
6000000107002751837,Andrea,F,Q18177321,resolved by sex
6000000108628184851,Andrea,F,Q18177321,resolved by sex
6000000109049615849,Andrea,F,Q18177321,resolved by sex
6000000109930257944,Andrea,F,Q18177321,resolved by sex
6000000111753063008,Andrea,F,Q18177321,resolved by sex
6000000111915342943,Andrea,F,Q18177321,resolved by sex
6000000111915342943,Andrea,F,Q18177321,resolved by sex
6000000111915342943,Andrea,F,Q18177321,resolved by sex
6000000114107756990,Andrea,F,Q18177321,resolved by sex
6000000114689316824,Andrea,F,Q18177321,resolved by sex
6000000115229692879,Andrea,F,Q18177321,resolved by sex
6000000116677642856,Andrea,F,Q18177321,resolved by sex
6000000118833898900,Andrea,F,Q18177321,resolved by sex
6000000124117374061,Andrea,F,Q18177321,resolved by sex
6000000126892589907,Andrea,F,Q18177321,resolved by sex
6000000134157188822,Andrea,F,Q18177321,resolved by sex
6000000134173575821,Andrea,F,Q18177321,resolved by sex
6000000140034208468,Andrea,M,Q18177306,resolved by sex
6000000152653681833,Andrea,F,Q18177321,resolved by sex
6000000152668378914,Andrea,F,Q18177321,resolved by sex
6000000152669015431,Andrea,F,Q18177321,resolved by sex
6000000152669015614,Andrea,F,Q18177321,resolved by sex
6000000152669788012,Andrea,F,Q18177321,resolved by sex
6000000152673014918,Andrea,F,Q18177321,resolved by sex
6000000152691513855,Andrea,F,Q18177321,resolved by sex
6000000154039955902,Andrea,F,Q18177321,resolved by sex
6000000174162658062,Andrea,F,Q18177321,resolved by sex
6000000174356625862,Andrea,F,Q18177321,resolved by sex
6000000175320454970,Andrea,F,Q18177321,resolved by sex
6000000175404223282,Andrea,F,Q18177321,resolved by sex
6000000175456572822,Andrea,M,Q18177306,resolved by sex
6000000175693496821,Andrea,F,Q18177321,resolved by sex
6000000175693496821,Andrea,F,Q18177321,resolved by sex
6000000176123153822,Andrea,F,Q18177321,resolved by sex
6000000177042144847,Andrea,F,Q18177321,resolved by sex
6000000177042144847,Andrea,F,Q18177321,resolved by sex
6000000177887595833,Andrea,F,Q18177321,resolved by sex
6000000180129837881,Andrea,F,Q18177321,resolved by sex
6000000180401126843,Andrea,F,Q18177321,resolved by sex
6000000182964130821,Andrea,F,Q18177321,resolved by sex
6000000183843326838,Andrea,F,Q18177321,resolved by sex
6000000184087255843,Andrea,F,Q18177321,resolved by sex
6000000184911170960,Andrea,F,Q18177321,resolved by sex
6000000185401363178,Andrea,F,Q18177321,resolved by sex
6000000185570550093,Andrea,M,Q18177306,resolved by sex
6000000185870906826,Andrea,F,Q18177321,resolved by sex
6000000186207612009,Andrea,F,Q18177321,resolved by sex
6000000186835250842,Andrea,M,Q18177306,resolved by sex
6000000188200551891,Andrea,F,Q18177321,resolved by sex
6000000188210769832,Andrea,F,Q18177321,resolved by sex
6000000189145344858,Andrea,F,Q18177321,resolved by sex
6000000189145631838,Andrea,F,Q18177321,resolved by sex
6000000189521620222,Andrea,F,Q18177321,resolved by sex
6000000194319821823,Andrea,F,Q18177321,resolved by sex
6000000195072685821,Andrea,F,Q18177321,resolved by sex
6000000196299509728,Andrea,F,Q18177321,resolved by sex
6000000196300981042,Andrea,F,Q18177321,resolved by sex
6000000197042040825,Andrea,F,Q18177321,resolved by sex
6000000197046907828,Andrea,F,Q18177321,resolved by sex
6000000198780239941,Andrea,F,Q18177321,resolved by sex
6000000200962271841,Andrea,F,Q18177321,resolved by sex
6000000203457603929,Andrea,F,Q18177321,resolved by sex
6000000203805370945,Andrea,F,Q18177321,resolved by sex
6000000203859067823,Andrea,M,Q18177306,resolved by sex
6000000204503181959,Andrea,F,Q18177321,resolved by sex
6000000204537244972,Andrea,F,Q18177321,resolved by sex
6000000205068066492,Andrea,F,Q18177321,resolved by sex
6000000205134538825,Andrea,M,Q18177306,resolved by sex
6000000205169809352,Andrea,F,Q18177321,resolved by sex
6000000205241578363,Andrea,F,Q18177321,resolved by sex
6000000205598442824,Andrea,M,Q18177306,resolved by sex
6000000205606619846,Andrea,M,Q18177306,resolved by sex
6000000205611318878,Andrea,F,Q18177321,resolved by sex
6000000206105567324,Andrea,F,Q18177321,resolved by sex
6000000206294303824,Andrea,M,Q18177306,resolved by sex
6000000207964201929,Andrea,F,Q18177321,resolved by sex
6000000208948999825,Andrea,F,Q18177321,resolved by sex
6000000209612514822,Andrea,F,Q18177321,resolved by sex
6000000214407707841,Andrea,F,Q18177321,resolved by sex
6000000214407707841,Andrea,F,Q18177321,resolved by sex
6000000220155277821,Andrea,M,Q18177306,resolved by sex
6000000222193649933,Andrea,F,Q18177321,resolved by sex
6000000222799390836,Andrea,F,Q18177321,resolved by sex
6000000223180679873,Andrea,M,Q18177306,resolved by sex
6000000223231355301,Andrea,F,Q18177321,resolved by sex
6000000223418444939,Andrea,M,Q18177306,resolved by sex
6000000223822009508,Andrea,F,Q18177321,resolved by sex
6000000223843052190,Andrea,F,Q18177321,resolved by sex
6000000224359721836,Andrea,F,Q18177321,resolved by sex
6000000225801212827,Andrea,F,Q18177321,resolved by sex
6000000226068564952,Andrea,F,Q18177321,resolved by sex
6000000226161886833,Andrea,F,Q18177321,resolved by sex
287612923100003706,Anne,F,Q564684,resolved by sex
287712385130008001,Anne,F,Q564684,resolved by sex
288029693530003703,Anne,F,Q564684,resolved by sex
298634429100004324,Anne,F,Q564684,resolved by sex
302888257510001064,Anne,F,Q564684,resolved by sex
304318283800003857,Anne,F,Q564684,resolved by sex
309448974020008307,Anne,F,Q564684,resolved by sex
317008444090006584,Anne,F,Q564684,resolved by sex
317501212910005022,Anne,F,Q564684,resolved by sex
325663688420005718,Anne,F,Q564684,resolved by sex
328058257770004654,Anne,F,Q564684,resolved by sex
3356336,Anne,F,Q564684,resolved by sex
353228929020007584,Anne,F,Q564684,resolved by sex
353442154280012039,Anne,F,Q564684,resolved by sex
361843381280007976,Anne,F,Q564684,resolved by sex
361843381280007976,Anne,F,Q564684,resolved by sex
374572796950012476,Anne,F,Q564684,resolved by sex
377260811960002204,Anne,F,Q564684,resolved by sex
381440898740013388,Anne,F,Q564684,resolved by sex
381773742330013382,Anne,F,Q564684,resolved by sex
384196980420012527,Anne,F,Q564684,resolved by sex
384702592600012522,Anne,F,Q564684,resolved by sex
391042822910003565,Anne,F,Q564684,resolved by sex
4000888164330075116,Anne,F,Q564684,resolved by sex
4000991489300021269,Anne,F,Q564684,resolved by sex
4064963446300020592,Anne,F,Q564684,resolved by sex
4104662,Anne,F,Q564684,resolved by sex
4104768,Anne,F,Q564684,resolved by sex
4180959273130035412,Anne,F,Q564684,resolved by sex
4265475684170021035,Anne,F,Q564684,resolved by sex
4275395641540033051,Anne,F,Q564684,resolved by sex
4275641755920033011,Anne,F,Q564684,resolved by sex
4412293681480073275,Anne,F,Q564684,resolved by sex
4412402675350085167,Anne,F,Q564684,resolved by sex
4532353718710033067,Anne,F,Q564684,resolved by sex
4668822,Anne,F,Q564684,resolved by sex
4745514,Anne,F,Q564684,resolved by sex
4749159623970072108,Anne,F,Q564684,resolved by sex
4826633350100026612,Anne,F,Q564684,resolved by sex
4878104545290032753,Anne,F,Q564684,resolved by sex
4889632620980063165,Anne,F,Q564684,resolved by sex
4889767039210062694,Anne,F,Q564684,resolved by sex
4890818959120133569,Anne,F,Q564684,resolved by sex
4890818959120133569,Anne,F,Q564684,resolved by sex
4941759529840041825,Anne,F,Q564684,resolved by sex
4972665113090039352,Anne,F,Q564684,resolved by sex
4973107094410039118,Anne,F,Q564684,resolved by sex
5000886806840113294,Anne,F,Q564684,resolved by sex
5009616388910024886,Anne,F,Q564684,resolved by sex
5114398738150103959,Anne,F,Q564684,resolved by sex
5148204985920023854,Anne,F,Q564684,resolved by sex
5149081055740085023,Anne,F,Q564684,resolved by sex
5218782742890054384,Anne,M,Q47860848,resolved by sex
5234994287600064570,Anne,F,Q564684,resolved by sex
5280918327610113979,Anne,F,Q564684,resolved by sex
5327641366210022303,Anne,F,Q564684,resolved by sex
5327689858330022340,Anne,F,Q564684,resolved by sex
5332736643780030946,Anne,F,Q564684,resolved by sex
5392920986820042720,Anne,F,Q564684,resolved by sex
5467886889670043609,Anne,F,Q564684,resolved by sex
5467886889670043609,Anne,F,Q564684,resolved by sex
5473408662440045292,Anne,F,Q564684,resolved by sex
5473408662440045292,Anne,F,Q564684,resolved by sex
5501206724820031719,Anne,F,Q564684,resolved by sex
5648392824470044377,Anne,F,Q564684,resolved by sex
5667846312780113020,Anne,F,Q564684,resolved by sex
6000000000026274781,Anne,F,Q564684,resolved by sex
6000000000030136965,Anne,F,Q564684,resolved by sex
6000000000043107775,Anne,F,Q564684,resolved by sex
6000000000081361705,Anne,F,Q564684,resolved by sex
6000000000090846710,Anne,F,Q564684,resolved by sex
6000000000100030713,Anne,F,Q564684,resolved by sex
6000000000115809291,Anne,F,Q564684,resolved by sex
6000000000118215221,Anne,F,Q564684,resolved by sex
6000000000128105269,Anne,F,Q564684,resolved by sex
6000000000128215648,Anne,F,Q564684,resolved by sex
6000000000130517141,Anne,F,Q564684,resolved by sex
6000000000130535120,Anne,F,Q564684,resolved by sex
6000000000183163349,Anne,F,Q564684,resolved by sex
6000000000196854600,Anne,F,Q564684,resolved by sex
6000000000196854600,Anne,F,Q564684,resolved by sex
6000000000217003168,Anne,F,Q564684,resolved by sex
6000000000295848699,Anne,F,Q564684,resolved by sex
6000000000295848699,Anne,F,Q564684,resolved by sex
6000000000305652674,Anne,F,Q564684,resolved by sex
6000000000314933963,Anne,F,Q564684,resolved by sex
6000000000352513818,Anne,F,Q564684,resolved by sex
6000000000372196371,Anne,F,Q564684,resolved by sex
6000000000434359269,Anne,F,Q564684,resolved by sex
6000000000435641916,Anne,F,Q564684,resolved by sex
6000000000436165794,Anne,F,Q564684,resolved by sex
6000000000438063631,Anne,F,Q564684,resolved by sex
6000000000438140133,Anne,F,Q564684,resolved by sex
6000000000479152262,Anne,F,Q564684,resolved by sex
6000000000518041116,Anne,F,Q564684,resolved by sex
6000000000551628797,Anne,F,Q564684,resolved by sex
6000000000583603259,Anne,F,Q564684,resolved by sex
6000000000591512247,Anne,F,Q564684,resolved by sex
6000000000609972001,Anne,F,Q564684,resolved by sex
6000000000628817165,Anne,F,Q564684,resolved by sex
6000000000629612079,Anne,F,Q564684,resolved by sex
6000000000640991408,Anne,F,Q564684,resolved by sex
6000000000641000902,Anne,F,Q564684,resolved by sex
6000000000641020126,Anne,F,Q564684,resolved by sex
6000000000641044053,Anne,F,Q564684,resolved by sex
6000000000641063841,Anne,F,Q564684,resolved by sex
6000000000641091939,Anne,F,Q564684,resolved by sex
6000000000641095008,Anne,F,Q564684,resolved by sex
6000000000641096850,Anne,F,Q564684,resolved by sex
6000000000642079477,Anne,F,Q564684,resolved by sex
6000000000651971551,Anne,F,Q564684,resolved by sex
6000000000685080861,Anne,F,Q564684,resolved by sex
6000000000723145530,Anne,F,Q564684,resolved by sex
6000000000735549483,Anne,F,Q564684,resolved by sex
6000000000750012722,Anne,F,Q564684,resolved by sex
6000000000751079659,Anne,F,Q564684,resolved by sex
6000000000758133642,Anne,F,Q564684,resolved by sex
6000000000769722749,Anne,F,Q564684,resolved by sex
6000000000772869171,Anne,F,Q564684,resolved by sex
6000000000782497045,Anne,F,Q564684,resolved by sex
6000000000806326150,Anne,F,Q564684,resolved by sex
6000000000838837251,Anne,F,Q564684,resolved by sex
6000000000839045170,Anne,F,Q564684,resolved by sex
6000000000848164473,Anne,F,Q564684,resolved by sex
6000000000893450058,Anne,F,Q564684,resolved by sex
6000000000901150160,Anne,F,Q564684,resolved by sex
6000000000962604321,Anne,F,Q564684,resolved by sex
6000000001008655991,Anne,F,Q564684,resolved by sex
6000000001013093964,Anne,F,Q564684,resolved by sex
6000000001013227042,Anne,F,Q564684,resolved by sex
6000000001036763081,Anne,F,Q564684,resolved by sex
6000000001038999742,Anne,F,Q564684,resolved by sex
6000000001047512551,Anne,F,Q564684,resolved by sex
6000000001056396051,Anne,F,Q564684,resolved by sex
6000000001075433286,Anne,F,Q564684,resolved by sex
6000000001075433525,Anne,F,Q564684,resolved by sex
6000000001075433598,Anne,F,Q564684,resolved by sex
6000000001075433950,Anne,F,Q564684,resolved by sex
6000000001088082469,Anne,F,Q564684,resolved by sex
6000000001156410715,Anne,F,Q564684,resolved by sex
6000000001169317933,Anne,F,Q564684,resolved by sex
6000000001174417270,Anne,F,Q564684,resolved by sex
6000000001174621172,Anne,F,Q564684,resolved by sex
6000000001177385503,Anne,F,Q564684,resolved by sex
6000000001180558463,Anne,F,Q564684,resolved by sex
6000000001222687987,Anne,F,Q564684,resolved by sex
6000000001222687987,Anne,F,Q564684,resolved by sex
6000000001266135585,Anne,F,Q564684,resolved by sex
6000000001277802428,Anne,F,Q564684,resolved by sex
6000000001277802428,Anne,F,Q564684,resolved by sex
6000000001306771194,Anne,F,Q564684,resolved by sex
6000000001307610123,Anne,F,Q564684,resolved by sex
6000000001319754212,Anne,F,Q564684,resolved by sex
6000000001354319825,Anne,F,Q564684,resolved by sex
6000000001376129927,Anne,F,Q564684,resolved by sex
6000000001491903038,Anne,F,Q564684,resolved by sex
6000000001491903038,Anne,F,Q564684,resolved by sex
6000000001491903341,Anne,F,Q564684,resolved by sex
6000000001491924625,Anne,F,Q564684,resolved by sex
6000000001491924961,Anne,F,Q564684,resolved by sex
6000000001498674039,Anne,F,Q564684,resolved by sex
6000000001498686793,Anne,F,Q564684,resolved by sex
6000000001498898471,Anne,F,Q564684,resolved by sex
6000000001498965443,Anne,F,Q564684,resolved by sex
6000000001499002700,Anne,F,Q564684,resolved by sex
6000000001499097957,Anne,F,Q564684,resolved by sex
6000000001499129587,Anne,F,Q564684,resolved by sex
6000000001499180694,Anne,F,Q564684,resolved by sex
6000000001499184310,Anne,F,Q564684,resolved by sex
6000000001499188822,Anne,F,Q564684,resolved by sex
6000000001499188907,Anne,F,Q564684,resolved by sex
6000000001499305963,Anne,F,Q564684,resolved by sex
6000000001499305970,Anne,F,Q564684,resolved by sex
6000000001499305987,Anne,F,Q564684,resolved by sex
6000000001499307937,Anne,F,Q564684,resolved by sex
6000000001499376781,Anne,F,Q564684,resolved by sex
6000000001504216483,Anne,F,Q564684,resolved by sex
6000000001504230397,Anne,F,Q564684,resolved by sex
6000000001504251459,Anne,F,Q564684,resolved by sex
6000000001504252192,Anne,F,Q564684,resolved by sex
6000000001504252488,Anne,F,Q564684,resolved by sex
6000000001504256486,Anne,F,Q564684,resolved by sex
6000000001504256884,Anne,F,Q564684,resolved by sex
6000000001504256941,Anne,F,Q564684,resolved by sex
6000000001504259263,Anne,F,Q564684,resolved by sex
6000000001504281908,Anne,F,Q564684,resolved by sex
6000000001504281927,Anne,F,Q564684,resolved by sex
6000000001504282207,Anne,F,Q564684,resolved by sex
6000000001504282216,Anne,F,Q564684,resolved by sex
6000000001504296924,Anne,F,Q564684,resolved by sex
6000000001504367596,Anne,F,Q564684,resolved by sex
6000000001504367624,Anne,F,Q564684,resolved by sex
6000000001504367670,Anne,F,Q564684,resolved by sex
6000000001504519189,Anne,F,Q564684,resolved by sex
6000000001504523028,Anne,F,Q564684,resolved by sex
6000000001504523737,Anne,F,Q564684,resolved by sex
6000000001504528221,Anne,F,Q564684,resolved by sex
6000000001504528221,Anne,F,Q564684,resolved by sex
6000000001504528249,Anne,F,Q564684,resolved by sex
6000000001504528567,Anne,F,Q564684,resolved by sex
6000000001504532364,Anne,F,Q564684,resolved by sex
6000000001504532888,Anne,F,Q564684,resolved by sex
6000000001504533000,Anne,F,Q564684,resolved by sex
6000000001504537268,Anne,F,Q564684,resolved by sex
6000000001504539637,Anne,F,Q564684,resolved by sex
6000000001504539637,Anne,F,Q564684,resolved by sex
6000000001504585489,Anne,F,Q564684,resolved by sex
6000000001504592747,Anne,F,Q564684,resolved by sex
6000000001504627993,Anne,F,Q564684,resolved by sex
6000000001504646860,Anne,F,Q564684,resolved by sex
6000000001504659235,Anne,F,Q564684,resolved by sex
6000000001504659297,Anne,F,Q564684,resolved by sex
6000000001504663206,Anne,F,Q564684,resolved by sex
6000000001504663437,Anne,F,Q564684,resolved by sex
6000000001504663886,Anne,F,Q564684,resolved by sex
6000000001504666256,Anne,F,Q564684,resolved by sex
6000000001504666373,Anne,F,Q564684,resolved by sex
6000000001504673307,Anne,F,Q564684,resolved by sex
6000000001504673492,Anne,F,Q564684,resolved by sex
6000000001504674663,Anne,F,Q564684,resolved by sex
6000000001504674927,Anne,F,Q564684,resolved by sex
6000000001504679556,Anne,F,Q564684,resolved by sex
6000000001504683407,Anne,F,Q564684,resolved by sex
6000000001504723877,Anne,F,Q564684,resolved by sex
6000000001504732125,Anne,F,Q564684,resolved by sex
6000000001504732270,Anne,F,Q564684,resolved by sex
6000000001504732364,Anne,F,Q564684,resolved by sex
6000000001504732934,Anne,F,Q564684,resolved by sex
6000000001504736131,Anne,F,Q564684,resolved by sex
6000000001504736259,Anne,F,Q564684,resolved by sex
6000000001504743478,Anne,F,Q564684,resolved by sex
6000000001504748171,Anne,F,Q564684,resolved by sex
6000000001504810407,Anne,F,Q564684,resolved by sex
6000000001504810575,Anne,F,Q564684,resolved by sex
6000000001504810593,Anne,F,Q564684,resolved by sex
6000000001504810885,Anne,F,Q564684,resolved by sex
6000000001504812109,Anne,F,Q564684,resolved by sex
6000000001504824340,Anne,F,Q564684,resolved by sex
6000000001504824877,Anne,F,Q564684,resolved by sex
6000000001504838927,Anne,F,Q564684,resolved by sex
6000000001504841077,Anne,F,Q564684,resolved by sex
6000000001504846608,Anne,F,Q564684,resolved by sex
6000000001504851104,Anne,F,Q564684,resolved by sex
6000000001504913475,Anne,F,Q564684,resolved by sex
6000000001504918056,Anne,F,Q564684,resolved by sex
6000000001504918112,Anne,F,Q564684,resolved by sex
6000000001504918120,Anne,F,Q564684,resolved by sex
6000000001504921571,Anne,F,Q564684,resolved by sex
6000000001504955379,Anne,F,Q564684,resolved by sex
6000000001505002066,Anne,F,Q564684,resolved by sex
6000000001505005224,Anne,F,Q564684,resolved by sex
6000000001508584480,Anne,F,Q564684,resolved by sex
6000000001555385150,Anne,F,Q564684,resolved by sex
6000000001578873912,Anne,F,Q564684,resolved by sex
6000000001583363565,Anne,F,Q564684,resolved by sex
6000000001588526562,Anne,F,Q564684,resolved by sex
6000000001700524409,Anne,F,Q564684,resolved by sex
6000000001708180464,Anne,F,Q564684,resolved by sex
6000000001711805651,Anne,F,Q564684,resolved by sex
6000000001724331445,Anne,F,Q564684,resolved by sex
6000000001724331445,Anne,F,Q564684,resolved by sex
6000000001744948499,Anne,F,Q564684,resolved by sex
6000000001772898279,Anne,F,Q564684,resolved by sex
6000000001779880786,Anne,F,Q564684,resolved by sex
6000000001793319271,Anne,F,Q564684,resolved by sex
6000000001794809381,Anne,F,Q564684,resolved by sex
6000000001820077162,Anne,F,Q564684,resolved by sex
6000000001825051967,Anne,F,Q564684,resolved by sex
6000000001827531760,Anne,F,Q564684,resolved by sex
6000000001827603751,Anne,F,Q564684,resolved by sex
6000000001849230305,Anne,F,Q564684,resolved by sex
6000000001853278237,Anne,F,Q564684,resolved by sex
6000000001877514663,Anne,F,Q564684,resolved by sex
6000000001881847455,Anne,F,Q564684,resolved by sex
6000000001891289085,Anne,F,Q564684,resolved by sex
6000000001891783582,Anne,F,Q564684,resolved by sex
6000000001912402715,Anne,F,Q564684,resolved by sex
6000000001920510124,Anne,F,Q564684,resolved by sex
6000000002006214596,Anne,F,Q564684,resolved by sex
6000000002043212703,Anne,F,Q564684,resolved by sex
6000000002043674526,Anne,F,Q564684,resolved by sex
6000000002044139360,Anne,F,Q564684,resolved by sex
6000000002044919016,Anne,F,Q564684,resolved by sex
6000000002073519301,Anne,F,Q564684,resolved by sex
6000000002076933405,Anne,F,Q564684,resolved by sex
6000000002078115111,Anne,F,Q564684,resolved by sex
6000000002078136130,Anne,F,Q564684,resolved by sex
6000000002078229114,Anne,F,Q564684,resolved by sex
6000000002082079304,Anne,F,Q564684,resolved by sex
6000000002082079304,Anne,F,Q564684,resolved by sex
6000000002089285283,Anne,F,Q564684,resolved by sex
6000000002090059585,Anne,F,Q564684,resolved by sex
6000000002090254105,Anne,F,Q564684,resolved by sex
6000000002091220812,Anne,F,Q564684,resolved by sex
6000000002093588800,Anne,F,Q564684,resolved by sex
6000000002106067908,Anne,F,Q564684,resolved by sex
6000000002129056373,Anne,F,Q564684,resolved by sex
6000000002130369177,Anne,F,Q564684,resolved by sex
6000000002172603309,Anne,F,Q564684,resolved by sex
6000000002174651155,Anne,F,Q564684,resolved by sex
6000000002176824350,Anne,F,Q564684,resolved by sex
6000000002187840447,Anne,F,Q564684,resolved by sex
6000000002188569163,Anne,F,Q564684,resolved by sex
6000000002205443036,Anne,F,Q564684,resolved by sex
6000000002225680288,Anne,F,Q564684,resolved by sex
6000000002238741924,Anne,F,Q564684,resolved by sex
6000000002244348258,Anne,F,Q564684,resolved by sex
6000000002285597251,Anne,F,Q564684,resolved by sex
6000000002309597441,Anne,F,Q564684,resolved by sex
6000000002311286630,Anne,F,Q564684,resolved by sex
6000000002315754835,Anne,F,Q564684,resolved by sex
6000000002337561252,Anne,F,Q564684,resolved by sex
6000000002337561252,Anne,F,Q564684,resolved by sex
6000000002347375760,Anne,F,Q564684,resolved by sex
6000000002384633096,Anne,F,Q564684,resolved by sex
6000000002400791492,Anne,F,Q564684,resolved by sex
6000000002411659868,Anne,F,Q564684,resolved by sex
6000000002411659868,Anne,F,Q564684,resolved by sex
6000000002411659868,Anne,F,Q564684,resolved by sex
6000000002411820837,Anne,F,Q564684,resolved by sex
6000000002435658394,Anne,F,Q564684,resolved by sex
6000000002447085944,Anne,F,Q564684,resolved by sex
6000000002447290151,Anne,F,Q564684,resolved by sex
6000000002447429231,Anne,F,Q564684,resolved by sex
6000000002478973039,Anne,F,Q564684,resolved by sex
6000000002486693522,Anne,F,Q564684,resolved by sex
6000000002503637767,Anne,F,Q564684,resolved by sex
6000000002503668356,Anne,F,Q564684,resolved by sex
6000000002503678809,Anne,F,Q564684,resolved by sex
6000000002503678809,Anne,F,Q564684,resolved by sex
6000000002503678809,Anne,F,Q564684,resolved by sex
6000000002503692351,Anne,F,Q564684,resolved by sex
6000000002509848888,Anne,F,Q564684,resolved by sex
6000000002512279744,Anne,F,Q564684,resolved by sex
6000000002512279783,Anne,F,Q564684,resolved by sex
6000000002523909440,Anne,F,Q564684,resolved by sex
6000000002540162745,Anne,F,Q564684,resolved by sex
6000000002541953788,Anne,F,Q564684,resolved by sex
6000000002554260671,Anne,F,Q564684,resolved by sex
6000000002563682296,Anne,F,Q564684,resolved by sex
6000000002599611567,Anne,F,Q564684,resolved by sex
6000000002603757137,Anne,F,Q564684,resolved by sex
6000000002617521056,Anne,F,Q564684,resolved by sex
6000000002625025627,Anne,F,Q564684,resolved by sex
6000000002625292735,Anne,F,Q564684,resolved by sex
6000000002628744901,Anne,F,Q564684,resolved by sex
6000000002649950908,Anne,F,Q564684,resolved by sex
6000000002649974504,Anne,F,Q564684,resolved by sex
6000000002660291251,Anne,F,Q564684,resolved by sex
6000000002665253424,Anne,F,Q564684,resolved by sex
6000000002665618809,Anne,F,Q564684,resolved by sex
6000000002666224080,Anne,F,Q564684,resolved by sex
6000000002675845640,Anne,F,Q564684,resolved by sex
6000000002675845640,Anne,F,Q564684,resolved by sex
6000000002684869392,Anne,F,Q564684,resolved by sex
6000000002685357730,Anne,F,Q564684,resolved by sex
6000000002685413142,Anne,F,Q564684,resolved by sex
6000000002685465012,Anne,F,Q564684,resolved by sex
6000000002697814373,Anne,F,Q564684,resolved by sex
6000000002712643938,Anne,F,Q564684,resolved by sex
6000000002726954149,Anne,F,Q564684,resolved by sex
6000000002749426384,Anne,F,Q564684,resolved by sex
6000000002750114123,Anne,F,Q564684,resolved by sex
6000000002750114123,Anne,F,Q564684,resolved by sex
6000000002750616559,Anne,F,Q564684,resolved by sex
6000000002750714381,Anne,F,Q564684,resolved by sex
6000000002750874021,Anne,F,Q564684,resolved by sex
6000000002764690956,Anne,M,Q47860848,resolved by sex
6000000002764693919,Anne,F,Q564684,resolved by sex
6000000002764975238,Anne,F,Q564684,resolved by sex
6000000002764979658,Anne,F,Q564684,resolved by sex
6000000002765148402,Anne,F,Q564684,resolved by sex
6000000002765172569,Anne,F,Q564684,resolved by sex
6000000002765737259,Anne,F,Q564684,resolved by sex
6000000002765737423,Anne,F,Q564684,resolved by sex
6000000002765737543,Anne,F,Q564684,resolved by sex
6000000002765753301,Anne,F,Q564684,resolved by sex
6000000002765776420,Anne,F,Q564684,resolved by sex
6000000002765777544,Anne,F,Q564684,resolved by sex
6000000002765783601,Anne,F,Q564684,resolved by sex
6000000002765823670,Anne,F,Q564684,resolved by sex
6000000002765829085,Anne,F,Q564684,resolved by sex
6000000002765829991,Anne,F,Q564684,resolved by sex
6000000002765884023,Anne,F,Q564684,resolved by sex
6000000002766324311,Anne,F,Q564684,resolved by sex
6000000002788049941,Anne,F,Q564684,resolved by sex
6000000002788049941,Anne,F,Q564684,resolved by sex
6000000002788389019,Anne,F,Q564684,resolved by sex
6000000002796902413,Anne,F,Q564684,resolved by sex
6000000002798785327,Anne,F,Q564684,resolved by sex
6000000002799066644,Anne,F,Q564684,resolved by sex
6000000002799123008,Anne,F,Q564684,resolved by sex
6000000002802900641,Anne,F,Q564684,resolved by sex
6000000002803076446,Anne,F,Q564684,resolved by sex
6000000002811234959,Anne,F,Q564684,resolved by sex
6000000002811234959,Anne,F,Q564684,resolved by sex
6000000002811898584,Anne,F,Q564684,resolved by sex
6000000002811923309,Anne,F,Q564684,resolved by sex
6000000002811932945,Anne,F,Q564684,resolved by sex
6000000002813016986,Anne,F,Q564684,resolved by sex
6000000002813037916,Anne,F,Q564684,resolved by sex
6000000002813082584,Anne,F,Q564684,resolved by sex
6000000002814472828,Anne,F,Q564684,resolved by sex
6000000002814791649,Anne,F,Q564684,resolved by sex
6000000002818374659,Anne,F,Q564684,resolved by sex
6000000002818498804,Anne,F,Q564684,resolved by sex
6000000002820658193,Anne,F,Q564684,resolved by sex
6000000002821413080,Anne,F,Q564684,resolved by sex
6000000002836003291,Anne,F,Q564684,resolved by sex
6000000002836378044,Anne,F,Q564684,resolved by sex
6000000002837978255,Anne,F,Q564684,resolved by sex
6000000002837978255,Anne,F,Q564684,resolved by sex
6000000002844711321,Anne,F,Q564684,resolved by sex
6000000002847538420,Anne,F,Q564684,resolved by sex
6000000002847920511,Anne,F,Q564684,resolved by sex
6000000002850069028,Anne,F,Q564684,resolved by sex
6000000002850205077,Anne,F,Q564684,resolved by sex
6000000002858353906,Anne,F,Q564684,resolved by sex
6000000002869553796,Anne,F,Q564684,resolved by sex
6000000002893558898,Anne,F,Q564684,resolved by sex
6000000002893558898,Anne,F,Q564684,resolved by sex
6000000002893570891,Anne,F,Q564684,resolved by sex
6000000002893861786,Anne,F,Q564684,resolved by sex
6000000002893888872,Anne,F,Q564684,resolved by sex
6000000002893888872,Anne,F,Q564684,resolved by sex
6000000002896447533,Anne,F,Q564684,resolved by sex
6000000002896605548,Anne,F,Q564684,resolved by sex
6000000002901618109,Anne,F,Q564684,resolved by sex
6000000002903979450,Anne,F,Q564684,resolved by sex
6000000002905138319,Anne,F,Q564684,resolved by sex
6000000002905550376,Anne,F,Q564684,resolved by sex
6000000002906800926,Anne,F,Q564684,resolved by sex
6000000002931219695,Anne,F,Q564684,resolved by sex
6000000002943478560,Anne,F,Q564684,resolved by sex
6000000002955583838,Anne,F,Q564684,resolved by sex
6000000002955864171,Anne,F,Q564684,resolved by sex
6000000002961160597,Anne,F,Q564684,resolved by sex
6000000002965365028,Anne,F,Q564684,resolved by sex
6000000002970436636,Anne,F,Q564684,resolved by sex
6000000002986192672,Anne,F,Q564684,resolved by sex
6000000002986808675,Anne,F,Q564684,resolved by sex
6000000003005298645,Anne,M,Q47860848,resolved by sex
6000000003015318352,Anne,F,Q564684,resolved by sex
6000000003020204648,Anne,F,Q564684,resolved by sex
6000000003021454642,Anne,F,Q564684,resolved by sex
6000000003022091155,Anne,F,Q564684,resolved by sex
6000000003023846219,Anne,F,Q564684,resolved by sex
6000000003024705911,Anne,F,Q564684,resolved by sex
6000000003062948620,Anne,F,Q564684,resolved by sex
6000000003072003501,Anne,F,Q564684,resolved by sex
6000000003072003501,Anne,F,Q564684,resolved by sex
6000000003072212013,Anne,F,Q564684,resolved by sex
6000000003073797239,Anne,F,Q564684,resolved by sex
6000000003076099764,Anne,F,Q564684,resolved by sex
6000000003087098436,Anne,F,Q564684,resolved by sex
6000000003097834830,Anne,F,Q564684,resolved by sex
6000000003122317441,Anne,F,Q564684,resolved by sex
6000000003122317499,Anne,F,Q564684,resolved by sex
6000000003122380750,Anne,F,Q564684,resolved by sex
6000000003165063676,Anne,F,Q564684,resolved by sex
6000000003169131726,Anne,F,Q564684,resolved by sex
6000000003169755173,Anne,F,Q564684,resolved by sex
6000000003170213334,Anne,F,Q564684,resolved by sex
6000000003185386271,Anne,F,Q564684,resolved by sex
6000000003210378845,Anne,F,Q564684,resolved by sex
6000000003210397249,Anne,F,Q564684,resolved by sex
6000000003216108228,Anne,F,Q564684,resolved by sex
6000000003216128693,Anne,F,Q564684,resolved by sex
6000000003219740891,Anne,F,Q564684,resolved by sex
6000000003229435760,Anne,F,Q564684,resolved by sex
6000000003232579946,Anne,F,Q564684,resolved by sex
6000000003232696285,Anne,F,Q564684,resolved by sex
6000000003232705686,Anne,F,Q564684,resolved by sex
6000000003232718441,Anne,F,Q564684,resolved by sex
6000000003243427289,Anne,F,Q564684,resolved by sex
6000000003272300284,Anne,F,Q564684,resolved by sex
6000000003272599113,Anne,F,Q564684,resolved by sex
6000000003274196509,Anne,F,Q564684,resolved by sex
6000000003309840237,Anne,F,Q564684,resolved by sex
6000000003310111983,Anne,F,Q564684,resolved by sex
6000000003310404930,Anne,F,Q564684,resolved by sex
6000000003344040701,Anne,F,Q564684,resolved by sex
6000000003362801454,Anne,F,Q564684,resolved by sex
6000000003363016566,Anne,F,Q564684,resolved by sex
6000000003363016566,Anne,F,Q564684,resolved by sex
6000000003365235217,Anne,F,Q564684,resolved by sex
6000000003366674331,Anne,F,Q564684,resolved by sex
6000000003367258007,Anne,F,Q564684,resolved by sex
6000000003396092050,Anne,F,Q564684,resolved by sex
6000000003421923296,Anne,F,Q564684,resolved by sex
6000000003468717798,Anne,F,Q564684,resolved by sex
6000000003469423972,Anne,F,Q564684,resolved by sex
6000000003469423972,Anne,F,Q564684,resolved by sex
6000000003490628592,Anne,F,Q564684,resolved by sex
6000000003491940195,Anne,F,Q564684,resolved by sex
6000000003491947979,Anne,F,Q564684,resolved by sex
6000000003491951760,Anne,F,Q564684,resolved by sex
6000000003491954947,Anne,F,Q564684,resolved by sex
6000000003491982494,Anne,F,Q564684,resolved by sex
6000000003491982649,Anne,F,Q564684,resolved by sex
6000000003491982659,Anne,F,Q564684,resolved by sex
6000000003491986072,Anne,F,Q564684,resolved by sex
6000000003491986077,Anne,F,Q564684,resolved by sex
6000000003491986741,Anne,F,Q564684,resolved by sex
6000000003491990421,Anne,F,Q564684,resolved by sex
6000000003491992266,Anne,F,Q564684,resolved by sex
6000000003491992451,Anne,F,Q564684,resolved by sex
6000000003492015971,Anne,F,Q564684,resolved by sex
6000000003492021445,Anne,F,Q564684,resolved by sex
6000000003492022577,Anne,F,Q564684,resolved by sex
6000000003492031157,Anne,F,Q564684,resolved by sex
6000000003492068175,Anne,F,Q564684,resolved by sex
6000000003492072096,Anne,F,Q564684,resolved by sex
6000000003492074226,Anne,F,Q564684,resolved by sex
6000000003492089314,Anne,F,Q564684,resolved by sex
6000000003492095636,Anne,F,Q564684,resolved by sex
6000000003493396080,Anne,F,Q564684,resolved by sex
6000000003493659224,Anne,F,Q564684,resolved by sex
6000000003500447479,Anne,F,Q564684,resolved by sex
6000000003500447479,Anne,F,Q564684,resolved by sex
6000000003510757813,Anne,F,Q564684,resolved by sex
6000000003513970899,Anne,F,Q564684,resolved by sex
6000000003525475734,Anne,F,Q564684,resolved by sex
6000000003525486537,Anne,F,Q564684,resolved by sex
6000000003530180185,Anne,F,Q564684,resolved by sex
6000000003539492105,Anne,F,Q564684,resolved by sex
6000000003546515230,Anne,F,Q564684,resolved by sex
6000000003546721502,Anne,F,Q564684,resolved by sex
6000000003554253260,Anne,F,Q564684,resolved by sex
6000000003556154111,Anne,F,Q564684,resolved by sex
6000000003558616449,Anne,F,Q564684,resolved by sex
6000000003569922135,Anne,F,Q564684,resolved by sex
6000000003571567838,Anne,F,Q564684,resolved by sex
6000000003577072900,Anne,F,Q564684,resolved by sex
6000000003590145956,Anne,F,Q564684,resolved by sex
6000000003604666962,Anne,F,Q564684,resolved by sex
6000000003617102545,Anne,F,Q564684,resolved by sex
6000000003636924162,Anne,F,Q564684,resolved by sex
6000000003645806289,Anne,F,Q564684,resolved by sex
6000000003645806289,Anne,F,Q564684,resolved by sex
6000000003645929249,Anne,F,Q564684,resolved by sex
6000000003645940761,Anne,F,Q564684,resolved by sex
6000000003645966015,Anne,F,Q564684,resolved by sex
6000000003649701667,Anne,F,Q564684,resolved by sex
6000000003649705772,Anne,F,Q564684,resolved by sex
6000000003649778878,Anne,F,Q564684,resolved by sex
6000000003681364639,Anne,F,Q564684,resolved by sex
6000000003700830034,Anne,F,Q564684,resolved by sex
6000000003714576466,Anne,F,Q564684,resolved by sex
6000000003747954837,Anne,F,Q564684,resolved by sex
6000000003768543014,Anne,F,Q564684,resolved by sex
6000000003768573559,Anne,F,Q564684,resolved by sex
6000000003769281793,Anne,F,Q564684,resolved by sex
6000000003791757807,Anne,F,Q564684,resolved by sex
6000000003827191486,Anne,F,Q564684,resolved by sex
6000000003827484851,Anne,F,Q564684,resolved by sex
6000000003827587110,Anne,F,Q564684,resolved by sex
6000000003827599381,Anne,F,Q564684,resolved by sex
6000000003828052827,Anne,F,Q564684,resolved by sex
6000000003828250295,Anne,F,Q564684,resolved by sex
6000000003828425324,Anne,F,Q564684,resolved by sex
6000000003842582208,Anne,F,Q564684,resolved by sex
6000000003853674935,Anne,F,Q564684,resolved by sex
6000000003875689847,Anne,F,Q564684,resolved by sex
6000000003887298051,Anne,F,Q564684,resolved by sex
6000000003890962224,Anne,F,Q564684,resolved by sex
6000000003894397923,Anne,F,Q564684,resolved by sex
6000000003908169132,Anne,F,Q564684,resolved by sex
6000000003911001669,Anne,F,Q564684,resolved by sex
6000000003914650750,Anne,F,Q564684,resolved by sex
6000000003918387026,Anne,F,Q564684,resolved by sex
6000000003937127911,Anne,F,Q564684,resolved by sex
6000000003937220475,Anne,F,Q564684,resolved by sex
6000000003938473733,Anne,F,Q564684,resolved by sex
6000000003942708584,Anne,F,Q564684,resolved by sex
6000000003953879492,Anne,F,Q564684,resolved by sex
6000000003953879492,Anne,F,Q564684,resolved by sex
6000000003982262417,Anne,F,Q564684,resolved by sex
6000000004006705164,Anne,F,Q564684,resolved by sex
6000000004025561989,Anne,F,Q564684,resolved by sex
6000000004025877428,Anne,F,Q564684,resolved by sex
6000000004030014113,Anne,F,Q564684,resolved by sex
6000000004047453918,Anne,F,Q564684,resolved by sex
6000000004058586905,Anne,F,Q564684,resolved by sex
6000000004072478300,Anne,F,Q564684,resolved by sex
6000000004072973134,Anne,F,Q564684,resolved by sex
6000000004073939901,Anne,F,Q564684,resolved by sex
6000000004095292223,Anne,F,Q564684,resolved by sex
6000000004109328842,Anne,F,Q564684,resolved by sex
6000000004122511040,Anne,F,Q564684,resolved by sex
6000000004122613315,Anne,F,Q564684,resolved by sex
6000000004141353598,Anne,F,Q564684,resolved by sex
6000000004151411146,Anne,F,Q564684,resolved by sex
6000000004163010472,Anne,F,Q564684,resolved by sex
6000000004203294082,Anne,F,Q564684,resolved by sex
6000000004214008638,Anne,F,Q564684,resolved by sex
6000000004214008638,Anne,F,Q564684,resolved by sex
6000000004257690708,Anne,F,Q564684,resolved by sex
6000000004262850565,Anne,F,Q564684,resolved by sex
6000000004272706168,Anne,F,Q564684,resolved by sex
6000000004273491722,Anne,F,Q564684,resolved by sex
6000000004308943445,Anne,F,Q564684,resolved by sex
6000000004325734767,Anne,F,Q564684,resolved by sex
6000000004359788494,Anne,F,Q564684,resolved by sex
6000000004361864514,Anne,F,Q564684,resolved by sex
6000000004379119923,Anne,F,Q564684,resolved by sex
6000000004380007899,Anne,F,Q564684,resolved by sex
6000000004533774990,Anne,F,Q564684,resolved by sex
6000000004593868221,Anne,F,Q564684,resolved by sex
6000000004647605698,Anne,F,Q564684,resolved by sex
6000000004647605698,Anne,F,Q564684,resolved by sex
6000000004652111295,Anne,F,Q564684,resolved by sex
6000000004658060346,Anne,F,Q564684,resolved by sex
6000000004658063737,Anne,F,Q564684,resolved by sex
6000000004662181468,Anne,F,Q564684,resolved by sex
6000000004671095491,Anne,F,Q564684,resolved by sex
6000000004831245892,Anne,F,Q564684,resolved by sex
6000000004831618674,Anne,F,Q564684,resolved by sex
6000000004848163441,Anne,F,Q564684,resolved by sex
6000000004868779087,Anne,F,Q564684,resolved by sex
6000000004868865843,Anne,F,Q564684,resolved by sex
6000000004868865843,Anne,F,Q564684,resolved by sex
6000000004868872998,Anne,F,Q564684,resolved by sex
6000000004868902043,Anne,F,Q564684,resolved by sex
6000000004868902270,Anne,F,Q564684,resolved by sex
6000000004868930897,Anne,F,Q564684,resolved by sex
6000000004869064823,Anne,F,Q564684,resolved by sex
6000000004869081733,Anne,F,Q564684,resolved by sex
6000000004879342560,Anne,F,Q564684,resolved by sex
6000000004990885350,Anne,F,Q564684,resolved by sex
6000000005003231687,Anne,F,Q564684,resolved by sex
6000000005049603743,Anne,F,Q564684,resolved by sex
6000000005059323576,Anne,F,Q564684,resolved by sex
6000000005081996023,Anne,F,Q564684,resolved by sex
6000000005082005317,Anne,F,Q564684,resolved by sex
6000000005082234118,Anne,F,Q564684,resolved by sex
6000000005082481553,Anne,F,Q564684,resolved by sex
6000000005082481624,Anne,F,Q564684,resolved by sex
6000000005086064673,Anne,F,Q564684,resolved by sex
6000000005096268982,Anne,F,Q564684,resolved by sex
6000000005096268982,Anne,F,Q564684,resolved by sex
6000000005197665352,Anne,F,Q564684,resolved by sex
6000000005231451070,Anne,F,Q564684,resolved by sex
6000000005383039637,Anne,F,Q564684,resolved by sex
6000000005397319488,Anne,F,Q564684,resolved by sex
6000000005415052440,Anne,F,Q564684,resolved by sex
6000000005415557786,Anne,F,Q564684,resolved by sex
6000000005431361320,Anne,F,Q564684,resolved by sex
6000000005439774464,Anne,F,Q564684,resolved by sex
6000000005441547247,Anne,F,Q564684,resolved by sex
6000000005443654412,Anne,F,Q564684,resolved by sex
6000000005561129127,Anne,F,Q564684,resolved by sex
6000000005598912934,Anne,F,Q564684,resolved by sex
6000000005604108357,Anne,F,Q564684,resolved by sex
6000000005606886741,Anne,F,Q564684,resolved by sex
6000000005606889436,Anne,F,Q564684,resolved by sex
6000000005606889436,Anne,F,Q564684,resolved by sex
6000000005606889965,Anne,F,Q564684,resolved by sex
6000000005607146656,Anne,F,Q564684,resolved by sex
6000000005607282021,Anne,F,Q564684,resolved by sex
6000000005608873220,Anne,F,Q564684,resolved by sex
6000000005608873994,Anne,F,Q564684,resolved by sex
6000000005608884240,Anne,F,Q564684,resolved by sex
6000000005609028163,Anne,F,Q564684,resolved by sex
6000000005609064324,Anne,F,Q564684,resolved by sex
6000000005609141486,Anne,F,Q564684,resolved by sex
6000000005609141852,Anne,F,Q564684,resolved by sex
6000000005609202732,Anne,F,Q564684,resolved by sex
6000000005609223071,Anne,F,Q564684,resolved by sex
6000000005609226595,Anne,F,Q564684,resolved by sex
6000000005609271626,Anne,F,Q564684,resolved by sex
6000000005609398200,Anne,F,Q564684,resolved by sex
6000000005609547544,Anne,F,Q564684,resolved by sex
6000000005609566439,Anne,F,Q564684,resolved by sex
6000000005610268289,Anne,F,Q564684,resolved by sex
6000000005668252321,Anne,F,Q564684,resolved by sex
6000000005738203499,Anne,F,Q564684,resolved by sex
6000000005770694050,Anne,F,Q564684,resolved by sex
6000000005770730397,Anne,F,Q564684,resolved by sex
6000000005965336724,Anne,F,Q564684,resolved by sex
6000000005970359300,Anne,F,Q564684,resolved by sex
6000000006101254730,Anne,F,Q564684,resolved by sex
6000000006101254730,Anne,F,Q564684,resolved by sex
6000000006127705605,Anne,F,Q564684,resolved by sex
6000000006127705605,Anne,F,Q564684,resolved by sex
6000000006128279696,Anne,F,Q564684,resolved by sex
6000000006242748510,Anne,F,Q564684,resolved by sex
6000000006252252989,Anne,F,Q564684,resolved by sex
6000000006263695276,Anne,F,Q564684,resolved by sex
6000000006263982316,Anne,F,Q564684,resolved by sex
6000000006265509050,Anne,F,Q564684,resolved by sex
6000000006265575095,Anne,F,Q564684,resolved by sex
6000000006275517027,Anne,F,Q564684,resolved by sex
6000000006293389685,Anne,F,Q564684,resolved by sex
6000000006295765582,Anne,F,Q564684,resolved by sex
6000000006305374001,Anne,F,Q564684,resolved by sex
6000000006322252002,Anne,F,Q564684,resolved by sex
6000000006330138355,Anne,F,Q564684,resolved by sex
6000000006335707371,Anne,F,Q564684,resolved by sex
6000000006335714831,Anne,F,Q564684,resolved by sex
6000000006347153339,Anne,F,Q564684,resolved by sex
6000000006348953972,Anne,F,Q564684,resolved by sex
6000000006374829890,Anne,F,Q564684,resolved by sex
6000000006409520819,Anne,F,Q564684,resolved by sex
6000000006411131603,Anne,F,Q564684,resolved by sex
6000000006411131603,Anne,F,Q564684,resolved by sex
6000000006435328622,Anne,F,Q564684,resolved by sex
6000000006444068040,Anne,F,Q564684,resolved by sex
6000000006444092484,Anne,F,Q564684,resolved by sex
6000000006444102592,Anne,F,Q564684,resolved by sex
6000000006444128391,Anne,F,Q564684,resolved by sex
6000000006444180267,Anne,F,Q564684,resolved by sex
6000000006444209442,Anne,F,Q564684,resolved by sex
6000000006444211475,Anne,F,Q564684,resolved by sex
6000000006444223230,Anne,F,Q564684,resolved by sex
6000000006444267001,Anne,F,Q564684,resolved by sex
6000000006444295138,Anne,F,Q564684,resolved by sex
6000000006444395689,Anne,F,Q564684,resolved by sex
6000000006444427175,Anne,F,Q564684,resolved by sex
6000000006444455345,Anne,F,Q564684,resolved by sex
6000000006444496080,Anne,F,Q564684,resolved by sex
6000000006444496154,Anne,F,Q564684,resolved by sex
6000000006444521267,Anne,F,Q564684,resolved by sex
6000000006444597054,Anne,F,Q564684,resolved by sex
6000000006444632810,Anne,F,Q564684,resolved by sex
6000000006444635030,Anne,F,Q564684,resolved by sex
6000000006444635072,Anne,F,Q564684,resolved by sex
6000000006444730618,Anne,F,Q564684,resolved by sex
6000000006444735487,Anne,F,Q564684,resolved by sex
6000000006444746021,Anne,F,Q564684,resolved by sex
6000000006444750620,Anne,F,Q564684,resolved by sex
6000000006444764891,Anne,F,Q564684,resolved by sex
6000000006450372970,Anne,F,Q564684,resolved by sex
6000000006450856134,Anne,F,Q564684,resolved by sex
6000000006450856174,Anne,F,Q564684,resolved by sex
6000000006514420009,Anne,F,Q564684,resolved by sex
6000000006566838899,Anne,F,Q564684,resolved by sex
6000000006568236028,Anne,F,Q564684,resolved by sex
6000000006572488279,Anne,F,Q564684,resolved by sex
6000000006573130057,Anne,F,Q564684,resolved by sex
6000000006573616839,Anne,F,Q564684,resolved by sex
6000000006582372558,Anne,F,Q564684,resolved by sex
6000000006603861481,Anne,F,Q564684,resolved by sex
6000000006713169622,Anne,F,Q564684,resolved by sex
6000000006727753042,Anne,F,Q564684,resolved by sex
6000000006727832775,Anne,F,Q564684,resolved by sex
6000000006783123081,Anne,F,Q564684,resolved by sex
6000000006801769294,Anne,F,Q564684,resolved by sex
6000000006809813723,Anne,F,Q564684,resolved by sex
6000000006809813723,Anne,F,Q564684,resolved by sex
6000000006821562816,Anne,F,Q564684,resolved by sex
6000000006867815156,Anne,F,Q564684,resolved by sex
6000000006870125218,Anne,F,Q564684,resolved by sex
6000000006898655113,Anne,F,Q564684,resolved by sex
6000000006906876566,Anne,F,Q564684,resolved by sex
6000000006910675796,Anne,F,Q564684,resolved by sex
6000000006926316738,Anne,F,Q564684,resolved by sex
6000000006977267715,Anne,F,Q564684,resolved by sex
6000000007031747629,Anne,F,Q564684,resolved by sex
6000000007057497015,Anne,F,Q564684,resolved by sex
6000000007090475231,Anne,F,Q564684,resolved by sex
6000000007090475231,Anne,F,Q564684,resolved by sex
6000000007138143760,Anne,F,Q564684,resolved by sex
6000000007178178495,Anne,F,Q564684,resolved by sex
6000000007178268322,Anne,F,Q564684,resolved by sex
6000000007179405499,Anne,F,Q564684,resolved by sex
6000000007179429050,Anne,F,Q564684,resolved by sex
6000000007208263243,Anne,F,Q564684,resolved by sex
6000000007209699229,Anne,F,Q564684,resolved by sex
6000000007223229307,Anne,F,Q564684,resolved by sex
6000000007231960600,Anne,F,Q564684,resolved by sex
6000000007263620574,Anne,F,Q564684,resolved by sex
6000000007263792250,Anne,F,Q564684,resolved by sex
6000000007264773181,Anne,F,Q564684,resolved by sex
6000000007271449854,Anne,F,Q564684,resolved by sex
6000000007271624510,Anne,F,Q564684,resolved by sex
6000000007273063289,Anne,F,Q564684,resolved by sex
6000000007286881742,Anne,F,Q564684,resolved by sex
6000000007287660677,Anne,F,Q564684,resolved by sex
6000000007297037866,Anne,F,Q564684,resolved by sex
6000000007302842416,Anne,F,Q564684,resolved by sex
6000000007304521796,Anne,F,Q564684,resolved by sex
6000000007321164703,Anne,F,Q564684,resolved by sex
6000000007351135463,Anne,F,Q564684,resolved by sex
6000000007361285787,Anne,F,Q564684,resolved by sex
6000000007385420123,Anne,F,Q564684,resolved by sex
6000000007393153510,Anne,F,Q564684,resolved by sex
6000000007404085354,Anne,F,Q564684,resolved by sex
6000000007404085354,Anne,F,Q564684,resolved by sex
6000000007404085354,Anne,F,Q564684,resolved by sex
6000000007411181776,Anne,F,Q564684,resolved by sex
6000000007417272304,Anne,F,Q564684,resolved by sex
6000000007434282506,Anne,F,Q564684,resolved by sex
6000000007440432334,Anne,F,Q564684,resolved by sex
6000000007442913001,Anne,F,Q564684,resolved by sex
6000000007442990083,Anne,F,Q564684,resolved by sex
6000000007468488527,Anne,F,Q564684,resolved by sex
6000000007470836225,Anne,F,Q564684,resolved by sex
6000000007488277686,Anne,F,Q564684,resolved by sex
6000000007488277686,Anne,F,Q564684,resolved by sex
6000000007488385674,Anne,F,Q564684,resolved by sex
6000000007509817064,Anne,F,Q564684,resolved by sex
6000000007519012744,Anne,F,Q564684,resolved by sex
6000000007549531991,Anne,F,Q564684,resolved by sex
6000000007550726311,Anne,F,Q564684,resolved by sex
6000000007560402329,Anne,F,Q564684,resolved by sex
6000000007561522124,Anne,F,Q564684,resolved by sex
6000000007568505915,Anne,F,Q564684,resolved by sex
6000000007571157667,Anne,F,Q564684,resolved by sex
6000000007572505428,Anne,F,Q564684,resolved by sex
6000000007588187626,Anne,F,Q564684,resolved by sex
6000000007600602232,Anne,F,Q564684,resolved by sex
6000000007601967566,Anne,F,Q564684,resolved by sex
6000000007603613883,Anne,F,Q564684,resolved by sex
6000000007604424897,Anne,F,Q564684,resolved by sex
6000000007604473546,Anne,F,Q564684,resolved by sex
6000000007604749480,Anne,F,Q564684,resolved by sex
6000000007605160961,Anne,F,Q564684,resolved by sex
6000000007606420390,Anne,F,Q564684,resolved by sex
6000000007615427306,Anne,F,Q564684,resolved by sex
6000000007622610295,Anne,F,Q564684,resolved by sex
6000000007631111339,Anne,F,Q564684,resolved by sex
6000000007632957672,Anne,F,Q564684,resolved by sex
6000000007661155686,Anne,F,Q564684,resolved by sex
6000000007661889170,Anne,F,Q564684,resolved by sex
6000000007662156555,Anne,F,Q564684,resolved by sex
6000000007672458259,Anne,F,Q564684,resolved by sex
6000000007691487620,Anne,F,Q564684,resolved by sex
6000000007692282242,Anne,F,Q564684,resolved by sex
6000000007692282242,Anne,F,Q564684,resolved by sex
6000000007704763507,Anne,F,Q564684,resolved by sex
6000000007704763507,Anne,F,Q564684,resolved by sex
6000000007710170743,Anne,F,Q564684,resolved by sex
6000000007738586585,Anne,F,Q564684,resolved by sex
6000000007744542934,Anne,F,Q564684,resolved by sex
6000000007755193271,Anne,F,Q564684,resolved by sex
6000000007775277510,Anne,F,Q564684,resolved by sex
6000000007775277510,Anne,F,Q564684,resolved by sex
6000000007776554627,Anne,F,Q564684,resolved by sex
6000000007777269734,Anne,F,Q564684,resolved by sex
6000000007822279572,Anne,F,Q564684,resolved by sex
6000000007836779940,Anne,F,Q564684,resolved by sex
6000000007837059817,Anne,F,Q564684,resolved by sex
6000000007837059817,Anne,F,Q564684,resolved by sex
6000000007846669141,Anne,F,Q564684,resolved by sex
6000000007858698074,Anne,F,Q564684,resolved by sex
6000000007883781411,Anne,F,Q564684,resolved by sex
6000000007891573712,Anne,F,Q564684,resolved by sex
6000000007896973377,Anne,F,Q564684,resolved by sex
6000000007898101308,Anne,F,Q564684,resolved by sex
6000000007898172490,Anne,F,Q564684,resolved by sex
6000000007934710257,Anne,F,Q564684,resolved by sex
6000000007966807437,Anne,F,Q564684,resolved by sex
6000000007978198523,Anne,F,Q564684,resolved by sex
6000000007980389860,Anne,F,Q564684,resolved by sex
6000000007980466724,Anne,F,Q564684,resolved by sex
6000000007980487400,Anne,F,Q564684,resolved by sex
6000000007980487773,Anne,F,Q564684,resolved by sex
6000000007980604414,Anne,F,Q564684,resolved by sex
6000000007980604414,Anne,F,Q564684,resolved by sex
6000000007980604414,Anne,F,Q564684,resolved by sex
6000000007980760575,Anne,F,Q564684,resolved by sex
6000000007980761166,Anne,F,Q564684,resolved by sex
6000000007980773941,Anne,F,Q564684,resolved by sex
6000000007980816009,Anne,F,Q564684,resolved by sex
6000000007980816009,Anne,F,Q564684,resolved by sex
6000000007980958195,Anne,F,Q564684,resolved by sex
6000000007980970408,Anne,F,Q564684,resolved by sex
6000000007981009299,Anne,F,Q564684,resolved by sex
6000000007981010008,Anne,F,Q564684,resolved by sex
6000000007986131606,Anne,F,Q564684,resolved by sex
6000000008035329798,Anne,F,Q564684,resolved by sex
6000000008063253054,Anne,F,Q564684,resolved by sex
6000000008063253108,Anne,F,Q564684,resolved by sex
6000000008098991218,Anne,F,Q564684,resolved by sex
6000000008127846490,Anne,F,Q564684,resolved by sex
6000000008136401145,Anne,F,Q564684,resolved by sex
6000000008143444781,Anne,F,Q564684,resolved by sex
6000000008143588443,Anne,F,Q564684,resolved by sex
6000000008145276372,Anne,F,Q564684,resolved by sex
6000000008145276372,Anne,F,Q564684,resolved by sex
6000000008145276372,Anne,F,Q564684,resolved by sex
6000000008149293384,Anne,F,Q564684,resolved by sex
6000000008153092325,Anne,F,Q564684,resolved by sex
6000000008154848800,Anne,F,Q564684,resolved by sex
6000000008169196786,Anne,F,Q564684,resolved by sex
6000000008173368724,Anne,F,Q564684,resolved by sex
6000000008197573571,Anne,F,Q564684,resolved by sex
6000000008235715155,Anne,F,Q564684,resolved by sex
6000000008241972261,Anne,F,Q564684,resolved by sex
6000000008248262817,Anne,F,Q564684,resolved by sex
6000000008248294837,Anne,F,Q564684,resolved by sex
6000000008260351927,Anne,F,Q564684,resolved by sex
6000000008260351927,Anne,F,Q564684,resolved by sex
6000000008260450812,Anne,F,Q564684,resolved by sex
6000000008260486193,Anne,F,Q564684,resolved by sex
6000000008265730495,Anne,F,Q564684,resolved by sex
6000000008289473904,Anne,F,Q564684,resolved by sex
6000000008302007337,Anne,F,Q564684,resolved by sex
6000000008322419990,Anne,F,Q564684,resolved by sex
6000000008339691239,Anne,F,Q564684,resolved by sex
6000000008339699309,Anne,F,Q564684,resolved by sex
6000000008340297348,Anne,F,Q564684,resolved by sex
6000000008368969269,Anne,F,Q564684,resolved by sex
6000000008368969269,Anne,F,Q564684,resolved by sex
6000000008379733634,Anne,F,Q564684,resolved by sex
6000000008394120993,Anne,F,Q564684,resolved by sex
6000000008403043600,Anne,F,Q564684,resolved by sex
6000000008498598899,Anne,F,Q564684,resolved by sex
6000000008530323515,Anne,F,Q564684,resolved by sex
6000000008531782515,Anne,F,Q564684,resolved by sex
6000000008532795970,Anne,F,Q564684,resolved by sex
6000000008552212549,Anne,F,Q564684,resolved by sex
6000000008568086536,Anne,F,Q564684,resolved by sex
6000000008593407805,Anne,F,Q564684,resolved by sex
6000000008594194644,Anne,F,Q564684,resolved by sex
6000000008594914903,Anne,F,Q564684,resolved by sex
6000000008598393632,Anne,F,Q564684,resolved by sex
6000000008607142320,Anne,F,Q564684,resolved by sex
6000000008610831314,Anne,F,Q564684,resolved by sex
6000000008610831314,Anne,F,Q564684,resolved by sex
6000000008630690812,Anne,F,Q564684,resolved by sex
6000000008630701884,Anne,F,Q564684,resolved by sex
6000000008630790179,Anne,F,Q564684,resolved by sex
6000000008630860947,Anne,F,Q564684,resolved by sex
6000000008642393795,Anne,F,Q564684,resolved by sex
6000000008649407306,Anne,F,Q564684,resolved by sex
6000000008657952328,Anne,F,Q564684,resolved by sex
6000000008662385596,Anne,F,Q564684,resolved by sex
6000000008676123945,Anne,F,Q564684,resolved by sex
6000000008685161930,Anne,F,Q564684,resolved by sex
6000000008685187242,Anne,F,Q564684,resolved by sex
6000000008685840391,Anne,F,Q564684,resolved by sex
6000000008708234185,Anne,F,Q564684,resolved by sex
6000000008708234185,Anne,F,Q564684,resolved by sex
6000000008723902734,Anne,F,Q564684,resolved by sex
6000000008743737329,Anne,F,Q564684,resolved by sex
6000000008750606462,Anne,F,Q564684,resolved by sex
6000000008781631218,Anne,F,Q564684,resolved by sex
6000000008952768629,Anne,F,Q564684,resolved by sex
6000000008997942659,Anne,F,Q564684,resolved by sex
6000000008998038739,Anne,F,Q564684,resolved by sex
6000000009055290381,Anne,F,Q564684,resolved by sex
6000000009061324498,Anne,F,Q564684,resolved by sex
6000000009108956602,Anne,F,Q564684,resolved by sex
6000000009131224264,Anne,F,Q564684,resolved by sex
6000000009134297156,Anne,F,Q564684,resolved by sex
6000000009137302412,Anne,F,Q564684,resolved by sex
6000000009208674225,Anne,F,Q564684,resolved by sex
6000000009304893577,Anne,F,Q564684,resolved by sex
6000000009304961711,Anne,F,Q564684,resolved by sex
6000000009304996264,Anne,F,Q564684,resolved by sex
6000000009305154740,Anne,F,Q564684,resolved by sex
6000000009305166863,Anne,F,Q564684,resolved by sex
6000000009326546903,Anne,F,Q564684,resolved by sex
6000000009332942503,Anne,F,Q564684,resolved by sex
6000000009396660756,Anne,F,Q564684,resolved by sex
6000000009396791004,Anne,F,Q564684,resolved by sex
6000000009396793182,Anne,F,Q564684,resolved by sex
6000000009397734706,Anne,F,Q564684,resolved by sex
6000000009421061987,Anne,F,Q564684,resolved by sex
6000000009421437997,Anne,F,Q564684,resolved by sex
6000000009449714397,Anne,F,Q564684,resolved by sex
6000000009449887077,Anne,F,Q564684,resolved by sex
6000000009468611744,Anne,F,Q564684,resolved by sex
6000000009514299149,Anne,F,Q564684,resolved by sex
6000000009514299149,Anne,F,Q564684,resolved by sex
6000000009514795760,Anne,F,Q564684,resolved by sex
6000000009522857056,Anne,F,Q564684,resolved by sex
6000000009561526758,Anne,F,Q564684,resolved by sex
6000000009590647245,Anne,F,Q564684,resolved by sex
6000000009636041313,Anne,F,Q564684,resolved by sex
6000000009636587329,Anne,F,Q564684,resolved by sex
6000000009663521391,Anne,F,Q564684,resolved by sex
6000000009666513472,Anne,F,Q564684,resolved by sex
6000000009697920527,Anne,F,Q564684,resolved by sex
6000000009710271481,Anne,F,Q564684,resolved by sex
6000000009753709169,Anne,F,Q564684,resolved by sex
6000000009839104043,Anne,F,Q564684,resolved by sex
6000000009844921480,Anne,F,Q564684,resolved by sex
6000000009888931286,Anne,F,Q564684,resolved by sex
6000000009900663483,Anne,F,Q564684,resolved by sex
6000000009905004566,Anne,F,Q564684,resolved by sex
6000000009905795951,Anne,F,Q564684,resolved by sex
6000000009919432366,Anne,F,Q564684,resolved by sex
6000000010028937977,Anne,F,Q564684,resolved by sex
6000000010049004659,Anne,F,Q564684,resolved by sex
6000000010049004659,Anne,F,Q564684,resolved by sex
6000000010088129911,Anne,F,Q564684,resolved by sex
6000000010131544160,Anne,F,Q564684,resolved by sex
6000000010132223205,Anne,F,Q564684,resolved by sex
6000000010143054374,Anne,F,Q564684,resolved by sex
6000000010154548373,Anne,F,Q564684,resolved by sex
6000000010161774848,Anne,F,Q564684,resolved by sex
6000000010190240293,Anne,F,Q564684,resolved by sex
6000000010281729810,Anne,F,Q564684,resolved by sex
6000000010293065791,Anne,F,Q564684,resolved by sex
6000000010293316222,Anne,F,Q564684,resolved by sex
6000000010320427850,Anne,F,Q564684,resolved by sex
6000000010381202873,Anne,F,Q564684,resolved by sex
6000000010391005553,Anne,F,Q564684,resolved by sex
6000000010422271663,Anne,F,Q564684,resolved by sex
6000000010440563921,Anne,F,Q564684,resolved by sex
6000000010469635101,Anne,F,Q564684,resolved by sex
6000000010476912214,Anne,F,Q564684,resolved by sex
6000000010490247685,Anne,F,Q564684,resolved by sex
6000000010507082283,Anne,F,Q564684,resolved by sex
6000000010529462817,Anne,F,Q564684,resolved by sex
6000000010531276618,Anne,F,Q564684,resolved by sex
6000000010531276618,Anne,F,Q564684,resolved by sex
6000000010554169569,Anne,F,Q564684,resolved by sex
6000000010555729586,Anne,F,Q564684,resolved by sex
6000000010582032363,Anne,F,Q564684,resolved by sex
6000000010589414965,Anne,F,Q564684,resolved by sex
6000000010599845099,Anne,F,Q564684,resolved by sex
6000000010600181700,Anne,F,Q564684,resolved by sex
6000000010619673219,Anne,F,Q564684,resolved by sex
6000000010685650560,Anne,F,Q564684,resolved by sex
6000000010693046257,Anne,F,Q564684,resolved by sex
6000000010695952543,Anne,F,Q564684,resolved by sex
6000000010724032748,Anne,F,Q564684,resolved by sex
6000000010737748736,Anne,F,Q564684,resolved by sex
6000000010739988751,Anne,F,Q564684,resolved by sex
6000000010745869688,Anne,F,Q564684,resolved by sex
6000000010801561466,Anne,F,Q564684,resolved by sex
6000000010810235197,Anne,F,Q564684,resolved by sex
6000000010869716821,Anne,F,Q564684,resolved by sex
6000000010869726544,Anne,F,Q564684,resolved by sex
6000000010876425125,Anne,F,Q564684,resolved by sex
6000000010876490766,Anne,F,Q564684,resolved by sex
6000000010897239949,Anne,F,Q564684,resolved by sex
6000000010933930120,Anne,F,Q564684,resolved by sex
6000000010953172353,Anne,F,Q564684,resolved by sex
6000000010986339584,Anne,F,Q564684,resolved by sex
6000000011014794375,Anne,F,Q564684,resolved by sex
6000000011055248577,Anne,F,Q564684,resolved by sex
6000000011056157970,Anne,F,Q564684,resolved by sex
6000000011088044226,Anne,F,Q564684,resolved by sex
6000000011089923843,Anne,F,Q564684,resolved by sex
6000000011161585389,Anne,F,Q564684,resolved by sex
6000000011195715193,Anne,F,Q564684,resolved by sex
6000000011195715193,Anne,F,Q564684,resolved by sex
6000000011252381037,Anne,F,Q564684,resolved by sex
6000000011263126261,Anne,F,Q564684,resolved by sex
6000000011267380951,Anne,F,Q564684,resolved by sex
6000000011279747180,Anne,F,Q564684,resolved by sex
6000000011298007085,Anne,F,Q564684,resolved by sex
6000000011298120700,Anne,F,Q564684,resolved by sex
6000000011328716828,Anne,F,Q564684,resolved by sex
6000000011330303197,Anne,F,Q564684,resolved by sex
6000000011331002991,Anne,F,Q564684,resolved by sex
6000000011347252606,Anne,F,Q564684,resolved by sex
6000000011347252606,Anne,F,Q564684,resolved by sex
6000000011347288904,Anne,F,Q564684,resolved by sex
6000000011350160553,Anne,F,Q564684,resolved by sex
6000000011351810773,Anne,F,Q564684,resolved by sex
6000000011354982416,Anne,F,Q564684,resolved by sex
6000000011355093257,Anne,F,Q564684,resolved by sex
6000000011355093257,Anne,F,Q564684,resolved by sex
6000000011367762109,Anne,F,Q564684,resolved by sex
6000000011389721339,Anne,F,Q564684,resolved by sex
6000000011424890880,Anne,F,Q564684,resolved by sex
6000000011457233875,Anne,F,Q564684,resolved by sex
6000000011470447042,Anne,F,Q564684,resolved by sex
6000000011480918759,Anne,F,Q564684,resolved by sex
6000000011493978202,Anne,F,Q564684,resolved by sex
6000000011516131438,Anne,F,Q564684,resolved by sex
6000000011524556188,Anne,F,Q564684,resolved by sex
6000000011525465975,Anne,F,Q564684,resolved by sex
6000000011525528254,Anne,F,Q564684,resolved by sex
6000000011541075413,Anne,F,Q564684,resolved by sex
6000000011570134635,Anne,F,Q564684,resolved by sex
6000000011589349861,Anne,F,Q564684,resolved by sex
6000000011622104312,Anne,F,Q564684,resolved by sex
6000000011622835623,Anne,F,Q564684,resolved by sex
6000000011624281947,Anne,F,Q564684,resolved by sex
6000000011628427795,Anne,F,Q564684,resolved by sex
6000000011661609238,Anne,F,Q564684,resolved by sex
6000000011683920409,Anne,F,Q564684,resolved by sex
6000000011685588214,Anne,F,Q564684,resolved by sex
6000000011703633768,Anne,F,Q564684,resolved by sex
6000000011711846495,Anne,F,Q564684,resolved by sex
6000000011863902441,Anne,F,Q564684,resolved by sex
6000000011873933065,Anne,F,Q564684,resolved by sex
6000000011874159995,Anne,F,Q564684,resolved by sex
6000000011876313051,Anne,F,Q564684,resolved by sex
6000000011876568899,Anne,F,Q564684,resolved by sex
6000000011881856647,Anne,F,Q564684,resolved by sex
6000000011883775678,Anne,F,Q564684,resolved by sex
6000000011894544905,Anne,F,Q564684,resolved by sex
6000000011894685295,Anne,F,Q564684,resolved by sex
6000000011894828200,Anne,F,Q564684,resolved by sex
6000000011909957390,Anne,F,Q564684,resolved by sex
6000000011965549608,Anne,F,Q564684,resolved by sex
6000000012011726656,Anne,F,Q564684,resolved by sex
6000000012061668718,Anne,F,Q564684,resolved by sex
6000000012063988707,Anne,F,Q564684,resolved by sex
6000000012066007500,Anne,F,Q564684,resolved by sex
6000000012075859751,Anne,F,Q564684,resolved by sex
6000000012075931611,Anne,F,Q564684,resolved by sex
6000000012135372612,Anne,F,Q564684,resolved by sex
6000000012138005099,Anne,F,Q564684,resolved by sex
6000000012185887181,Anne,F,Q564684,resolved by sex
6000000012192545444,Anne,F,Q564684,resolved by sex
6000000012199296786,Anne,F,Q564684,resolved by sex
6000000012227204998,Anne,F,Q564684,resolved by sex
6000000012333654279,Anne,F,Q564684,resolved by sex
6000000012333733293,Anne,F,Q564684,resolved by sex
6000000012408674841,Anne,F,Q564684,resolved by sex
6000000012420411356,Anne,F,Q564684,resolved by sex
6000000012454826536,Anne,F,Q564684,resolved by sex
6000000012549180761,Anne,F,Q564684,resolved by sex
6000000012576532326,Anne,F,Q564684,resolved by sex
6000000012579822533,Anne,F,Q564684,resolved by sex
6000000012579822533,Anne,F,Q564684,resolved by sex
6000000012580954303,Anne,F,Q564684,resolved by sex
6000000012588322357,Anne,F,Q564684,resolved by sex
6000000012588322357,Anne,F,Q564684,resolved by sex
6000000012602095801,Anne,F,Q564684,resolved by sex
6000000012602095811,Anne,F,Q564684,resolved by sex
6000000012618109479,Anne,F,Q564684,resolved by sex
6000000012625575281,Anne,F,Q564684,resolved by sex
6000000012634886413,Anne,F,Q564684,resolved by sex
6000000012653734976,Anne,F,Q564684,resolved by sex
6000000012673077724,Anne,F,Q564684,resolved by sex
6000000012695655261,Anne,F,Q564684,resolved by sex
6000000012708695838,Anne,F,Q564684,resolved by sex
6000000012710754392,Anne,F,Q564684,resolved by sex
6000000012711219331,Anne,F,Q564684,resolved by sex
6000000012717221860,Anne,F,Q564684,resolved by sex
6000000012732827296,Anne,F,Q564684,resolved by sex
6000000012744128242,Anne,F,Q564684,resolved by sex
6000000012763173866,Anne,F,Q564684,resolved by sex
6000000012775457348,Anne,F,Q564684,resolved by sex
6000000012779871569,Anne,F,Q564684,resolved by sex
6000000012815860733,Anne,F,Q564684,resolved by sex
6000000012837491394,Anne,F,Q564684,resolved by sex
6000000012838429122,Anne,F,Q564684,resolved by sex
6000000012871712969,Anne,F,Q564684,resolved by sex
6000000012900629638,Anne,F,Q564684,resolved by sex
6000000012901478885,Anne,F,Q564684,resolved by sex
6000000012901523651,Anne,F,Q564684,resolved by sex
6000000012901563554,Anne,F,Q564684,resolved by sex
6000000012915613476,Anne,F,Q564684,resolved by sex
6000000013130860749,Anne,F,Q564684,resolved by sex
6000000013181827239,Anne,F,Q564684,resolved by sex
6000000013187585233,Anne,F,Q564684,resolved by sex
6000000013198732487,Anne,F,Q564684,resolved by sex
6000000013214323447,Anne,F,Q564684,resolved by sex
6000000013214374548,Anne,F,Q564684,resolved by sex
6000000013247381622,Anne,F,Q564684,resolved by sex
6000000013248506067,Anne,F,Q564684,resolved by sex
6000000013312647209,Anne,F,Q564684,resolved by sex
6000000013330680231,Anne,F,Q564684,resolved by sex
6000000013331519222,Anne,F,Q564684,resolved by sex
6000000013343296566,Anne,F,Q564684,resolved by sex
6000000013365930593,Anne,F,Q564684,resolved by sex
6000000013406790844,Anne,F,Q564684,resolved by sex
6000000013424688918,Anne,F,Q564684,resolved by sex
6000000013503854448,Anne,F,Q564684,resolved by sex
6000000013535525298,Anne,F,Q564684,resolved by sex
6000000013581590668,Anne,F,Q564684,resolved by sex
6000000013588935986,Anne,F,Q564684,resolved by sex
6000000013655820316,Anne,F,Q564684,resolved by sex
6000000013670739707,Anne,F,Q564684,resolved by sex
6000000013705494272,Anne,F,Q564684,resolved by sex
6000000013924532368,Anne,F,Q564684,resolved by sex
6000000013949753530,Anne,F,Q564684,resolved by sex
6000000014041758036,Anne,F,Q564684,resolved by sex
6000000014041758036,Anne,F,Q564684,resolved by sex
6000000014045212444,Anne,F,Q564684,resolved by sex
6000000014081598360,Anne,F,Q564684,resolved by sex
6000000014095003952,Anne,F,Q564684,resolved by sex
6000000014098966878,Anne,F,Q564684,resolved by sex
6000000014113477910,Anne,F,Q564684,resolved by sex
6000000014123931660,Anne,F,Q564684,resolved by sex
6000000014125813261,Anne,F,Q564684,resolved by sex
6000000014126212524,Anne,F,Q564684,resolved by sex
6000000014126321681,Anne,F,Q564684,resolved by sex
6000000014128853114,Anne,F,Q564684,resolved by sex
6000000014149840912,Anne,F,Q564684,resolved by sex
6000000014162368732,Anne,F,Q564684,resolved by sex
6000000014162764981,Anne,F,Q564684,resolved by sex
6000000014162853256,Anne,F,Q564684,resolved by sex
6000000014163148287,Anne,F,Q564684,resolved by sex
6000000014210969702,Anne,F,Q564684,resolved by sex
6000000014212036458,Anne,F,Q564684,resolved by sex
6000000014212051558,Anne,F,Q564684,resolved by sex
6000000014212359985,Anne,F,Q564684,resolved by sex
6000000014212439209,Anne,F,Q564684,resolved by sex
6000000014279904528,Anne,F,Q564684,resolved by sex
6000000014282682176,Anne,F,Q564684,resolved by sex
6000000014295029224,Anne,M,Q47860848,resolved by sex
6000000014295289536,Anne,F,Q564684,resolved by sex
6000000014334503121,Anne,F,Q564684,resolved by sex
6000000014394123083,Anne,F,Q564684,resolved by sex
6000000014395984363,Anne,F,Q564684,resolved by sex
6000000014423750376,Anne,F,Q564684,resolved by sex
6000000014514763715,Anne,F,Q564684,resolved by sex
6000000014523157656,Anne,F,Q564684,resolved by sex
6000000014531183872,Anne,F,Q564684,resolved by sex
6000000014667368143,Anne,F,Q564684,resolved by sex
6000000014678430102,Anne,F,Q564684,resolved by sex
6000000014685007072,Anne,F,Q564684,resolved by sex
6000000014699482079,Anne,F,Q564684,resolved by sex
6000000014705536151,Anne,F,Q564684,resolved by sex
6000000014711572318,Anne,F,Q564684,resolved by sex
6000000014712065089,Anne,F,Q564684,resolved by sex
6000000014713871470,Anne,F,Q564684,resolved by sex
6000000014714017435,Anne,F,Q564684,resolved by sex
6000000014761964283,Anne,F,Q564684,resolved by sex
6000000014763149524,Anne,F,Q564684,resolved by sex
6000000014794016346,Anne,F,Q564684,resolved by sex
6000000014797275388,Anne,F,Q564684,resolved by sex
6000000014804488808,Anne,F,Q564684,resolved by sex
6000000014814638648,Anne,F,Q564684,resolved by sex
6000000014815260943,Anne,F,Q564684,resolved by sex
6000000014815392256,Anne,F,Q564684,resolved by sex
6000000014815720831,Anne,F,Q564684,resolved by sex
6000000014815805681,Anne,F,Q564684,resolved by sex
6000000014815928920,Anne,F,Q564684,resolved by sex
6000000014816041869,Anne,F,Q564684,resolved by sex
6000000014834148128,Anne,F,Q564684,resolved by sex
6000000014856612180,Anne,F,Q564684,resolved by sex
6000000014864743134,Anne,F,Q564684,resolved by sex
6000000014880426992,Anne,F,Q564684,resolved by sex
6000000014921519903,Anne,F,Q564684,resolved by sex
6000000014922036252,Anne,F,Q564684,resolved by sex
6000000014929060725,Anne,F,Q564684,resolved by sex
6000000015017385233,Anne,F,Q564684,resolved by sex
6000000015038653314,Anne,F,Q564684,resolved by sex
6000000015109208026,Anne,F,Q564684,resolved by sex
6000000015110133792,Anne,F,Q564684,resolved by sex
6000000015132142656,Anne,F,Q564684,resolved by sex
6000000015143856111,Anne,F,Q564684,resolved by sex
6000000015147610195,Anne,F,Q564684,resolved by sex
6000000015156710325,Anne,F,Q564684,resolved by sex
6000000015156996069,Anne,F,Q564684,resolved by sex
6000000015159990381,Anne,F,Q564684,resolved by sex
6000000015180477953,Anne,F,Q564684,resolved by sex
6000000015191455006,Anne,F,Q564684,resolved by sex
6000000015209935151,Anne,F,Q564684,resolved by sex
6000000015216766877,Anne,F,Q564684,resolved by sex
6000000015252616416,Anne,F,Q564684,resolved by sex
6000000015264955974,Anne,F,Q564684,resolved by sex
6000000015290886905,Anne,F,Q564684,resolved by sex
6000000015352598515,Anne,F,Q564684,resolved by sex
6000000015397023484,Anne,F,Q564684,resolved by sex
6000000015433411580,Anne,F,Q564684,resolved by sex
6000000015435664137,Anne,F,Q564684,resolved by sex
6000000015440178074,Anne,F,Q564684,resolved by sex
6000000015444344788,Anne,F,Q564684,resolved by sex
6000000015447268676,Anne,F,Q564684,resolved by sex
6000000015453012138,Anne,F,Q564684,resolved by sex
6000000015501228537,Anne,F,Q564684,resolved by sex
6000000015501989673,Anne,F,Q564684,resolved by sex
6000000015508184699,Anne,F,Q564684,resolved by sex
6000000015527536169,Anne,F,Q564684,resolved by sex
6000000015528291450,Anne,F,Q564684,resolved by sex
6000000015542466214,Anne,F,Q564684,resolved by sex
6000000015549720290,Anne,F,Q564684,resolved by sex
6000000015556985725,Anne,F,Q564684,resolved by sex
6000000015557321023,Anne,F,Q564684,resolved by sex
6000000015565810372,Anne,F,Q564684,resolved by sex
6000000015565940855,Anne,F,Q564684,resolved by sex
6000000015579528106,Anne,F,Q564684,resolved by sex
6000000015598121130,Anne,F,Q564684,resolved by sex
6000000015603051584,Anne,F,Q564684,resolved by sex
6000000015617035827,Anne,F,Q564684,resolved by sex
6000000015681783006,Anne,F,Q564684,resolved by sex
6000000015695166491,Anne,F,Q564684,resolved by sex
6000000015695166491,Anne,F,Q564684,resolved by sex
6000000015715709687,Anne,F,Q564684,resolved by sex
6000000015746939646,Anne,F,Q564684,resolved by sex
6000000015748591119,Anne,F,Q564684,resolved by sex
6000000015748610834,Anne,F,Q564684,resolved by sex
6000000015775372634,Anne,F,Q564684,resolved by sex
6000000015797773417,Anne,F,Q564684,resolved by sex
6000000015817934334,Anne,F,Q564684,resolved by sex
6000000015818565035,Anne,F,Q564684,resolved by sex
6000000015841147391,Anne,F,Q564684,resolved by sex
6000000015882186785,Anne,F,Q564684,resolved by sex
6000000015882903090,Anne,F,Q564684,resolved by sex
6000000015892541070,Anne,F,Q564684,resolved by sex
6000000015905497726,Anne,F,Q564684,resolved by sex
6000000015913368286,Anne,F,Q564684,resolved by sex
6000000015951710880,Anne,F,Q564684,resolved by sex
6000000015961162230,Anne,F,Q564684,resolved by sex
6000000015969371093,Anne,F,Q564684,resolved by sex
6000000016000730266,Anne,F,Q564684,resolved by sex
6000000016029027741,Anne,F,Q564684,resolved by sex
6000000016030754892,Anne,F,Q564684,resolved by sex
6000000016047841438,Anne,F,Q564684,resolved by sex
6000000016057258121,Anne,F,Q564684,resolved by sex
6000000016065621836,Anne,F,Q564684,resolved by sex
6000000016069162596,Anne,F,Q564684,resolved by sex
6000000016069450724,Anne,F,Q564684,resolved by sex
6000000016070777154,Anne,F,Q564684,resolved by sex
6000000016092760441,Anne,F,Q564684,resolved by sex
6000000016170197595,Anne,F,Q564684,resolved by sex
6000000016170197595,Anne,F,Q564684,resolved by sex
6000000016203675534,Anne,F,Q564684,resolved by sex
6000000016223057053,Anne,F,Q564684,resolved by sex
6000000016234486723,Anne,F,Q564684,resolved by sex
6000000016278867753,Anne,F,Q564684,resolved by sex
6000000016294057371,Anne,F,Q564684,resolved by sex
6000000016294057371,Anne,F,Q564684,resolved by sex
6000000016349650140,Anne,F,Q564684,resolved by sex
6000000016381665658,Anne,F,Q564684,resolved by sex
6000000016382120564,Anne,F,Q564684,resolved by sex
6000000016382823009,Anne,F,Q564684,resolved by sex
6000000016438890863,Anne,F,Q564684,resolved by sex
6000000016445637381,Anne,F,Q564684,resolved by sex
6000000016487747159,Anne,F,Q564684,resolved by sex
6000000016520457540,Anne,F,Q564684,resolved by sex
6000000016557550329,Anne,F,Q564684,resolved by sex
6000000016681779393,Anne,M,Q47860848,resolved by sex
6000000016701001950,Anne,F,Q564684,resolved by sex
6000000016715881382,Anne,F,Q564684,resolved by sex
6000000016743758592,Anne,F,Q564684,resolved by sex
6000000016762831894,Anne,F,Q564684,resolved by sex
6000000016802164140,Anne,F,Q564684,resolved by sex
6000000016802217438,Anne,F,Q564684,resolved by sex
6000000016805277480,Anne,F,Q564684,resolved by sex
6000000016811103293,Anne,F,Q564684,resolved by sex
6000000016812242074,Anne,F,Q564684,resolved by sex
6000000016823375522,Anne,F,Q564684,resolved by sex
6000000016831089129,Anne,F,Q564684,resolved by sex
6000000016838368254,Anne,F,Q564684,resolved by sex
6000000016968090611,Anne,F,Q564684,resolved by sex
6000000017010403238,Anne,F,Q564684,resolved by sex
6000000017048090636,Anne,F,Q564684,resolved by sex
6000000017105575659,Anne,F,Q564684,resolved by sex
6000000017124407134,Anne,F,Q564684,resolved by sex
6000000017138308553,Anne,F,Q564684,resolved by sex
6000000017143674855,Anne,F,Q564684,resolved by sex
6000000017152570615,Anne,F,Q564684,resolved by sex
6000000017159426563,Anne,F,Q564684,resolved by sex
6000000017182576456,Anne,F,Q564684,resolved by sex
6000000017191406995,Anne,F,Q564684,resolved by sex
6000000017191581799,Anne,F,Q564684,resolved by sex
6000000017193061493,Anne,F,Q564684,resolved by sex
6000000017206395170,Anne,F,Q564684,resolved by sex
6000000017217891378,Anne,F,Q564684,resolved by sex
6000000017219578626,Anne,F,Q564684,resolved by sex
6000000017245397855,Anne,F,Q564684,resolved by sex
6000000017299776462,Anne,F,Q564684,resolved by sex
6000000017392555528,Anne,F,Q564684,resolved by sex
6000000017432159668,Anne,F,Q564684,resolved by sex
6000000017527108490,Anne,F,Q564684,resolved by sex
6000000017539529096,Anne,F,Q564684,resolved by sex
6000000017545431001,Anne,F,Q564684,resolved by sex
6000000017547689342,Anne,F,Q564684,resolved by sex
6000000017549174764,Anne,F,Q564684,resolved by sex
6000000017553188209,Anne,F,Q564684,resolved by sex
6000000017553195868,Anne,F,Q564684,resolved by sex
6000000017588969703,Anne,F,Q564684,resolved by sex
6000000017588969703,Anne,F,Q564684,resolved by sex
6000000017597533049,Anne,F,Q564684,resolved by sex
6000000017611140139,Anne,F,Q564684,resolved by sex
6000000017641744327,Anne,F,Q564684,resolved by sex
6000000017643564602,Anne,F,Q564684,resolved by sex
6000000017660288564,Anne,F,Q564684,resolved by sex
6000000017684746836,Anne,F,Q564684,resolved by sex
6000000017687021367,Anne,F,Q564684,resolved by sex
6000000017711916105,Anne,F,Q564684,resolved by sex
6000000017748118375,Anne,F,Q564684,resolved by sex
6000000017755119111,Anne,F,Q564684,resolved by sex
6000000017770205363,Anne,F,Q564684,resolved by sex
6000000017778086158,Anne,F,Q564684,resolved by sex
6000000017808976450,Anne,F,Q564684,resolved by sex
6000000017902593882,Anne,F,Q564684,resolved by sex
6000000017917475454,Anne,F,Q564684,resolved by sex
6000000017926261639,Anne,F,Q564684,resolved by sex
6000000018094769542,Anne,F,Q564684,resolved by sex
6000000018107518009,Anne,F,Q564684,resolved by sex
6000000018127048861,Anne,F,Q564684,resolved by sex
6000000018143459868,Anne,F,Q564684,resolved by sex
6000000018156939859,Anne,F,Q564684,resolved by sex
6000000018157631463,Anne,F,Q564684,resolved by sex
6000000018223549443,Anne,F,Q564684,resolved by sex
6000000018264071734,Anne,F,Q564684,resolved by sex
6000000018277235034,Anne,F,Q564684,resolved by sex
6000000018314411200,Anne,F,Q564684,resolved by sex
6000000018321123864,Anne,F,Q564684,resolved by sex
6000000018345866352,Anne,F,Q564684,resolved by sex
6000000018359472137,Anne,F,Q564684,resolved by sex
6000000018378206014,Anne,F,Q564684,resolved by sex
6000000018394141145,Anne,F,Q564684,resolved by sex
6000000018441576984,Anne,F,Q564684,resolved by sex
6000000018441982246,Anne,F,Q564684,resolved by sex
6000000018452094173,Anne,F,Q564684,resolved by sex
6000000018520821813,Anne,F,Q564684,resolved by sex
6000000018623555418,Anne,F,Q564684,resolved by sex
6000000018623704115,Anne,F,Q564684,resolved by sex
6000000018623707891,Anne,F,Q564684,resolved by sex
6000000018624613782,Anne,F,Q564684,resolved by sex
6000000018624880316,Anne,F,Q564684,resolved by sex
6000000018626313577,Anne,F,Q564684,resolved by sex
6000000018642379954,Anne,F,Q564684,resolved by sex
6000000018651486187,Anne,F,Q564684,resolved by sex
6000000018666363732,Anne,F,Q564684,resolved by sex
6000000018823193534,Anne,F,Q564684,resolved by sex
6000000018829036587,Anne,F,Q564684,resolved by sex
6000000018879605167,Anne,F,Q564684,resolved by sex
6000000018903698232,Anne,F,Q564684,resolved by sex
6000000018942226387,Anne,F,Q564684,resolved by sex
6000000019019961539,Anne,F,Q564684,resolved by sex
6000000019020028813,Anne,F,Q564684,resolved by sex
6000000019024820309,Anne,F,Q564684,resolved by sex
6000000019044870454,Anne,F,Q564684,resolved by sex
6000000019119336460,Anne,F,Q564684,resolved by sex
6000000019192930045,Anne,F,Q564684,resolved by sex
6000000019231259533,Anne,F,Q564684,resolved by sex
6000000019238462097,Anne,F,Q564684,resolved by sex
6000000019251211274,Anne,F,Q564684,resolved by sex
6000000019255279710,Anne,F,Q564684,resolved by sex
6000000019255474249,Anne,F,Q564684,resolved by sex
6000000019283092399,Anne,F,Q564684,resolved by sex
6000000019311894913,Anne,F,Q564684,resolved by sex
6000000019311997497,Anne,F,Q564684,resolved by sex
6000000019325931350,Anne,F,Q564684,resolved by sex
6000000019326168207,Anne,F,Q564684,resolved by sex
6000000019347601566,Anne,F,Q564684,resolved by sex
6000000019354800902,Anne,F,Q564684,resolved by sex
6000000019356957098,Anne,F,Q564684,resolved by sex
6000000019377860163,Anne,F,Q564684,resolved by sex
6000000019404309942,Anne,F,Q564684,resolved by sex
6000000019404446394,Anne,F,Q564684,resolved by sex
6000000019404810993,Anne,F,Q564684,resolved by sex
6000000019406113223,Anne,F,Q564684,resolved by sex
6000000019431035199,Anne,F,Q564684,resolved by sex
6000000019489295364,Anne,F,Q564684,resolved by sex
6000000019533791482,Anne,F,Q564684,resolved by sex
6000000019568022213,Anne,F,Q564684,resolved by sex
6000000019608657595,Anne,F,Q564684,resolved by sex
6000000019609309566,Anne,F,Q564684,resolved by sex
6000000019699980050,Anne,F,Q564684,resolved by sex
6000000019700005074,Anne,F,Q564684,resolved by sex
6000000019719542014,Anne,F,Q564684,resolved by sex
6000000019752082310,Anne,F,Q564684,resolved by sex
6000000019769368565,Anne,F,Q564684,resolved by sex
6000000019807068002,Anne,F,Q564684,resolved by sex
6000000019841164537,Anne,F,Q564684,resolved by sex
6000000019857433999,Anne,F,Q564684,resolved by sex
6000000019858207317,Anne,F,Q564684,resolved by sex
6000000019927945924,Anne,F,Q564684,resolved by sex
6000000019932924633,Anne,F,Q564684,resolved by sex
6000000019934332289,Anne,F,Q564684,resolved by sex
6000000019936021240,Anne,F,Q564684,resolved by sex
6000000019942170350,Anne,F,Q564684,resolved by sex
6000000019942753240,Anne,F,Q564684,resolved by sex
6000000019948109065,Anne,F,Q564684,resolved by sex
6000000019950044310,Anne,F,Q564684,resolved by sex
6000000019979582298,Anne,F,Q564684,resolved by sex
6000000020026048058,Anne,F,Q564684,resolved by sex
6000000020039227299,Anne,F,Q564684,resolved by sex
6000000020051566295,Anne,F,Q564684,resolved by sex
6000000020061793260,Anne,F,Q564684,resolved by sex
6000000020110515668,Anne,F,Q564684,resolved by sex
6000000020160982371,Anne,F,Q564684,resolved by sex
6000000020166313782,Anne,F,Q564684,resolved by sex
6000000020191183507,Anne,F,Q564684,resolved by sex
6000000020206175175,Anne,F,Q564684,resolved by sex
6000000020248039241,Anne,F,Q564684,resolved by sex
6000000020297816958,Anne,F,Q564684,resolved by sex
6000000020315588563,Anne,F,Q564684,resolved by sex
6000000020411737023,Anne,F,Q564684,resolved by sex
6000000020432755983,Anne,F,Q564684,resolved by sex
6000000020649812983,Anne,F,Q564684,resolved by sex
6000000020681109455,Anne,F,Q564684,resolved by sex
6000000020786827255,Anne,F,Q564684,resolved by sex
6000000020800669863,Anne,F,Q564684,resolved by sex
6000000020801386392,Anne,F,Q564684,resolved by sex
6000000020803294318,Anne,F,Q564684,resolved by sex
6000000020812434957,Anne,F,Q564684,resolved by sex
6000000020812438005,Anne,F,Q564684,resolved by sex
6000000020817072005,Anne,F,Q564684,resolved by sex
6000000020817708910,Anne,F,Q564684,resolved by sex
6000000020995026492,Anne,F,Q564684,resolved by sex
6000000021066612496,Anne,F,Q564684,resolved by sex
6000000021112017213,Anne,F,Q564684,resolved by sex
6000000021112078197,Anne,F,Q564684,resolved by sex
6000000021193558948,Anne,F,Q564684,resolved by sex
6000000021207362729,Anne,F,Q564684,resolved by sex
6000000021208197053,Anne,F,Q564684,resolved by sex
6000000021238022912,Anne,F,Q564684,resolved by sex
6000000021275171071,Anne,F,Q564684,resolved by sex
6000000021275204878,Anne,F,Q564684,resolved by sex
6000000021298757072,Anne,F,Q564684,resolved by sex
6000000021336031441,Anne,F,Q564684,resolved by sex
6000000021344691542,Anne,F,Q564684,resolved by sex
6000000021389972312,Anne,F,Q564684,resolved by sex
6000000021393346094,Anne,F,Q564684,resolved by sex
6000000021452321071,Anne,F,Q564684,resolved by sex
6000000021461242025,Anne,F,Q564684,resolved by sex
6000000021461242025,Anne,F,Q564684,resolved by sex
6000000021500669023,Anne,F,Q564684,resolved by sex
6000000021520335734,Anne,F,Q564684,resolved by sex
6000000021520335734,Anne,F,Q564684,resolved by sex
6000000021571113700,Anne,F,Q564684,resolved by sex
6000000021582372159,Anne,F,Q564684,resolved by sex
6000000021582578892,Anne,F,Q564684,resolved by sex
6000000021587110866,Anne,F,Q564684,resolved by sex
6000000021596672461,Anne,M,Q47860848,resolved by sex
6000000021617073858,Anne,F,Q564684,resolved by sex
6000000021648193278,Anne,F,Q564684,resolved by sex
6000000021660354646,Anne,F,Q564684,resolved by sex
6000000021660354646,Anne,F,Q564684,resolved by sex
6000000021690377975,Anne,F,Q564684,resolved by sex
6000000021705985245,Anne,F,Q564684,resolved by sex
6000000021807379862,Anne,F,Q564684,resolved by sex
6000000021846746478,Anne,F,Q564684,resolved by sex
6000000021848176596,Anne,F,Q564684,resolved by sex
6000000021913532698,Anne,F,Q564684,resolved by sex
6000000021976310445,Anne,F,Q564684,resolved by sex
6000000021983280757,Anne,F,Q564684,resolved by sex
6000000022014161565,Anne,F,Q564684,resolved by sex
6000000022045560900,Anne,F,Q564684,resolved by sex
6000000022144316689,Anne,F,Q564684,resolved by sex
6000000022191946696,Anne,M,Q47860848,resolved by sex
6000000022274721360,Anne,F,Q564684,resolved by sex
6000000022422324752,Anne,F,Q564684,resolved by sex
6000000022450966031,Anne,F,Q564684,resolved by sex
6000000022485848558,Anne,F,Q564684,resolved by sex
6000000022542923462,Anne,F,Q564684,resolved by sex
6000000022542965983,Anne,F,Q564684,resolved by sex
6000000022551887853,Anne,F,Q564684,resolved by sex
6000000022554760616,Anne,F,Q564684,resolved by sex
6000000022555020182,Anne,F,Q564684,resolved by sex
6000000022577669697,Anne,F,Q564684,resolved by sex
6000000022641684619,Anne,F,Q564684,resolved by sex
6000000022670607173,Anne,F,Q564684,resolved by sex
6000000022700218338,Anne,F,Q564684,resolved by sex
6000000022700438891,Anne,F,Q564684,resolved by sex
6000000022743605902,Anne,F,Q564684,resolved by sex
6000000022768522360,Anne,F,Q564684,resolved by sex
6000000022820694606,Anne,F,Q564684,resolved by sex
6000000022823714504,Anne,F,Q564684,resolved by sex
6000000022824355459,Anne,F,Q564684,resolved by sex
6000000022824866032,Anne,F,Q564684,resolved by sex
6000000022832768143,Anne,F,Q564684,resolved by sex
6000000022837605905,Anne,F,Q564684,resolved by sex
6000000022862431032,Anne,F,Q564684,resolved by sex
6000000022894001748,Anne,F,Q564684,resolved by sex
6000000023088740118,Anne,F,Q564684,resolved by sex
6000000023162136722,Anne,F,Q564684,resolved by sex
6000000023167280455,Anne,F,Q564684,resolved by sex
6000000023167702187,Anne,F,Q564684,resolved by sex
6000000023168707189,Anne,F,Q564684,resolved by sex
6000000023179757925,Anne,F,Q564684,resolved by sex
6000000023179757931,Anne,F,Q564684,resolved by sex
6000000023180845940,Anne,F,Q564684,resolved by sex
6000000023181470834,Anne,F,Q564684,resolved by sex
6000000023181826679,Anne,F,Q564684,resolved by sex
6000000023182918931,Anne,F,Q564684,resolved by sex
6000000023185712156,Anne,F,Q564684,resolved by sex
6000000023185828187,Anne,F,Q564684,resolved by sex
6000000023196497901,Anne,F,Q564684,resolved by sex
6000000023197113624,Anne,F,Q564684,resolved by sex
6000000023214880526,Anne,F,Q564684,resolved by sex
6000000023216304187,Anne,F,Q564684,resolved by sex
6000000023248227328,Anne,F,Q564684,resolved by sex
6000000023264006989,Anne,F,Q564684,resolved by sex
6000000023264483625,Anne,F,Q564684,resolved by sex
6000000023268308950,Anne,F,Q564684,resolved by sex
6000000023268623370,Anne,F,Q564684,resolved by sex
6000000023288350143,Anne,F,Q564684,resolved by sex
6000000023289294889,Anne,F,Q564684,resolved by sex
6000000023322999856,Anne,F,Q564684,resolved by sex
6000000023358088881,Anne,F,Q564684,resolved by sex
6000000023374759017,Anne,F,Q564684,resolved by sex
6000000023375443218,Anne,F,Q564684,resolved by sex
6000000023391925881,Anne,F,Q564684,resolved by sex
6000000023394732929,Anne,F,Q564684,resolved by sex
6000000023398721038,Anne,F,Q564684,resolved by sex
6000000023403428922,Anne,F,Q564684,resolved by sex
6000000023457708197,Anne,F,Q564684,resolved by sex
6000000023497147427,Anne,F,Q564684,resolved by sex
6000000023497147442,Anne,F,Q564684,resolved by sex
6000000023527553883,Anne,F,Q564684,resolved by sex
6000000023545422206,Anne,F,Q564684,resolved by sex
6000000023545422206,Anne,F,Q564684,resolved by sex
6000000023593818262,Anne,F,Q564684,resolved by sex
6000000023602725899,Anne,F,Q564684,resolved by sex
6000000023657777511,Anne,F,Q564684,resolved by sex
6000000023676554361,Anne,F,Q564684,resolved by sex
6000000023681649024,Anne,F,Q564684,resolved by sex
6000000023681918908,Anne,F,Q564684,resolved by sex
6000000023721949839,Anne,F,Q564684,resolved by sex
6000000023745832439,Anne,F,Q564684,resolved by sex
6000000023868536984,Anne,F,Q564684,resolved by sex
6000000023924154916,Anne,F,Q564684,resolved by sex
6000000024074718756,Anne,F,Q564684,resolved by sex
6000000024181374018,Anne,F,Q564684,resolved by sex
6000000024248323131,Anne,F,Q564684,resolved by sex
6000000024255497890,Anne,F,Q564684,resolved by sex
6000000024276651382,Anne,F,Q564684,resolved by sex
6000000024321885191,Anne,M,Q47860848,resolved by sex
6000000024335740858,Anne,F,Q564684,resolved by sex
6000000024344918862,Anne,F,Q564684,resolved by sex
6000000024413676016,Anne,F,Q564684,resolved by sex
6000000024490017130,Anne,F,Q564684,resolved by sex
6000000024499610160,Anne,F,Q564684,resolved by sex
6000000024581038419,Anne,F,Q564684,resolved by sex
6000000024618176616,Anne,F,Q564684,resolved by sex
6000000024657157113,Anne,F,Q564684,resolved by sex
6000000024726717297,Anne,F,Q564684,resolved by sex
6000000024786277941,Anne,F,Q564684,resolved by sex
6000000024791394971,Anne,F,Q564684,resolved by sex
6000000024833013868,Anne,F,Q564684,resolved by sex
6000000024866959857,Anne,F,Q564684,resolved by sex
6000000024932617585,Anne,F,Q564684,resolved by sex
6000000024932789432,Anne,F,Q564684,resolved by sex
6000000024970515364,Anne,F,Q564684,resolved by sex
6000000024987072446,Anne,F,Q564684,resolved by sex
6000000025016516521,Anne,F,Q564684,resolved by sex
6000000025026604288,Anne,F,Q564684,resolved by sex
6000000025049972871,Anne,F,Q564684,resolved by sex
6000000025054783852,Anne,F,Q564684,resolved by sex
6000000025059327457,Anne,F,Q564684,resolved by sex
6000000025075479453,Anne,F,Q564684,resolved by sex
6000000025083571033,Anne,F,Q564684,resolved by sex
6000000025141607711,Anne,F,Q564684,resolved by sex
6000000025142162860,Anne,F,Q564684,resolved by sex
6000000025153762995,Anne,F,Q564684,resolved by sex
6000000025243671632,Anne,F,Q564684,resolved by sex
6000000025253208944,Anne,F,Q564684,resolved by sex
6000000025425818104,Anne,F,Q564684,resolved by sex
6000000025441409900,Anne,F,Q564684,resolved by sex
6000000025541358547,Anne,F,Q564684,resolved by sex
6000000025542139181,Anne,F,Q564684,resolved by sex
6000000025643171131,Anne,F,Q564684,resolved by sex
6000000025656963130,Anne,F,Q564684,resolved by sex
6000000025656963130,Anne,F,Q564684,resolved by sex
6000000025676568871,Anne,F,Q564684,resolved by sex
6000000025680122005,Anne,F,Q564684,resolved by sex
6000000025707924935,Anne,F,Q564684,resolved by sex
6000000025745506307,Anne,F,Q564684,resolved by sex
6000000025803583950,Anne,F,Q564684,resolved by sex
6000000025873019905,Anne,F,Q564684,resolved by sex
6000000025941571517,Anne,F,Q564684,resolved by sex
6000000025957456145,Anne,F,Q564684,resolved by sex
6000000026023688147,Anne,F,Q564684,resolved by sex
6000000026023688147,Anne,F,Q564684,resolved by sex
6000000026039512811,Anne,F,Q564684,resolved by sex
6000000026067680814,Anne,M,Q47860848,resolved by sex
6000000026079959537,Anne,F,Q564684,resolved by sex
6000000026096776226,Anne,F,Q564684,resolved by sex
6000000026097606966,Anne,F,Q564684,resolved by sex
6000000026101865156,Anne,F,Q564684,resolved by sex
6000000026101865156,Anne,F,Q564684,resolved by sex
6000000026106035435,Anne,F,Q564684,resolved by sex
6000000026117752244,Anne,F,Q564684,resolved by sex
6000000026148231750,Anne,F,Q564684,resolved by sex
6000000026165983110,Anne,F,Q564684,resolved by sex
6000000026202538157,Anne,F,Q564684,resolved by sex
6000000026214547625,Anne,F,Q564684,resolved by sex
6000000026214547625,Anne,F,Q564684,resolved by sex
6000000026230407727,Anne,F,Q564684,resolved by sex
6000000026242216010,Anne,F,Q564684,resolved by sex
6000000026242721950,Anne,F,Q564684,resolved by sex
6000000026244883250,Anne,F,Q564684,resolved by sex
6000000026270353321,Anne,F,Q564684,resolved by sex
6000000026270395005,Anne,F,Q564684,resolved by sex
6000000026270503208,Anne,F,Q564684,resolved by sex
6000000026322144210,Anne,F,Q564684,resolved by sex
6000000026324930686,Anne,F,Q564684,resolved by sex
6000000026361748396,Anne,F,Q564684,resolved by sex
6000000026415589063,Anne,F,Q564684,resolved by sex
6000000026433044937,Anne,F,Q564684,resolved by sex
6000000026433044937,Anne,F,Q564684,resolved by sex
6000000026449494449,Anne,F,Q564684,resolved by sex
6000000026496673537,Anne,F,Q564684,resolved by sex
6000000026634988290,Anne,F,Q564684,resolved by sex
6000000026635709068,Anne,F,Q564684,resolved by sex
6000000026636222876,Anne,F,Q564684,resolved by sex
6000000026647486454,Anne,F,Q564684,resolved by sex
6000000026650452303,Anne,F,Q564684,resolved by sex
6000000026679843698,Anne,F,Q564684,resolved by sex
6000000026680655289,Anne,F,Q564684,resolved by sex
6000000026680731330,Anne,F,Q564684,resolved by sex
6000000026745506622,Anne,F,Q564684,resolved by sex
6000000026767621639,Anne,F,Q564684,resolved by sex
6000000026767865512,Anne,F,Q564684,resolved by sex
6000000026794395309,Anne,F,Q564684,resolved by sex
6000000026811028772,Anne,F,Q564684,resolved by sex
6000000026843102938,Anne,F,Q564684,resolved by sex
6000000026854189790,Anne,F,Q564684,resolved by sex
6000000026854899402,Anne,F,Q564684,resolved by sex
6000000026855089874,Anne,F,Q564684,resolved by sex
6000000026886671295,Anne,F,Q564684,resolved by sex
6000000026889372692,Anne,F,Q564684,resolved by sex
6000000026978674636,Anne,F,Q564684,resolved by sex
6000000026997579062,Anne,F,Q564684,resolved by sex
6000000027008617546,Anne,F,Q564684,resolved by sex
6000000027008617546,Anne,F,Q564684,resolved by sex
6000000027061243451,Anne,F,Q564684,resolved by sex
6000000027067385666,Anne,F,Q564684,resolved by sex
6000000027079813736,Anne,F,Q564684,resolved by sex
6000000027080794034,Anne,F,Q564684,resolved by sex
6000000027146106835,Anne,M,Q47860848,resolved by sex
6000000027175673318,Anne,F,Q564684,resolved by sex
6000000027194670068,Anne,F,Q564684,resolved by sex
6000000027308710164,Anne,F,Q564684,resolved by sex
6000000027309261365,Anne,F,Q564684,resolved by sex
6000000027324357518,Anne,F,Q564684,resolved by sex
6000000027433176259,Anne,F,Q564684,resolved by sex
6000000027491793549,Anne,F,Q564684,resolved by sex
6000000027524976084,Anne,F,Q564684,resolved by sex
6000000027540096888,Anne,F,Q564684,resolved by sex
6000000027595778013,Anne,F,Q564684,resolved by sex
6000000027630825281,Anne,F,Q564684,resolved by sex
6000000027645087601,Anne,F,Q564684,resolved by sex
6000000027666359117,Anne,F,Q564684,resolved by sex
6000000027731748071,Anne,F,Q564684,resolved by sex
6000000027744402648,Anne,F,Q564684,resolved by sex
6000000027868864303,Anne,F,Q564684,resolved by sex
6000000027892880972,Anne,F,Q564684,resolved by sex
6000000027941300202,Anne,F,Q564684,resolved by sex
6000000027948205729,Anne,F,Q564684,resolved by sex
6000000028015703141,Anne,F,Q564684,resolved by sex
6000000028428887886,Anne,F,Q564684,resolved by sex
6000000028456564909,Anne,F,Q564684,resolved by sex
6000000028577377009,Anne,F,Q564684,resolved by sex
6000000028579316037,Anne,F,Q564684,resolved by sex
6000000028581307872,Anne,F,Q564684,resolved by sex
6000000028938243216,Anne,F,Q564684,resolved by sex
6000000029093934453,Anne,F,Q564684,resolved by sex
6000000029120539809,Anne,F,Q564684,resolved by sex
6000000029121738273,Anne,F,Q564684,resolved by sex
6000000029122242270,Anne,F,Q564684,resolved by sex
6000000029124100189,Anne,F,Q564684,resolved by sex
6000000029207128768,Anne,F,Q564684,resolved by sex
6000000029209647844,Anne,F,Q564684,resolved by sex
6000000029276205752,Anne,F,Q564684,resolved by sex
6000000029300561674,Anne,F,Q564684,resolved by sex
6000000029541573655,Anne,F,Q564684,resolved by sex
6000000029590991552,Anne,F,Q564684,resolved by sex
6000000029696259080,Anne,F,Q564684,resolved by sex
6000000029744721628,Anne,F,Q564684,resolved by sex
6000000029854850858,Anne,F,Q564684,resolved by sex
6000000029856249165,Anne,F,Q564684,resolved by sex
6000000030065215710,Anne,F,Q564684,resolved by sex
6000000030246464957,Anne,F,Q564684,resolved by sex
6000000030368570212,Anne,F,Q564684,resolved by sex
6000000030383952484,Anne,F,Q564684,resolved by sex
6000000030547454301,Anne,F,Q564684,resolved by sex
6000000030549737501,Anne,F,Q564684,resolved by sex
6000000030756401062,Anne,F,Q564684,resolved by sex
6000000030768032591,Anne,F,Q564684,resolved by sex
6000000030775827252,Anne,F,Q564684,resolved by sex
6000000030783648911,Anne,F,Q564684,resolved by sex
6000000030791224723,Anne,F,Q564684,resolved by sex
6000000030851773233,Anne,F,Q564684,resolved by sex
6000000030900324364,Anne,F,Q564684,resolved by sex
6000000030906527328,Anne,F,Q564684,resolved by sex
6000000030988303147,Anne,F,Q564684,resolved by sex
6000000030990423832,Anne,F,Q564684,resolved by sex
6000000031110872036,Anne,F,Q564684,resolved by sex
6000000031164138460,Anne,F,Q564684,resolved by sex
6000000031177096010,Anne,F,Q564684,resolved by sex
6000000031202372873,Anne,F,Q564684,resolved by sex
6000000031207014206,Anne,F,Q564684,resolved by sex
6000000031221845057,Anne,F,Q564684,resolved by sex
6000000031263791183,Anne,F,Q564684,resolved by sex
6000000031282028824,Anne,F,Q564684,resolved by sex
6000000031296578856,Anne,F,Q564684,resolved by sex
6000000031454239680,Anne,F,Q564684,resolved by sex
6000000031455106216,Anne,F,Q564684,resolved by sex
6000000031473494936,Anne,F,Q564684,resolved by sex
6000000031484481906,Anne,F,Q564684,resolved by sex
6000000031496960271,Anne,F,Q564684,resolved by sex
6000000031661010369,Anne,F,Q564684,resolved by sex
6000000031665470938,Anne,F,Q564684,resolved by sex
6000000031904424580,Anne,F,Q564684,resolved by sex
6000000031937816946,Anne,F,Q564684,resolved by sex
6000000032037696922,Anne,F,Q564684,resolved by sex
6000000032087486582,Anne,F,Q564684,resolved by sex
6000000032195518893,Anne,F,Q564684,resolved by sex
6000000032257942439,Anne,F,Q564684,resolved by sex
6000000032290428904,Anne,F,Q564684,resolved by sex
6000000032403431839,Anne,F,Q564684,resolved by sex
6000000032433613263,Anne,F,Q564684,resolved by sex
6000000032550973056,Anne,F,Q564684,resolved by sex
6000000032950561023,Anne,F,Q564684,resolved by sex
6000000032991520282,Anne,F,Q564684,resolved by sex
6000000033041365978,Anne,F,Q564684,resolved by sex
6000000033079683183,Anne,F,Q564684,resolved by sex
6000000033144186688,Anne,F,Q564684,resolved by sex
6000000033194421738,Anne,F,Q564684,resolved by sex
6000000033240532167,Anne,F,Q564684,resolved by sex
6000000033282265978,Anne,F,Q564684,resolved by sex
6000000033282265978,Anne,F,Q564684,resolved by sex
6000000033294294585,Anne,F,Q564684,resolved by sex
6000000033813760862,Anne,F,Q564684,resolved by sex
6000000033961009034,Anne,F,Q564684,resolved by sex
6000000034128478588,Anne,F,Q564684,resolved by sex
6000000034165821334,Anne,F,Q564684,resolved by sex
6000000034380676429,Anne,F,Q564684,resolved by sex
6000000034538477666,Anne,F,Q564684,resolved by sex
6000000034664771897,Anne,F,Q564684,resolved by sex
6000000034708598894,Anne,F,Q564684,resolved by sex
6000000034772641917,Anne,F,Q564684,resolved by sex
6000000034832366965,Anne,F,Q564684,resolved by sex
6000000034951824951,Anne,F,Q564684,resolved by sex
6000000034970301888,Anne,F,Q564684,resolved by sex
6000000035040407942,Anne,F,Q564684,resolved by sex
6000000035060022011,Anne,F,Q564684,resolved by sex
6000000035122775615,Anne,F,Q564684,resolved by sex
6000000035160876193,Anne,F,Q564684,resolved by sex
6000000035161031966,Anne,F,Q564684,resolved by sex
6000000035233737649,Anne,F,Q564684,resolved by sex
6000000035313064105,Anne,F,Q564684,resolved by sex
6000000035455122173,Anne,F,Q564684,resolved by sex
6000000035490257051,Anne,F,Q564684,resolved by sex
6000000035759255814,Anne,F,Q564684,resolved by sex
6000000035936632979,Anne,F,Q564684,resolved by sex
6000000035936632979,Anne,F,Q564684,resolved by sex
6000000036322511384,Anne,F,Q564684,resolved by sex
6000000036322655271,Anne,F,Q564684,resolved by sex
6000000036324415094,Anne,F,Q564684,resolved by sex
6000000036367378039,Anne,F,Q564684,resolved by sex
6000000036408163828,Anne,F,Q564684,resolved by sex
6000000036410130940,Anne,F,Q564684,resolved by sex
6000000036411508158,Anne,F,Q564684,resolved by sex
6000000036429749124,Anne,F,Q564684,resolved by sex
6000000036453738998,Anne,F,Q564684,resolved by sex
6000000036454105962,Anne,F,Q564684,resolved by sex
6000000036744235157,Anne,F,Q564684,resolved by sex
6000000036753000939,Anne,F,Q564684,resolved by sex
6000000036810988578,Anne,F,Q564684,resolved by sex
6000000036840034281,Anne,F,Q564684,resolved by sex
6000000036933186668,Anne,F,Q564684,resolved by sex
6000000037127164631,Anne,F,Q564684,resolved by sex
6000000037171668670,Anne,F,Q564684,resolved by sex
6000000037335293064,Anne,F,Q564684,resolved by sex
6000000037377254861,Anne,F,Q564684,resolved by sex
6000000037405882117,Anne,F,Q564684,resolved by sex
6000000037406567898,Anne,F,Q564684,resolved by sex
6000000037407545520,Anne,F,Q564684,resolved by sex
6000000037410322317,Anne,F,Q564684,resolved by sex
6000000037435376063,Anne,F,Q564684,resolved by sex
6000000037470270046,Anne,F,Q564684,resolved by sex
6000000037581924527,Anne,F,Q564684,resolved by sex
6000000037638652666,Anne,F,Q564684,resolved by sex
6000000037642183323,Anne,F,Q564684,resolved by sex
6000000037642559868,Anne,F,Q564684,resolved by sex
6000000037644461832,Anne,F,Q564684,resolved by sex
6000000037680386461,Anne,F,Q564684,resolved by sex
6000000037725319862,Anne,F,Q564684,resolved by sex
6000000037737863833,Anne,F,Q564684,resolved by sex
6000000037885678099,Anne,F,Q564684,resolved by sex
6000000038018412863,Anne,F,Q564684,resolved by sex
6000000038042502450,Anne,F,Q564684,resolved by sex
6000000038070460466,Anne,F,Q564684,resolved by sex
6000000038091565867,Anne,F,Q564684,resolved by sex
6000000038127195513,Anne,F,Q564684,resolved by sex
6000000038219203906,Anne,F,Q564684,resolved by sex
6000000038267406879,Anne,F,Q564684,resolved by sex
6000000038269531160,Anne,F,Q564684,resolved by sex
6000000038311127812,Anne,F,Q564684,resolved by sex
6000000038439372459,Anne,F,Q564684,resolved by sex
6000000038677297624,Anne,F,Q564684,resolved by sex
6000000038712861049,Anne,F,Q564684,resolved by sex
6000000038854993011,Anne,F,Q564684,resolved by sex
6000000038896841422,Anne,F,Q564684,resolved by sex
6000000038984228788,Anne,F,Q564684,resolved by sex
6000000038984228788,Anne,F,Q564684,resolved by sex
6000000039128360222,Anne,F,Q564684,resolved by sex
6000000039177623545,Anne,F,Q564684,resolved by sex
6000000039200068666,Anne,F,Q564684,resolved by sex
6000000039395134013,Anne,F,Q564684,resolved by sex
6000000039403724136,Anne,F,Q564684,resolved by sex
6000000039513760969,Anne,F,Q564684,resolved by sex
6000000039518654984,Anne,F,Q564684,resolved by sex
6000000039661497846,Anne,F,Q564684,resolved by sex
6000000039709326286,Anne,F,Q564684,resolved by sex
6000000039862912045,Anne,F,Q564684,resolved by sex
6000000039939023918,Anne,F,Q564684,resolved by sex
6000000040000350703,Anne,F,Q564684,resolved by sex
6000000040076608000,Anne,F,Q564684,resolved by sex
6000000040285005394,Anne,F,Q564684,resolved by sex
6000000040286833860,Anne,F,Q564684,resolved by sex
6000000040287466392,Anne,F,Q564684,resolved by sex
6000000040297823745,Anne,F,Q564684,resolved by sex
6000000040340281731,Anne,F,Q564684,resolved by sex
6000000040340788970,Anne,F,Q564684,resolved by sex
6000000040384383741,Anne,F,Q564684,resolved by sex
6000000040385406225,Anne,F,Q564684,resolved by sex
6000000040388004291,Anne,F,Q564684,resolved by sex
6000000040395631816,Anne,F,Q564684,resolved by sex
6000000040481897322,Anne,F,Q564684,resolved by sex
6000000040607080623,Anne,F,Q564684,resolved by sex
6000000040620849230,Anne,F,Q564684,resolved by sex
6000000040641982035,Anne,F,Q564684,resolved by sex
6000000040649563660,Anne,F,Q564684,resolved by sex
6000000040680524829,Anne,F,Q564684,resolved by sex
6000000040697885527,Anne,F,Q564684,resolved by sex
6000000040871149176,Anne,F,Q564684,resolved by sex
6000000040871235923,Anne,F,Q564684,resolved by sex
6000000040871287995,Anne,F,Q564684,resolved by sex
6000000040923181150,Anne,F,Q564684,resolved by sex
6000000040923637983,Anne,F,Q564684,resolved by sex
6000000040930592037,Anne,F,Q564684,resolved by sex
6000000040991670964,Anne,F,Q564684,resolved by sex
6000000040997928685,Anne,F,Q564684,resolved by sex
6000000040999692744,Anne,F,Q564684,resolved by sex
6000000041070874263,Anne,F,Q564684,resolved by sex
6000000041164287934,Anne,F,Q564684,resolved by sex
6000000041172142948,Anne,F,Q564684,resolved by sex
6000000041243054304,Anne,F,Q564684,resolved by sex
6000000041287527483,Anne,F,Q564684,resolved by sex
6000000041614154999,Anne,F,Q564684,resolved by sex
6000000041662453090,Anne,F,Q564684,resolved by sex
6000000041793556933,Anne,F,Q564684,resolved by sex
6000000042283857881,Anne,F,Q564684,resolved by sex
6000000042302489122,Anne,F,Q564684,resolved by sex
6000000042396788413,Anne,F,Q564684,resolved by sex
6000000042603621189,Anne,F,Q564684,resolved by sex
6000000042899898069,Anne,F,Q564684,resolved by sex
6000000043111466123,Anne,F,Q564684,resolved by sex
6000000043202648506,Anne,F,Q564684,resolved by sex
6000000043235198844,Anne,F,Q564684,resolved by sex
6000000043352891356,Anne,F,Q564684,resolved by sex
6000000043435970778,Anne,F,Q564684,resolved by sex
6000000043456583551,Anne,F,Q564684,resolved by sex
6000000043485334977,Anne,F,Q564684,resolved by sex
6000000043485460930,Anne,F,Q564684,resolved by sex
6000000043572009484,Anne,F,Q564684,resolved by sex
6000000043927534848,Anne,F,Q564684,resolved by sex
6000000043947177912,Anne,F,Q564684,resolved by sex
6000000044084989452,Anne,F,Q564684,resolved by sex
6000000044529532257,Anne,F,Q564684,resolved by sex
6000000044529767876,Anne,F,Q564684,resolved by sex
6000000045024667851,Anne,F,Q564684,resolved by sex
6000000045024667851,Anne,F,Q564684,resolved by sex
6000000045481063002,Anne,F,Q564684,resolved by sex
6000000045487116092,Anne,F,Q564684,resolved by sex
6000000046114334861,Anne,F,Q564684,resolved by sex
6000000046118500832,Anne,F,Q564684,resolved by sex
6000000046120025875,Anne,F,Q564684,resolved by sex
6000000046122875430,Anne,F,Q564684,resolved by sex
6000000046123202081,Anne,F,Q564684,resolved by sex
6000000046187346333,Anne,F,Q564684,resolved by sex
6000000046189024800,Anne,F,Q564684,resolved by sex
6000000046199835923,Anne,F,Q564684,resolved by sex
6000000046240533918,Anne,F,Q564684,resolved by sex
6000000046264836842,Anne,F,Q564684,resolved by sex
6000000046792233927,Anne,F,Q564684,resolved by sex
6000000047126985075,Anne,F,Q564684,resolved by sex
6000000047231063401,Anne,F,Q564684,resolved by sex
6000000047236106002,Anne,F,Q564684,resolved by sex
6000000047705435218,Anne,F,Q564684,resolved by sex
6000000047853008895,Anne,F,Q564684,resolved by sex
6000000048000118081,Anne,F,Q564684,resolved by sex
6000000048052426899,Anne,F,Q564684,resolved by sex
6000000048166542044,Anne,F,Q564684,resolved by sex
6000000048271139897,Anne,F,Q564684,resolved by sex
6000000048753425850,Anne,F,Q564684,resolved by sex
6000000048837311942,Anne,F,Q564684,resolved by sex
6000000048846721127,Anne,F,Q564684,resolved by sex
6000000049093166897,Anne,F,Q564684,resolved by sex
6000000049271414822,Anne,F,Q564684,resolved by sex
6000000049348770021,Anne,F,Q564684,resolved by sex
6000000049379640463,Anne,F,Q564684,resolved by sex
6000000049876199826,Anne,F,Q564684,resolved by sex
6000000049949964773,Anne,F,Q564684,resolved by sex
6000000049983270011,Anne,F,Q564684,resolved by sex
6000000049983270011,Anne,F,Q564684,resolved by sex
6000000050096323045,Anne,F,Q564684,resolved by sex
6000000050136695954,Anne,F,Q564684,resolved by sex
6000000050136932062,Anne,F,Q564684,resolved by sex
6000000050146371828,Anne,F,Q564684,resolved by sex
6000000050173158847,Anne,F,Q564684,resolved by sex
6000000050229404999,Anne,F,Q564684,resolved by sex
6000000050519256036,Anne,F,Q564684,resolved by sex
6000000050528115876,Anne,F,Q564684,resolved by sex
6000000050685537930,Anne,F,Q564684,resolved by sex
6000000050757791619,Anne,F,Q564684,resolved by sex
6000000050757794313,Anne,F,Q564684,resolved by sex
6000000050854112017,Anne,F,Q564684,resolved by sex
6000000051535686019,Anne,F,Q564684,resolved by sex
6000000051706340857,Anne,F,Q564684,resolved by sex
6000000051740942907,Anne,F,Q564684,resolved by sex
6000000052069276561,Anne,F,Q564684,resolved by sex
6000000052500438823,Anne,F,Q564684,resolved by sex
6000000052802231929,Anne,F,Q564684,resolved by sex
6000000052912788825,Anne,F,Q564684,resolved by sex
6000000053033426342,Anne,F,Q564684,resolved by sex
6000000053073308122,Anne,F,Q564684,resolved by sex
6000000053358695852,Anne,F,Q564684,resolved by sex
6000000053372559996,Anne,F,Q564684,resolved by sex
6000000053483766881,Anne,F,Q564684,resolved by sex
6000000053553628038,Anne,F,Q564684,resolved by sex
6000000053561360953,Anne,F,Q564684,resolved by sex
6000000053563513908,Anne,F,Q564684,resolved by sex
6000000053824604908,Anne,F,Q564684,resolved by sex
6000000054019225963,Anne,F,Q564684,resolved by sex
6000000054139364875,Anne,F,Q564684,resolved by sex
6000000054147920965,Anne,F,Q564684,resolved by sex
6000000054158480076,Anne,F,Q564684,resolved by sex
6000000054159861927,Anne,F,Q564684,resolved by sex
6000000054235906137,Anne,F,Q564684,resolved by sex
6000000054413852866,Anne,F,Q564684,resolved by sex
6000000054431055950,Anne,F,Q564684,resolved by sex
6000000054497897040,Anne,F,Q564684,resolved by sex
6000000055566531895,Anne,F,Q564684,resolved by sex
6000000055566706824,Anne,F,Q564684,resolved by sex
6000000055760246936,Anne,F,Q564684,resolved by sex
6000000055829500144,Anne,F,Q564684,resolved by sex
6000000056310638858,Anne,F,Q564684,resolved by sex
6000000056678673127,Anne,F,Q564684,resolved by sex
6000000056678673127,Anne,F,Q564684,resolved by sex
6000000056758579928,Anne,F,Q564684,resolved by sex
6000000056968706837,Anne,F,Q564684,resolved by sex
6000000057063263881,Anne,F,Q564684,resolved by sex
6000000057065389064,Anne,F,Q564684,resolved by sex
6000000057307503858,Anne,F,Q564684,resolved by sex
6000000057323674989,Anne,F,Q564684,resolved by sex
6000000057836418271,Anne,M,Q47860848,resolved by sex
6000000057836418271,Anne,M,Q47860848,resolved by sex
6000000058263559878,Anne,F,Q564684,resolved by sex
6000000058404422021,Anne,F,Q564684,resolved by sex
6000000058425116092,Anne,F,Q564684,resolved by sex
6000000058465545861,Anne,F,Q564684,resolved by sex
6000000058507566919,Anne,F,Q564684,resolved by sex
6000000058870965949,Anne,F,Q564684,resolved by sex
6000000059100191909,Anne,F,Q564684,resolved by sex
6000000059253304862,Anne,F,Q564684,resolved by sex
6000000059446916916,Anne,F,Q564684,resolved by sex
6000000059812415830,Anne,F,Q564684,resolved by sex
6000000059941049902,Anne,F,Q564684,resolved by sex
6000000060211488479,Anne,F,Q564684,resolved by sex
6000000060237561713,Anne,F,Q564684,resolved by sex
6000000060238062314,Anne,F,Q564684,resolved by sex
6000000060492147957,Anne,F,Q564684,resolved by sex
6000000060736694886,Anne,F,Q564684,resolved by sex
6000000061252390845,Anne,F,Q564684,resolved by sex
6000000061796474821,Anne,F,Q564684,resolved by sex
6000000061796474821,Anne,F,Q564684,resolved by sex
6000000062017122916,Anne,F,Q564684,resolved by sex
6000000062462673022,Anne,F,Q564684,resolved by sex
6000000062581533955,Anne,F,Q564684,resolved by sex
6000000062608765821,Anne,F,Q564684,resolved by sex
6000000062608765821,Anne,F,Q564684,resolved by sex
6000000062740899062,Anne,F,Q564684,resolved by sex
6000000063672606829,Anne,F,Q564684,resolved by sex
6000000063693140991,Anne,F,Q564684,resolved by sex
6000000063833328017,Anne,F,Q564684,resolved by sex
6000000064309337864,Anne,F,Q564684,resolved by sex
6000000064382636026,Anne,F,Q564684,resolved by sex
6000000064626369877,Anne,F,Q564684,resolved by sex
6000000065056732954,Anne,F,Q564684,resolved by sex
6000000066837225023,Anne,F,Q564684,resolved by sex
6000000066839464847,Anne,F,Q564684,resolved by sex
6000000067166773928,Anne,F,Q564684,resolved by sex
6000000067374498870,Anne,F,Q564684,resolved by sex
6000000068540375880,Anne,F,Q564684,resolved by sex
6000000068746254335,Anne,F,Q564684,resolved by sex
6000000068766314844,Anne,F,Q564684,resolved by sex
6000000068766364830,Anne,F,Q564684,resolved by sex
6000000069280183137,Anne,F,Q564684,resolved by sex
6000000069306800904,Anne,F,Q564684,resolved by sex
6000000069306900127,Anne,F,Q564684,resolved by sex
6000000069370041834,Anne,F,Q564684,resolved by sex
6000000069427930638,Anne,F,Q564684,resolved by sex
6000000069429001859,Anne,F,Q564684,resolved by sex
6000000069437524110,Anne,F,Q564684,resolved by sex
6000000069445319718,Anne,F,Q564684,resolved by sex
6000000069509962860,Anne,F,Q564684,resolved by sex
6000000069885414034,Anne,F,Q564684,resolved by sex
6000000069998685183,Anne,F,Q564684,resolved by sex
6000000071025229618,Anne,F,Q564684,resolved by sex
6000000071636696914,Anne,F,Q564684,resolved by sex
6000000071785955452,Anne,F,Q564684,resolved by sex
6000000072192169508,Anne,F,Q564684,resolved by sex
6000000072712333092,Anne,F,Q564684,resolved by sex
6000000072880873821,Anne,F,Q564684,resolved by sex
6000000072979182831,Anne,F,Q564684,resolved by sex
6000000073965786956,Anne,F,Q564684,resolved by sex
6000000073965786956,Anne,F,Q564684,resolved by sex
6000000074838275847,Anne,F,Q564684,resolved by sex
6000000074902136252,Anne,F,Q564684,resolved by sex
6000000075001453886,Anne,F,Q564684,resolved by sex
6000000075385920821,Anne,F,Q564684,resolved by sex
6000000075385920821,Anne,F,Q564684,resolved by sex
6000000075445466828,Anne,F,Q564684,resolved by sex
6000000075445466828,Anne,F,Q564684,resolved by sex
6000000075474200832,Anne,F,Q564684,resolved by sex
6000000075581937840,Anne,F,Q564684,resolved by sex
6000000075641825861,Anne,F,Q564684,resolved by sex
6000000075648447033,Anne,F,Q564684,resolved by sex
6000000075735727878,Anne,F,Q564684,resolved by sex
6000000075803703960,Anne,F,Q564684,resolved by sex
6000000076265047985,Anne,F,Q564684,resolved by sex
6000000076618665846,Anne,F,Q564684,resolved by sex
6000000076834174844,Anne,F,Q564684,resolved by sex
6000000077017720350,Anne,F,Q564684,resolved by sex
6000000077103376826,Anne,F,Q564684,resolved by sex
6000000077103376826,Anne,F,Q564684,resolved by sex
6000000077295327414,Anne,F,Q564684,resolved by sex
6000000077319373129,Anne,F,Q564684,resolved by sex
6000000077489125456,Anne,F,Q564684,resolved by sex
6000000077737610658,Anne,F,Q564684,resolved by sex
6000000077785899917,Anne,F,Q564684,resolved by sex
6000000078147145021,Anne,F,Q564684,resolved by sex
6000000078149809272,Anne,F,Q564684,resolved by sex
6000000078286812832,Anne,F,Q564684,resolved by sex
6000000078315910612,Anne,F,Q564684,resolved by sex
6000000078365710956,Anne,F,Q564684,resolved by sex
6000000078366203085,Anne,F,Q564684,resolved by sex
6000000079187585612,Anne,F,Q564684,resolved by sex
6000000079471069879,Anne,F,Q564684,resolved by sex
6000000079726877962,Anne,F,Q564684,resolved by sex
6000000080135327196,Anne,F,Q564684,resolved by sex
6000000080493670848,Anne,F,Q564684,resolved by sex
6000000080839361911,Anne,F,Q564684,resolved by sex
6000000080839635043,Anne,F,Q564684,resolved by sex
6000000080840282030,Anne,F,Q564684,resolved by sex
6000000080896308582,Anne,F,Q564684,resolved by sex
6000000080897764772,Anne,F,Q564684,resolved by sex
6000000080943846162,Anne,F,Q564684,resolved by sex
6000000080946111702,Anne,F,Q564684,resolved by sex
6000000080948675927,Anne,F,Q564684,resolved by sex
6000000081296913136,Anne,F,Q564684,resolved by sex
6000000081424701002,Anne,F,Q564684,resolved by sex
6000000081776718074,Anne,F,Q564684,resolved by sex
6000000081943339835,Anne,M,Q47860848,resolved by sex
6000000082316697972,Anne,F,Q564684,resolved by sex
6000000082529183140,Anne,F,Q564684,resolved by sex
6000000082535913855,Anne,F,Q564684,resolved by sex
6000000082553335855,Anne,F,Q564684,resolved by sex
6000000082555094197,Anne,F,Q564684,resolved by sex
6000000082774425985,Anne,F,Q564684,resolved by sex
6000000083360810967,Anne,F,Q564684,resolved by sex
6000000083471918959,Anne,F,Q564684,resolved by sex
6000000083472157865,Anne,F,Q564684,resolved by sex
6000000083780195932,Anne,F,Q564684,resolved by sex
6000000083938861064,Anne,F,Q564684,resolved by sex
6000000084001731845,Anne,F,Q564684,resolved by sex
6000000084012685831,Anne,F,Q564684,resolved by sex
6000000084012685831,Anne,F,Q564684,resolved by sex
6000000084028525946,Anne,F,Q564684,resolved by sex
6000000084046159361,Anne,F,Q564684,resolved by sex
6000000084202071012,Anne,F,Q564684,resolved by sex
6000000084567223153,Anne,F,Q564684,resolved by sex
6000000084568633039,Anne,F,Q564684,resolved by sex
6000000084572972067,Anne,F,Q564684,resolved by sex
6000000084588648833,Anne,M,Q47860848,resolved by sex
6000000084614367074,Anne,F,Q564684,resolved by sex
6000000084651145251,Anne,F,Q564684,resolved by sex
6000000084897033082,Anne,F,Q564684,resolved by sex
6000000084897805930,Anne,F,Q564684,resolved by sex
6000000084961130183,Anne,F,Q564684,resolved by sex
6000000084961993008,Anne,F,Q564684,resolved by sex
6000000086103981952,Anne,F,Q564684,resolved by sex
6000000086824153822,Anne,F,Q564684,resolved by sex
6000000086906147968,Anne,F,Q564684,resolved by sex
6000000086907135206,Anne,F,Q564684,resolved by sex
6000000087034356865,Anne,F,Q564684,resolved by sex
6000000087151797821,Anne,F,Q564684,resolved by sex
6000000087154894833,Anne,F,Q564684,resolved by sex
6000000087824157822,Anne,F,Q564684,resolved by sex
6000000087834793907,Anne,F,Q564684,resolved by sex
6000000087849349921,Anne,F,Q564684,resolved by sex
6000000087850442840,Anne,F,Q564684,resolved by sex
6000000087964548964,Anne,F,Q564684,resolved by sex
6000000087985871881,Anne,F,Q564684,resolved by sex
6000000087993065125,Anne,F,Q564684,resolved by sex
6000000088136769996,Anne,F,Q564684,resolved by sex
6000000088177980821,Anne,F,Q564684,resolved by sex
6000000088179957858,Anne,F,Q564684,resolved by sex
6000000088306841007,Anne,F,Q564684,resolved by sex
6000000088414295004,Anne,F,Q564684,resolved by sex
6000000088426549047,Anne,F,Q564684,resolved by sex
6000000088740843590,Anne,F,Q564684,resolved by sex
6000000088742331302,Anne,F,Q564684,resolved by sex
6000000088743811007,Anne,F,Q564684,resolved by sex
6000000088794903853,Anne,F,Q564684,resolved by sex
6000000089507531951,Anne,F,Q564684,resolved by sex
6000000089523066121,Anne,F,Q564684,resolved by sex
6000000089590268863,Anne,F,Q564684,resolved by sex
6000000089590268863,Anne,F,Q564684,resolved by sex
6000000089683048838,Anne,F,Q564684,resolved by sex
6000000089848671908,Anne,F,Q564684,resolved by sex
6000000089903274030,Anne,F,Q564684,resolved by sex
6000000089935757235,Anne,F,Q564684,resolved by sex
6000000090140926821,Anne,F,Q564684,resolved by sex
6000000090562018884,Anne,F,Q564684,resolved by sex
6000000090614727093,Anne,F,Q564684,resolved by sex
6000000090614727093,Anne,F,Q564684,resolved by sex
6000000090745472832,Anne,F,Q564684,resolved by sex
6000000090747465889,Anne,F,Q564684,resolved by sex
6000000091821855996,Anne,F,Q564684,resolved by sex
6000000091822739932,Anne,F,Q564684,resolved by sex
6000000092273434901,Anne,F,Q564684,resolved by sex
6000000092363420904,Anne,F,Q564684,resolved by sex
6000000092449063968,Anne,F,Q564684,resolved by sex
6000000093106140936,Anne,F,Q564684,resolved by sex
6000000093402583100,Anne,F,Q564684,resolved by sex
6000000093404557830,Anne,F,Q564684,resolved by sex
6000000093406484829,Anne,F,Q564684,resolved by sex
6000000093406484851,Anne,F,Q564684,resolved by sex
6000000093406484892,Anne,F,Q564684,resolved by sex
6000000093406484892,Anne,F,Q564684,resolved by sex
6000000093407050905,Anne,F,Q564684,resolved by sex
6000000093409415954,Anne,F,Q564684,resolved by sex
6000000093452580896,Anne,F,Q564684,resolved by sex
6000000093452581079,Anne,F,Q564684,resolved by sex
6000000093452581161,Anne,F,Q564684,resolved by sex
6000000093534749895,Anne,F,Q564684,resolved by sex
6000000093735295868,Anne,F,Q564684,resolved by sex
6000000093960219848,Anne,F,Q564684,resolved by sex
6000000094040464833,Anne,F,Q564684,resolved by sex
6000000094212243851,Anne,F,Q564684,resolved by sex
6000000094530896821,Anne,F,Q564684,resolved by sex
6000000095353283852,Anne,M,Q47860848,resolved by sex
6000000095422671989,Anne,F,Q564684,resolved by sex
6000000096372490956,Anne,F,Q564684,resolved by sex
6000000096694501855,Anne,F,Q564684,resolved by sex
6000000096694501864,Anne,F,Q564684,resolved by sex
6000000096694501928,Anne,F,Q564684,resolved by sex
6000000096694744822,Anne,F,Q564684,resolved by sex
6000000097061399858,Anne,F,Q564684,resolved by sex
6000000097545044248,Anne,F,Q564684,resolved by sex
6000000098119917888,Anne,F,Q564684,resolved by sex
6000000098345514904,Anne,F,Q564684,resolved by sex
6000000098394395879,Anne,F,Q564684,resolved by sex
6000000098713646821,Anne,F,Q564684,resolved by sex
6000000098857016858,Anne,F,Q564684,resolved by sex
6000000099014516852,Anne,F,Q564684,resolved by sex
6000000099266000821,Anne,F,Q564684,resolved by sex
6000000099268783825,Anne,F,Q564684,resolved by sex
6000000101613977834,Anne,F,Q564684,resolved by sex
6000000102570844827,Anne,F,Q564684,resolved by sex
6000000102799211853,Anne,F,Q564684,resolved by sex
6000000102813120072,Anne,F,Q564684,resolved by sex
6000000102813139843,Anne,F,Q564684,resolved by sex
6000000102911196821,Anne,F,Q564684,resolved by sex
6000000103533364856,Anne,F,Q564684,resolved by sex
6000000103652251847,Anne,F,Q564684,resolved by sex
6000000103658462881,Anne,F,Q564684,resolved by sex
6000000104160723926,Anne,F,Q564684,resolved by sex
6000000104160819878,Anne,F,Q564684,resolved by sex
6000000104326772983,Anne,F,Q564684,resolved by sex
6000000104327147157,Anne,F,Q564684,resolved by sex
6000000104338495856,Anne,F,Q564684,resolved by sex
6000000104338495914,Anne,F,Q564684,resolved by sex
6000000104849349875,Anne,F,Q564684,resolved by sex
6000000104859549971,Anne,F,Q564684,resolved by sex
6000000105047314081,Anne,F,Q564684,resolved by sex
6000000105055196984,Anne,F,Q564684,resolved by sex
6000000105294995984,Anne,F,Q564684,resolved by sex
6000000105521161095,Anne,F,Q564684,resolved by sex
6000000105701118364,Anne,F,Q564684,resolved by sex
6000000105736540836,Anne,F,Q564684,resolved by sex
6000000105738833822,Anne,F,Q564684,resolved by sex
6000000105912685826,Anne,F,Q564684,resolved by sex
6000000106024497821,Anne,F,Q564684,resolved by sex
6000000106601116837,Anne,F,Q564684,resolved by sex
6000000106651851954,Anne,F,Q564684,resolved by sex
6000000107260551930,Anne,F,Q564684,resolved by sex
6000000107645889823,Anne,F,Q564684,resolved by sex
6000000107645946881,Anne,F,Q564684,resolved by sex
6000000108100807831,Anne,F,Q564684,resolved by sex
6000000108119066833,Anne,F,Q564684,resolved by sex
6000000108560574548,Anne,F,Q564684,resolved by sex
6000000108564739042,Anne,F,Q564684,resolved by sex
6000000108567616908,Anne,F,Q564684,resolved by sex
6000000108693726960,Anne,F,Q564684,resolved by sex
6000000108701470821,Anne,F,Q564684,resolved by sex
6000000108724497167,Anne,F,Q564684,resolved by sex
6000000108725996833,Anne,F,Q564684,resolved by sex
6000000108748717891,Anne,F,Q564684,resolved by sex
6000000108757956821,Anne,F,Q564684,resolved by sex
6000000108759064865,Anne,F,Q564684,resolved by sex
6000000108873527928,Anne,F,Q564684,resolved by sex
6000000108875371987,Anne,F,Q564684,resolved by sex
6000000108924324826,Anne,F,Q564684,resolved by sex
6000000109037455860,Anne,F,Q564684,resolved by sex
6000000109037455860,Anne,F,Q564684,resolved by sex
6000000109038267036,Anne,F,Q564684,resolved by sex
6000000109039094972,Anne,F,Q564684,resolved by sex
6000000109045629973,Anne,F,Q564684,resolved by sex
6000000109047919848,Anne,F,Q564684,resolved by sex
6000000109100166847,Anne,F,Q564684,resolved by sex
6000000109334353239,Anne,F,Q564684,resolved by sex
6000000109357669968,Anne,F,Q564684,resolved by sex
6000000109399836881,Anne,F,Q564684,resolved by sex
6000000109502341271,Anne,F,Q564684,resolved by sex
6000000109915033913,Anne,F,Q564684,resolved by sex
6000000109924428198,Anne,F,Q564684,resolved by sex
6000000109943616839,Anne,F,Q564684,resolved by sex
6000000110120318858,Anne,F,Q564684,resolved by sex
6000000110535507890,Anne,F,Q564684,resolved by sex
6000000110546472827,Anne,F,Q564684,resolved by sex
6000000110642789073,Anne,F,Q564684,resolved by sex
6000000110880933821,Anne,F,Q564684,resolved by sex
6000000111019788886,Anne,F,Q564684,resolved by sex
6000000111083617964,Anne,F,Q564684,resolved by sex
6000000111134375849,Anne,F,Q564684,resolved by sex
6000000111134454853,Anne,F,Q564684,resolved by sex
6000000111330996827,Anne,F,Q564684,resolved by sex
6000000111423865914,Anne,F,Q564684,resolved by sex
6000000111779989897,Anne,F,Q564684,resolved by sex
6000000111779989897,Anne,F,Q564684,resolved by sex
6000000111814188881,Anne,F,Q564684,resolved by sex
6000000111814721912,Anne,F,Q564684,resolved by sex
6000000111818963860,Anne,F,Q564684,resolved by sex
6000000111881152823,Anne,F,Q564684,resolved by sex
6000000111920822081,Anne,F,Q564684,resolved by sex
6000000111922130090,Anne,F,Q564684,resolved by sex
6000000111922339884,Anne,F,Q564684,resolved by sex
6000000111922370890,Anne,F,Q564684,resolved by sex
6000000111922609084,Anne,F,Q564684,resolved by sex
6000000112390752844,Anne,F,Q564684,resolved by sex
6000000112390752844,Anne,F,Q564684,resolved by sex
6000000112894675909,Anne,F,Q564684,resolved by sex
6000000112898518929,Anne,F,Q564684,resolved by sex
6000000113307779821,Anne,F,Q564684,resolved by sex
6000000113307779821,Anne,F,Q564684,resolved by sex
6000000113595363210,Anne,F,Q564684,resolved by sex
6000000113776221884,Anne,F,Q564684,resolved by sex
6000000113776789824,Anne,F,Q564684,resolved by sex
6000000114074961060,Anne,F,Q564684,resolved by sex
6000000114317161092,Anne,F,Q564684,resolved by sex
6000000114487296349,Anne,F,Q564684,resolved by sex
6000000114787280882,Anne,F,Q564684,resolved by sex
6000000114824046899,Anne,F,Q564684,resolved by sex
6000000114824046899,Anne,F,Q564684,resolved by sex
6000000115160635853,Anne,F,Q564684,resolved by sex
6000000115446219876,Anne,F,Q564684,resolved by sex
6000000115446505832,Anne,F,Q564684,resolved by sex
6000000115467678821,Anne,F,Q564684,resolved by sex
6000000115467678821,Anne,F,Q564684,resolved by sex
6000000115849309847,Anne,F,Q564684,resolved by sex
6000000115849425836,Anne,F,Q564684,resolved by sex
6000000116678437859,Anne,F,Q564684,resolved by sex
6000000117088228830,Anne,F,Q564684,resolved by sex
6000000117345844825,Anne,F,Q564684,resolved by sex
6000000117694978827,Anne,F,Q564684,resolved by sex
6000000117737445931,Anne,F,Q564684,resolved by sex
6000000118443966888,Anne,F,Q564684,resolved by sex
6000000118679056878,Anne,F,Q564684,resolved by sex
6000000120360731844,Anne,F,Q564684,resolved by sex
6000000121016188821,Anne,F,Q564684,resolved by sex
6000000122726613361,Anne,F,Q564684,resolved by sex
6000000122737562824,Anne,F,Q564684,resolved by sex
6000000122746862821,Anne,F,Q564684,resolved by sex
6000000122781590940,Anne,F,Q564684,resolved by sex
6000000123404903821,Anne,F,Q564684,resolved by sex
6000000126476219901,Anne,F,Q564684,resolved by sex
6000000127623771824,Anne,F,Q564684,resolved by sex
6000000127805988992,Anne,F,Q564684,resolved by sex
6000000127805988992,Anne,F,Q564684,resolved by sex
6000000129524347896,Anne,F,Q564684,resolved by sex
6000000129779788850,Anne,F,Q564684,resolved by sex
6000000129871684843,Anne,F,Q564684,resolved by sex
6000000129899614822,Anne,F,Q564684,resolved by sex
6000000130152099821,Anne,F,Q564684,resolved by sex
6000000131301574925,Anne,F,Q564684,resolved by sex
6000000131540378822,Anne,F,Q564684,resolved by sex
6000000131758112843,Anne,F,Q564684,resolved by sex
6000000131793714826,Anne,F,Q564684,resolved by sex
6000000132458259956,Anne,F,Q564684,resolved by sex
6000000132843395267,Anne,F,Q564684,resolved by sex
6000000135025904106,Anne,F,Q564684,resolved by sex
6000000135876933840,Anne,F,Q564684,resolved by sex
6000000135876933840,Anne,F,Q564684,resolved by sex
6000000136522889883,Anne,F,Q564684,resolved by sex
6000000136929412888,Anne,F,Q564684,resolved by sex
6000000140187891898,Anne,F,Q564684,resolved by sex
6000000140730922975,Anne,F,Q564684,resolved by sex
6000000140782417965,Anne,F,Q564684,resolved by sex
6000000143241391208,Anne,F,Q564684,resolved by sex
6000000143253574824,Anne,F,Q564684,resolved by sex
6000000144152633825,Anne,F,Q564684,resolved by sex
6000000145516253227,Anne,F,Q564684,resolved by sex
6000000145963700025,Anne,F,Q564684,resolved by sex
6000000147227157886,Anne,F,Q564684,resolved by sex
6000000148656463917,Anne,F,Q564684,resolved by sex
6000000149595283964,Anne,F,Q564684,resolved by sex
6000000149683577824,Anne,F,Q564684,resolved by sex
6000000149690995848,Anne,F,Q564684,resolved by sex
6000000150195072821,Anne,F,Q564684,resolved by sex
6000000150195072821,Anne,F,Q564684,resolved by sex
6000000150618698821,Anne,F,Q564684,resolved by sex
6000000151018377821,Anne,F,Q564684,resolved by sex
6000000151018377821,Anne,F,Q564684,resolved by sex
6000000151375344975,Anne,F,Q564684,resolved by sex
6000000151858925821,Anne,F,Q564684,resolved by sex
6000000151858925821,Anne,F,Q564684,resolved by sex
6000000153524119951,Anne,F,Q564684,resolved by sex
6000000153524662852,Anne,F,Q564684,resolved by sex
6000000153841337831,Anne,F,Q564684,resolved by sex
6000000154942660821,Anne,F,Q564684,resolved by sex
6000000157647336882,Anne,F,Q564684,resolved by sex
6000000158927985007,Anne,F,Q564684,resolved by sex
6000000158999726848,Anne,F,Q564684,resolved by sex
6000000163457700822,Anne,F,Q564684,resolved by sex
6000000163854452859,Anne,F,Q564684,resolved by sex
6000000164292395829,Anne,F,Q564684,resolved by sex
6000000164887559000,Anne,F,Q564684,resolved by sex
6000000165196875834,Anne,F,Q564684,resolved by sex
6000000165957871147,Anne,F,Q564684,resolved by sex
6000000165960177827,Anne,F,Q564684,resolved by sex
6000000166561871886,Anne,F,Q564684,resolved by sex
6000000166573908859,Anne,F,Q564684,resolved by sex
6000000168188372836,Anne,F,Q564684,resolved by sex
6000000168188372937,Anne,F,Q564684,resolved by sex
6000000169074443823,Anne,F,Q564684,resolved by sex
6000000170031018192,Anne,F,Q564684,resolved by sex
6000000170039149825,Anne,F,Q564684,resolved by sex
6000000171384576595,Anne,F,Q564684,resolved by sex
6000000171672675409,Anne,F,Q564684,resolved by sex
6000000172452778965,Anne,F,Q564684,resolved by sex
6000000172560144212,Anne,F,Q564684,resolved by sex
6000000172865581494,Anne,F,Q564684,resolved by sex
6000000172873804170,Anne,F,Q564684,resolved by sex
6000000172882202288,Anne,F,Q564684,resolved by sex
6000000173000289720,Anne,F,Q564684,resolved by sex
6000000173036825249,Anne,F,Q564684,resolved by sex
6000000173111786076,Anne,F,Q564684,resolved by sex
6000000173349551931,Anne,F,Q564684,resolved by sex
6000000173558878924,Anne,F,Q564684,resolved by sex
6000000173578473904,Anne,F,Q564684,resolved by sex
6000000173756696028,Anne,F,Q564684,resolved by sex
6000000174050264595,Anne,F,Q564684,resolved by sex
6000000174050264595,Anne,F,Q564684,resolved by sex
6000000174094952513,Anne,F,Q564684,resolved by sex
6000000174095970296,Anne,F,Q564684,resolved by sex
6000000174189764127,Anne,F,Q564684,resolved by sex
6000000174358433842,Anne,F,Q564684,resolved by sex
6000000174358883159,Anne,F,Q564684,resolved by sex
6000000174531895999,Anne,F,Q564684,resolved by sex
6000000175319823109,Anne,F,Q564684,resolved by sex
6000000175582868830,Anne,F,Q564684,resolved by sex
6000000175645650863,Anne,F,Q564684,resolved by sex
6000000175686434228,Anne,F,Q564684,resolved by sex
6000000175962684909,Anne,F,Q564684,resolved by sex
6000000176106182830,Anne,F,Q564684,resolved by sex
6000000176569727916,Anne,F,Q564684,resolved by sex
6000000176668577823,Anne,F,Q564684,resolved by sex
6000000177120285882,Anne,F,Q564684,resolved by sex
6000000177120327837,Anne,F,Q564684,resolved by sex
6000000177120686834,Anne,F,Q564684,resolved by sex
6000000177120900825,Anne,F,Q564684,resolved by sex
6000000177381907838,Anne,F,Q564684,resolved by sex
6000000177494879903,Anne,F,Q564684,resolved by sex
6000000177496995858,Anne,F,Q564684,resolved by sex
6000000177669356836,Anne,F,Q564684,resolved by sex
6000000177793885838,Anne,F,Q564684,resolved by sex
6000000177878150825,Anne,F,Q564684,resolved by sex
6000000177921459174,Anne,F,Q564684,resolved by sex
6000000178035413821,Anne,F,Q564684,resolved by sex
6000000178199202824,Anne,F,Q564684,resolved by sex
6000000178236115842,Anne,F,Q564684,resolved by sex
6000000178241092872,Anne,F,Q564684,resolved by sex
6000000178244245824,Anne,F,Q564684,resolved by sex
6000000178263393821,Anne,F,Q564684,resolved by sex
6000000178266865830,Anne,F,Q564684,resolved by sex
6000000178279327889,Anne,F,Q564684,resolved by sex
6000000178281225821,Anne,F,Q564684,resolved by sex
6000000178287506822,Anne,F,Q564684,resolved by sex
6000000178379260848,Anne,F,Q564684,resolved by sex
6000000178380242842,Anne,F,Q564684,resolved by sex
6000000178414705940,Anne,F,Q564684,resolved by sex
6000000178414832822,Anne,F,Q564684,resolved by sex
6000000178417686868,Anne,F,Q564684,resolved by sex
6000000178418527832,Anne,F,Q564684,resolved by sex
6000000178456582897,Anne,F,Q564684,resolved by sex
6000000178461203840,Anne,F,Q564684,resolved by sex
6000000178470765832,Anne,F,Q564684,resolved by sex
6000000178487862831,Anne,F,Q564684,resolved by sex
6000000178497054858,Anne,F,Q564684,resolved by sex
6000000178514728838,Anne,F,Q564684,resolved by sex
6000000178519004898,Anne,F,Q564684,resolved by sex
6000000178521421826,Anne,F,Q564684,resolved by sex
6000000178523122843,Anne,F,Q564684,resolved by sex
6000000178523166828,Anne,F,Q564684,resolved by sex
6000000178653810828,Anne,F,Q564684,resolved by sex
6000000178654273843,Anne,F,Q564684,resolved by sex
6000000178656283866,Anne,F,Q564684,resolved by sex
6000000178810183822,Anne,F,Q564684,resolved by sex
6000000178937582876,Anne,F,Q564684,resolved by sex
6000000178938559855,Anne,F,Q564684,resolved by sex
6000000179144540822,Anne,M,Q47860848,resolved by sex
6000000179312364841,Anne,F,Q564684,resolved by sex
6000000179585334824,Anne,F,Q564684,resolved by sex
6000000179654251857,Anne,F,Q564684,resolved by sex
6000000179786490846,Anne,F,Q564684,resolved by sex
6000000179786728845,Anne,F,Q564684,resolved by sex
6000000179822256956,Anne,F,Q564684,resolved by sex
6000000179825025835,Anne,F,Q564684,resolved by sex
6000000179854914872,Anne,F,Q564684,resolved by sex
6000000180013092863,Anne,F,Q564684,resolved by sex
6000000180030655821,Anne,F,Q564684,resolved by sex
6000000180082106826,Anne,F,Q564684,resolved by sex
6000000180417774823,Anne,F,Q564684,resolved by sex
6000000180417774823,Anne,F,Q564684,resolved by sex
6000000180710519825,Anne,F,Q564684,resolved by sex
6000000180818277823,Anne,F,Q564684,resolved by sex
6000000180821106031,Anne,F,Q564684,resolved by sex
6000000181134968829,Anne,F,Q564684,resolved by sex
6000000181136943832,Anne,F,Q564684,resolved by sex
6000000181175836823,Anne,F,Q564684,resolved by sex
6000000181814805832,Anne,F,Q564684,resolved by sex
6000000181816633825,Anne,F,Q564684,resolved by sex
6000000182174362867,Anne,F,Q564684,resolved by sex
6000000182182488871,Anne,F,Q564684,resolved by sex
6000000182250238853,Anne,F,Q564684,resolved by sex
6000000182372791868,Anne,F,Q564684,resolved by sex
6000000182666799926,Anne,F,Q564684,resolved by sex
6000000182728538856,Anne,F,Q564684,resolved by sex
6000000182839436846,Anne,F,Q564684,resolved by sex
6000000182929264823,Anne,F,Q564684,resolved by sex
6000000182969887851,Anne,F,Q564684,resolved by sex
6000000183022566853,Anne,F,Q564684,resolved by sex
6000000183701879821,Anne,F,Q564684,resolved by sex
6000000183744212860,Anne,F,Q564684,resolved by sex
6000000183744499838,Anne,M,Q47860848,resolved by sex
6000000183744551824,Anne,F,Q564684,resolved by sex
6000000183747102823,Anne,F,Q564684,resolved by sex
6000000183747143860,Anne,M,Q47860848,resolved by sex
6000000183817413918,Anne,F,Q564684,resolved by sex
6000000184226565821,Anne,F,Q564684,resolved by sex
6000000184253646883,Anne,F,Q564684,resolved by sex
6000000184413973852,Anne,F,Q564684,resolved by sex
6000000184690543962,Anne,F,Q564684,resolved by sex
6000000184765431823,Anne,F,Q564684,resolved by sex
6000000185144966824,Anne,F,Q564684,resolved by sex
6000000185193435853,Anne,F,Q564684,resolved by sex
6000000185216336877,Anne,F,Q564684,resolved by sex
6000000185231457837,Anne,F,Q564684,resolved by sex
6000000185262500869,Anne,F,Q564684,resolved by sex
6000000185388796178,Anne,F,Q564684,resolved by sex
6000000185451374937,Anne,F,Q564684,resolved by sex
6000000185467693939,Anne,F,Q564684,resolved by sex
6000000185467965875,Anne,F,Q564684,resolved by sex
6000000185844702843,Anne,F,Q564684,resolved by sex
6000000185861095923,Anne,F,Q564684,resolved by sex
6000000185936997838,Anne,F,Q564684,resolved by sex
6000000185957348904,Anne,F,Q564684,resolved by sex
6000000186006569090,Anne,F,Q564684,resolved by sex
6000000186163563173,Anne,F,Q564684,resolved by sex
6000000186214186167,Anne,F,Q564684,resolved by sex
6000000186447952863,Anne,F,Q564684,resolved by sex
6000000186490207848,Anne,F,Q564684,resolved by sex
6000000186490907830,Anne,F,Q564684,resolved by sex
6000000186660270883,Anne,F,Q564684,resolved by sex
6000000186667881822,Anne,F,Q564684,resolved by sex
6000000186667947824,Anne,F,Q564684,resolved by sex
6000000186681084829,Anne,F,Q564684,resolved by sex
6000000186744037873,Anne,F,Q564684,resolved by sex
6000000186979441840,Anne,F,Q564684,resolved by sex
6000000187017130824,Anne,F,Q564684,resolved by sex
6000000187051552845,Anne,F,Q564684,resolved by sex
6000000187343985891,Anne,F,Q564684,resolved by sex
6000000187823341828,Anne,F,Q564684,resolved by sex
6000000187886186822,Anne,F,Q564684,resolved by sex
6000000187886242838,Anne,F,Q564684,resolved by sex
6000000187933039900,Anne,F,Q564684,resolved by sex
6000000188010111866,Anne,F,Q564684,resolved by sex
6000000188127630851,Anne,F,Q564684,resolved by sex
6000000188132645827,Anne,F,Q564684,resolved by sex
6000000188142828831,Anne,F,Q564684,resolved by sex
6000000188328779857,Anne,F,Q564684,resolved by sex
6000000188329288825,Anne,F,Q564684,resolved by sex
6000000188517371852,Anne,F,Q564684,resolved by sex
6000000188561568857,Anne,F,Q564684,resolved by sex
6000000188703918823,Anne,F,Q564684,resolved by sex
6000000188734739821,Anne,F,Q564684,resolved by sex
6000000188734739821,Anne,F,Q564684,resolved by sex
6000000188850644821,Anne,F,Q564684,resolved by sex
6000000189116552824,Anne,F,Q564684,resolved by sex
6000000189131246821,Anne,F,Q564684,resolved by sex
6000000189462484834,Anne,F,Q564684,resolved by sex
6000000189542719872,Anne,F,Q564684,resolved by sex
6000000189849492831,Anne,F,Q564684,resolved by sex
6000000190099990841,Anne,F,Q564684,resolved by sex
6000000190404741925,Anne,F,Q564684,resolved by sex
6000000190522907842,Anne,F,Q564684,resolved by sex
6000000190797267821,Anne,F,Q564684,resolved by sex
6000000190881112821,Anne,F,Q564684,resolved by sex
6000000190881773885,Anne,F,Q564684,resolved by sex
6000000190893655850,Anne,F,Q564684,resolved by sex
6000000190964153835,Anne,F,Q564684,resolved by sex
6000000191019795846,Anne,F,Q564684,resolved by sex
6000000191029864839,Anne,F,Q564684,resolved by sex
6000000191202091823,Anne,F,Q564684,resolved by sex
6000000191249072851,Anne,F,Q564684,resolved by sex
6000000191507360839,Anne,F,Q564684,resolved by sex
6000000191509750822,Anne,F,Q564684,resolved by sex
6000000191567324821,Anne,F,Q564684,resolved by sex
6000000191642168837,Anne,F,Q564684,resolved by sex
6000000191691346854,Anne,F,Q564684,resolved by sex
6000000191806097830,Anne,F,Q564684,resolved by sex
6000000192197337828,Anne,F,Q564684,resolved by sex
6000000192461456827,Anne,F,Q564684,resolved by sex
6000000192465627827,Anne,F,Q564684,resolved by sex
6000000192467047853,Anne,F,Q564684,resolved by sex
6000000192473854878,Anne,F,Q564684,resolved by sex
6000000192599789829,Anne,F,Q564684,resolved by sex
6000000192713385844,Anne,F,Q564684,resolved by sex
6000000192747288851,Anne,F,Q564684,resolved by sex
6000000192769054870,Anne,F,Q564684,resolved by sex
6000000192770150821,Anne,F,Q564684,resolved by sex
6000000193111145888,Anne,F,Q564684,resolved by sex
6000000193269941847,Anne,F,Q564684,resolved by sex
6000000193347044851,Anne,F,Q564684,resolved by sex
6000000193579466849,Anne,F,Q564684,resolved by sex
6000000193579466849,Anne,F,Q564684,resolved by sex
6000000193622646916,Anne,F,Q564684,resolved by sex
6000000193704998823,Anne,F,Q564684,resolved by sex
6000000193718827850,Anne,F,Q564684,resolved by sex
6000000193742425840,Anne,F,Q564684,resolved by sex
6000000193755695834,Anne,F,Q564684,resolved by sex
6000000193995844887,Anne,F,Q564684,resolved by sex
6000000193996017872,Anne,F,Q564684,resolved by sex
6000000194079152852,Anne,F,Q564684,resolved by sex
6000000194143962860,Anne,F,Q564684,resolved by sex
6000000194150813024,Anne,F,Q564684,resolved by sex
6000000194591907824,Anne,F,Q564684,resolved by sex
6000000194591974844,Anne,F,Q564684,resolved by sex
6000000194836250174,Anne,F,Q564684,resolved by sex
6000000194852188821,Anne,F,Q564684,resolved by sex
6000000195038491405,Anne,F,Q564684,resolved by sex
6000000195040060034,Anne,F,Q564684,resolved by sex
6000000195069884821,Anne,F,Q564684,resolved by sex
6000000195072267823,Anne,F,Q564684,resolved by sex
6000000195189605842,Anne,F,Q564684,resolved by sex
6000000195266994846,Anne,F,Q564684,resolved by sex
6000000195286000852,Anne,F,Q564684,resolved by sex
6000000195286115842,Anne,F,Q564684,resolved by sex
6000000195286366831,Anne,F,Q564684,resolved by sex
6000000195632903826,Anne,F,Q564684,resolved by sex
6000000195633184829,Anne,F,Q564684,resolved by sex
6000000195697031844,Anne,F,Q564684,resolved by sex
6000000195788077822,Anne,F,Q564684,resolved by sex
6000000195788077822,Anne,F,Q564684,resolved by sex
6000000195800765889,Anne,F,Q564684,resolved by sex
6000000195800961845,Anne,F,Q564684,resolved by sex
6000000195807852826,Anne,F,Q564684,resolved by sex
6000000195808749828,Anne,F,Q564684,resolved by sex
6000000195832160854,Anne,F,Q564684,resolved by sex
6000000195833455829,Anne,F,Q564684,resolved by sex
6000000196271403859,Anne,F,Q564684,resolved by sex
6000000196362465881,Anne,F,Q564684,resolved by sex
6000000196755393853,Anne,F,Q564684,resolved by sex
6000000196924064848,Anne,F,Q564684,resolved by sex
6000000197056942855,Anne,F,Q564684,resolved by sex
6000000197189991848,Anne,F,Q564684,resolved by sex
6000000198239409829,Anne,F,Q564684,resolved by sex
6000000199114754871,Anne,F,Q564684,resolved by sex
6000000199327591835,Anne,F,Q564684,resolved by sex
6000000199378995915,Anne,F,Q564684,resolved by sex
6000000199502864830,Anne,F,Q564684,resolved by sex
6000000199504510828,Anne,F,Q564684,resolved by sex
6000000199505302838,Anne,F,Q564684,resolved by sex
6000000199621219822,Anne,F,Q564684,resolved by sex
6000000200751566847,Anne,F,Q564684,resolved by sex
6000000200828236831,Anne,F,Q564684,resolved by sex
6000000200939085829,Anne,F,Q564684,resolved by sex
6000000201118699825,Anne,F,Q564684,resolved by sex
6000000201122060832,Anne,M,Q47860848,resolved by sex
6000000201232090838,Anne,F,Q564684,resolved by sex
6000000201243663865,Anne,F,Q564684,resolved by sex
6000000201243713861,Anne,F,Q564684,resolved by sex
6000000201317486841,Anne,F,Q564684,resolved by sex
6000000201470365839,Anne,F,Q564684,resolved by sex
6000000201838655822,Anne,F,Q564684,resolved by sex
6000000202076569896,Anne,F,Q564684,resolved by sex
6000000202108119830,Anne,F,Q564684,resolved by sex
6000000202108160833,Anne,F,Q564684,resolved by sex
6000000202372523834,Anne,F,Q564684,resolved by sex
6000000202845480829,Anne,F,Q564684,resolved by sex
6000000202900536837,Anne,F,Q564684,resolved by sex
6000000202932070823,Anne,F,Q564684,resolved by sex
6000000203189542846,Anne,F,Q564684,resolved by sex
6000000203613775833,Anne,F,Q564684,resolved by sex
6000000204172225854,Anne,F,Q564684,resolved by sex
6000000204512886821,Anne,F,Q564684,resolved by sex
6000000204679634832,Anne,F,Q564684,resolved by sex
6000000204809238947,Anne,F,Q564684,resolved by sex
6000000204959579822,Anne,F,Q564684,resolved by sex
6000000205252752821,Anne,F,Q564684,resolved by sex
6000000205295022826,Anne,F,Q564684,resolved by sex
6000000205480545945,Anne,F,Q564684,resolved by sex
6000000205660276872,Anne,F,Q564684,resolved by sex
6000000205667018921,Anne,F,Q564684,resolved by sex
6000000205925614858,Anne,F,Q564684,resolved by sex
6000000205961202891,Anne,F,Q564684,resolved by sex
6000000205961492822,Anne,F,Q564684,resolved by sex
6000000205971656839,Anne,F,Q564684,resolved by sex
6000000206124833874,Anne,F,Q564684,resolved by sex
6000000206177087886,Anne,F,Q564684,resolved by sex
6000000206453102847,Anne,F,Q564684,resolved by sex
6000000206649503857,Anne,F,Q564684,resolved by sex
6000000206735584824,Anne,F,Q564684,resolved by sex
6000000206892197115,Anne,F,Q564684,resolved by sex
6000000206915298919,Anne,F,Q564684,resolved by sex
6000000206929095858,Anne,F,Q564684,resolved by sex
6000000207215947830,Anne,F,Q564684,resolved by sex
6000000207369134866,Anne,F,Q564684,resolved by sex
6000000207547111829,Anne,F,Q564684,resolved by sex
6000000207795759821,Anne,F,Q564684,resolved by sex
6000000207795854823,Anne,F,Q564684,resolved by sex
6000000207863520822,Anne,F,Q564684,resolved by sex
6000000208047629834,Anne,F,Q564684,resolved by sex
6000000208103197851,Anne,F,Q564684,resolved by sex
6000000208237722874,Anne,F,Q564684,resolved by sex
6000000208252563822,Anne,F,Q564684,resolved by sex
6000000208481154821,Anne,F,Q564684,resolved by sex
6000000208484973821,Anne,F,Q564684,resolved by sex
6000000208596759854,Anne,F,Q564684,resolved by sex
6000000208623600967,Anne,F,Q564684,resolved by sex
6000000208720198830,Anne,F,Q564684,resolved by sex
6000000208865783901,Anne,F,Q564684,resolved by sex
6000000208868241823,Anne,F,Q564684,resolved by sex
6000000208958243833,Anne,F,Q564684,resolved by sex
6000000208986223835,Anne,F,Q564684,resolved by sex
6000000208986307826,Anne,F,Q564684,resolved by sex
6000000209028598876,Anne,F,Q564684,resolved by sex
6000000209227533881,Anne,F,Q564684,resolved by sex
6000000209231760821,Anne,F,Q564684,resolved by sex
6000000209381856832,Anne,F,Q564684,resolved by sex
6000000209876075844,Anne,F,Q564684,resolved by sex
6000000210293126825,Anne,F,Q564684,resolved by sex
6000000210483216837,Anne,F,Q564684,resolved by sex
6000000212068361821,Anne,F,Q564684,resolved by sex
6000000212282782829,Anne,F,Q564684,resolved by sex
6000000212399854829,Anne,F,Q564684,resolved by sex
6000000212401738838,Anne,F,Q564684,resolved by sex
6000000212457949828,Anne,F,Q564684,resolved by sex
6000000212887997897,Anne,F,Q564684,resolved by sex
6000000213016300874,Anne,F,Q564684,resolved by sex
6000000213206896821,Anne,F,Q564684,resolved by sex
6000000213475558825,Anne,F,Q564684,resolved by sex
6000000213605688822,Anne,F,Q564684,resolved by sex
6000000214411085825,Anne,F,Q564684,resolved by sex
6000000214411085825,Anne,F,Q564684,resolved by sex
6000000215161763822,Anne,F,Q564684,resolved by sex
6000000215162921828,Anne,F,Q564684,resolved by sex
6000000215162929828,Anne,F,Q564684,resolved by sex
6000000215164858826,Anne,F,Q564684,resolved by sex
6000000215165170831,Anne,F,Q564684,resolved by sex
6000000215269169842,Anne,F,Q564684,resolved by sex
6000000216553940826,Anne,F,Q564684,resolved by sex
6000000216583610857,Anne,F,Q564684,resolved by sex
6000000216649519838,Anne,F,Q564684,resolved by sex
6000000217339310827,Anne,F,Q564684,resolved by sex
6000000217456355833,Anne,F,Q564684,resolved by sex
6000000217456429842,Anne,F,Q564684,resolved by sex
6000000217553746821,Anne,F,Q564684,resolved by sex
6000000217585273887,Anne,F,Q564684,resolved by sex
6000000217886889878,Anne,F,Q564684,resolved by sex
6000000217923302838,Anne,F,Q564684,resolved by sex
6000000218147128825,Anne,F,Q564684,resolved by sex
6000000218156508904,Anne,F,Q564684,resolved by sex
6000000218230339830,Anne,F,Q564684,resolved by sex
6000000218303486917,Anne,F,Q564684,resolved by sex
6000000218598131879,Anne,F,Q564684,resolved by sex
6000000219107533834,Anne,F,Q564684,resolved by sex
6000000219233831821,Anne,F,Q564684,resolved by sex
6000000219278622833,Anne,F,Q564684,resolved by sex
6000000219536959852,Anne,F,Q564684,resolved by sex
6000000219567463823,Anne,F,Q564684,resolved by sex
6000000219878467849,Anne,F,Q564684,resolved by sex
6000000219888476964,Anne,F,Q564684,resolved by sex
6000000219888857889,Anne,F,Q564684,resolved by sex
6000000219957232837,Anne,F,Q564684,resolved by sex
6000000220149636885,Anne,F,Q564684,resolved by sex
6000000220180639821,Anne,F,Q564684,resolved by sex
6000000220180760840,Anne,F,Q564684,resolved by sex
6000000220180787828,Anne,F,Q564684,resolved by sex
6000000220197246872,Anne,F,Q564684,resolved by sex
6000000220197287851,Anne,F,Q564684,resolved by sex
6000000220779544900,Anne,F,Q564684,resolved by sex
6000000220779544900,Anne,F,Q564684,resolved by sex
6000000220784870842,Anne,F,Q564684,resolved by sex
6000000220859854821,Anne,F,Q564684,resolved by sex
6000000220896385913,Anne,F,Q564684,resolved by sex
6000000220923734979,Anne,F,Q564684,resolved by sex
6000000221226755839,Anne,F,Q564684,resolved by sex
6000000221254576883,Anne,F,Q564684,resolved by sex
6000000221254655836,Anne,F,Q564684,resolved by sex
6000000221254719829,Anne,F,Q564684,resolved by sex
6000000221316959822,Anne,F,Q564684,resolved by sex
6000000221316959822,Anne,F,Q564684,resolved by sex
6000000221463149821,Anne,F,Q564684,resolved by sex
6000000221483021827,Anne,F,Q564684,resolved by sex
6000000221781988826,Anne,F,Q564684,resolved by sex
6000000221948993911,Anne,F,Q564684,resolved by sex
6000000221955378917,Anne,F,Q564684,resolved by sex
6000000222001422884,Anne,F,Q564684,resolved by sex
6000000222030494946,Anne,F,Q564684,resolved by sex
6000000222098765906,Anne,F,Q564684,resolved by sex
6000000222098766966,Anne,F,Q564684,resolved by sex
6000000222825828991,Anne,F,Q564684,resolved by sex
6000000222844976821,Anne,F,Q564684,resolved by sex
6000000222892866002,Anne,F,Q564684,resolved by sex
6000000222925780826,Anne,F,Q564684,resolved by sex
6000000222972543859,Anne,F,Q564684,resolved by sex
6000000222999673924,Anne,F,Q564684,resolved by sex
6000000223032794821,Anne,F,Q564684,resolved by sex
6000000223117833866,Anne,F,Q564684,resolved by sex
6000000223578197908,Anne,F,Q564684,resolved by sex
6000000224004448829,Anne,F,Q564684,resolved by sex
6000000224004448829,Anne,F,Q564684,resolved by sex
6000000224068693851,Anne,F,Q564684,resolved by sex
6000000224069327826,Anne,F,Q564684,resolved by sex
6000000224084144404,Anne,F,Q564684,resolved by sex
6000000224084144404,Anne,F,Q564684,resolved by sex
6000000224121614909,Anne,F,Q564684,resolved by sex
6000000224121614909,Anne,F,Q564684,resolved by sex
6000000224121713871,Anne,F,Q564684,resolved by sex
6000000224121713871,Anne,F,Q564684,resolved by sex
6000000224178357702,Anne,F,Q564684,resolved by sex
6000000224263607874,Anne,F,Q564684,resolved by sex
6000000224263607874,Anne,F,Q564684,resolved by sex
6000000224295334941,Anne,F,Q564684,resolved by sex
6000000224314476826,Anne,F,Q564684,resolved by sex
6000000224394539835,Anne,F,Q564684,resolved by sex
6000000224433359863,Anne,F,Q564684,resolved by sex
6000000224435367823,Anne,F,Q564684,resolved by sex
6000000224879201891,Anne,F,Q564684,resolved by sex
6000000225482030425,Anne,F,Q564684,resolved by sex
6000000225582103874,Anne,F,Q564684,resolved by sex
6000000225641434821,Anne,F,Q564684,resolved by sex
6000000226008590831,Anne,F,Q564684,resolved by sex
6000000226023998924,Anne,F,Q564684,resolved by sex
6000000226027126264,Anne,F,Q564684,resolved by sex
6000000226027126279,Anne,F,Q564684,resolved by sex
6000000226027126286,Anne,F,Q564684,resolved by sex
6000000226027944186,Anne,F,Q564684,resolved by sex
6000000226027944219,Anne,F,Q564684,resolved by sex
6000000226027944239,Anne,F,Q564684,resolved by sex
6000000226028053114,Anne,F,Q564684,resolved by sex
6000000226028570839,Anne,F,Q564684,resolved by sex
6000000226105004895,Anne,F,Q564684,resolved by sex
6000000226138897821,Anne,F,Q564684,resolved by sex
6000000226138897821,Anne,F,Q564684,resolved by sex
6000000226174366918,Anne,F,Q564684,resolved by sex
6000000226457627826,Anne,F,Q564684,resolved by sex
6000000226555303942,Anne,F,Q564684,resolved by sex
6000000226564220868,Anne,F,Q564684,resolved by sex
6000000226747125843,Anne,F,Q564684,resolved by sex
6000000226777433894,Anne,F,Q564684,resolved by sex
839475,Anne,F,Q564684,resolved by sex
992228,Anne,F,Q564684,resolved by sex
992352,Anne,F,Q564684,resolved by sex
312474987850005822,Auguste,F,Q28053272,resolved by sex
4276963799530069552,Auguste,F,Q28053272,resolved by sex
4472377107860082429,Auguste,F,Q28053272,resolved by sex
4694693,Auguste,F,Q28053272,resolved by sex
5060829979370102198,Auguste,F,Q28053272,resolved by sex
6000000000702651495,Auguste,F,Q28053272,resolved by sex
6000000000825392480,Auguste,F,Q28053272,resolved by sex
6000000001353287163,Auguste,F,Q28053272,resolved by sex
6000000001504796280,Auguste,F,Q28053272,resolved by sex
6000000001900048823,Auguste,F,Q28053272,resolved by sex
6000000002188370858,Auguste,F,Q28053272,resolved by sex
6000000002188399328,Auguste,F,Q28053272,resolved by sex
6000000002188458238,Auguste,F,Q28053272,resolved by sex
6000000002188464907,Auguste,F,Q28053272,resolved by sex
6000000002188470182,Auguste,F,Q28053272,resolved by sex
6000000002188470206,Auguste,F,Q28053272,resolved by sex
6000000002244425187,Auguste,M,Q18010311,resolved by sex
6000000002376125369,Auguste,M,Q18010311,resolved by sex
6000000002742302065,Auguste,F,Q28053272,resolved by sex
6000000002764505030,Auguste,F,Q28053272,resolved by sex
6000000002764505030,Auguste,F,Q28053272,resolved by sex
6000000002764674480,Auguste,F,Q28053272,resolved by sex
6000000002765045679,Auguste,F,Q28053272,resolved by sex
6000000002765870683,Auguste,M,Q18010311,resolved by sex
6000000002802580977,Auguste,F,Q28053272,resolved by sex
6000000002912022659,Auguste,F,Q28053272,resolved by sex
6000000003005035257,Auguste,M,Q18010311,resolved by sex
6000000003005035257,Auguste,M,Q18010311,resolved by sex
6000000003005286020,Auguste,M,Q18010311,resolved by sex
6000000003005286020,Auguste,M,Q18010311,resolved by sex
6000000003581437848,Auguste,F,Q28053272,resolved by sex
6000000003887771512,Auguste,M,Q18010311,resolved by sex
6000000004630308251,Auguste,F,Q28053272,resolved by sex
6000000004884976689,Auguste,F,Q28053272,resolved by sex
6000000004907763015,Auguste,F,Q28053272,resolved by sex
6000000004934114857,Auguste,F,Q28053272,resolved by sex
6000000004934192191,Auguste,F,Q28053272,resolved by sex
6000000004934192312,Auguste,F,Q28053272,resolved by sex
6000000004934192312,Auguste,F,Q28053272,resolved by sex
6000000005598808139,Auguste,F,Q28053272,resolved by sex
6000000005599214336,Auguste,F,Q28053272,resolved by sex
6000000005599214336,Auguste,F,Q28053272,resolved by sex
6000000006101404613,Auguste,F,Q28053272,resolved by sex
6000000006101404773,Auguste,M,Q18010311,resolved by sex
6000000006127381120,Auguste,M,Q18010311,resolved by sex
6000000006277541535,Auguste,F,Q28053272,resolved by sex
6000000006582067514,Auguste,F,Q28053272,resolved by sex
6000000006597811083,Auguste,M,Q18010311,resolved by sex
6000000006727778447,Auguste,F,Q28053272,resolved by sex
6000000007127814620,Auguste,F,Q28053272,resolved by sex
6000000007166280673,Auguste,F,Q28053272,resolved by sex
6000000007225775783,Auguste,F,Q28053272,resolved by sex
6000000007273067788,Auguste,M,Q18010311,resolved by sex
6000000007294504364,Auguste,F,Q28053272,resolved by sex
6000000007329537290,Auguste,F,Q28053272,resolved by sex
6000000007337243848,Auguste,F,Q28053272,resolved by sex
6000000007401259365,Auguste,F,Q28053272,resolved by sex
6000000007416616514,Auguste,F,Q28053272,resolved by sex
6000000007499480540,Auguste,F,Q28053272,resolved by sex
6000000008350598659,Auguste,M,Q18010311,resolved by sex
6000000008483243774,Auguste,F,Q28053272,resolved by sex
6000000009305189212,Auguste,M,Q18010311,resolved by sex
6000000009816635677,Auguste,F,Q28053272,resolved by sex
6000000010131946974,Auguste,M,Q18010311,resolved by sex
6000000010132008709,Auguste,M,Q18010311,resolved by sex
6000000010428653392,Auguste,F,Q28053272,resolved by sex
6000000010683376375,Auguste,M,Q18010311,resolved by sex
6000000010793404811,Auguste,F,Q28053272,resolved by sex
6000000010877342597,Auguste,M,Q18010311,resolved by sex
6000000010877529239,Auguste,M,Q18010311,resolved by sex
6000000010987772871,Auguste,F,Q28053272,resolved by sex
6000000011772493874,Auguste,F,Q28053272,resolved by sex
6000000011799853187,Auguste,F,Q28053272,resolved by sex
6000000011979336569,Auguste,F,Q28053272,resolved by sex
6000000012619441614,Auguste,F,Q28053272,resolved by sex
6000000012943793228,Auguste,F,Q28053272,resolved by sex
6000000013384690583,Auguste,F,Q28053272,resolved by sex
6000000013471336923,Auguste,F,Q28053272,resolved by sex
6000000013614863943,Auguste,F,Q28053272,resolved by sex
6000000013965999730,Auguste,F,Q28053272,resolved by sex
6000000013982758099,Auguste,F,Q28053272,resolved by sex
6000000014248682262,Auguste,F,Q28053272,resolved by sex
6000000014266352930,Auguste,F,Q28053272,resolved by sex
6000000014577516780,Auguste,F,Q28053272,resolved by sex
6000000014686907676,Auguste,F,Q28053272,resolved by sex
6000000014724378401,Auguste,F,Q28053272,resolved by sex
6000000014763662065,Auguste,M,Q18010311,resolved by sex
6000000015333282653,Auguste,F,Q28053272,resolved by sex
6000000015590101551,Auguste,F,Q28053272,resolved by sex
6000000015593929025,Auguste,F,Q28053272,resolved by sex
6000000015644744660,Auguste,F,Q28053272,resolved by sex
6000000015648016354,Auguste,F,Q28053272,resolved by sex
6000000015660551930,Auguste,F,Q28053272,resolved by sex
6000000015744086360,Auguste,F,Q28053272,resolved by sex
6000000015808886282,Auguste,M,Q18010311,resolved by sex
6000000015892542027,Auguste,M,Q18010311,resolved by sex
6000000015906386190,Auguste,F,Q28053272,resolved by sex
6000000015915845824,Auguste,F,Q28053272,resolved by sex
6000000015971730554,Auguste,F,Q28053272,resolved by sex
6000000016040004638,Auguste,F,Q28053272,resolved by sex
6000000016406964653,Auguste,F,Q28053272,resolved by sex
6000000017121138074,Auguste,F,Q28053272,resolved by sex
6000000017828758246,Auguste,F,Q28053272,resolved by sex
6000000018316130130,Auguste,M,Q18010311,resolved by sex
6000000019146584733,Auguste,M,Q18010311,resolved by sex
6000000019520494586,Auguste,M,Q18010311,resolved by sex
6000000021353108608,Auguste,F,Q28053272,resolved by sex
6000000021492824866,Auguste,M,Q18010311,resolved by sex
6000000021755159898,Auguste,M,Q18010311,resolved by sex
6000000022219228089,Auguste,M,Q18010311,resolved by sex
6000000022219648933,Auguste,M,Q18010311,resolved by sex
6000000022245079733,Auguste,M,Q18010311,resolved by sex
6000000022367810665,Auguste,M,Q18010311,resolved by sex
6000000022671703384,Auguste,F,Q28053272,resolved by sex
6000000023368084018,Auguste,F,Q28053272,resolved by sex
6000000023405838863,Auguste,F,Q28053272,resolved by sex
6000000023511865093,Auguste,F,Q28053272,resolved by sex
6000000023531485792,Auguste,F,Q28053272,resolved by sex
6000000023697478123,Auguste,F,Q28053272,resolved by sex
6000000024485715268,Auguste,F,Q28053272,resolved by sex
6000000024514920172,Auguste,F,Q28053272,resolved by sex
6000000025296609509,Auguste,F,Q28053272,resolved by sex
6000000025412157230,Auguste,F,Q28053272,resolved by sex
6000000025645662201,Auguste,F,Q28053272,resolved by sex
6000000026028270608,Auguste,M,Q18010311,resolved by sex
6000000026092242596,Auguste,F,Q28053272,resolved by sex
6000000026378536859,Auguste,F,Q28053272,resolved by sex
6000000026522998721,Auguste,F,Q28053272,resolved by sex
6000000026536323198,Auguste,F,Q28053272,resolved by sex
6000000027084473035,Auguste,F,Q28053272,resolved by sex
6000000027106668960,Auguste,M,Q18010311,resolved by sex
6000000027877959454,Auguste,F,Q28053272,resolved by sex
6000000028029713314,Auguste,F,Q28053272,resolved by sex
6000000028485335650,Auguste,F,Q28053272,resolved by sex
6000000028485335650,Auguste,F,Q28053272,resolved by sex
6000000028996587172,Auguste,F,Q28053272,resolved by sex
6000000029032665149,Auguste,F,Q28053272,resolved by sex
6000000029752218448,Auguste,F,Q28053272,resolved by sex
6000000031006739702,Auguste,M,Q18010311,resolved by sex
6000000031575089827,Auguste,F,Q28053272,resolved by sex
6000000031585690405,Auguste,M,Q18010311,resolved by sex
6000000031596154104,Auguste,M,Q18010311,resolved by sex
6000000031664686237,Auguste,F,Q28053272,resolved by sex
6000000032529134962,Auguste,M,Q18010311,resolved by sex
6000000033388376769,Auguste,F,Q28053272,resolved by sex
6000000034011629509,Auguste,F,Q28053272,resolved by sex
6000000034581831886,Auguste,M,Q18010311,resolved by sex
6000000037130676280,Auguste,F,Q28053272,resolved by sex
6000000038136700134,Auguste,M,Q18010311,resolved by sex
6000000038215536753,Auguste,F,Q28053272,resolved by sex
6000000038427813881,Auguste,F,Q28053272,resolved by sex
6000000038483506829,Auguste,F,Q28053272,resolved by sex
6000000039355421241,Auguste,M,Q18010311,resolved by sex
6000000041395438536,Auguste,F,Q28053272,resolved by sex
6000000042012706596,Auguste,F,Q28053272,resolved by sex
6000000042067455794,Auguste,F,Q28053272,resolved by sex
6000000042578473380,Auguste,M,Q18010311,resolved by sex
6000000046859969847,Auguste,F,Q28053272,resolved by sex
6000000047757814595,Auguste,F,Q28053272,resolved by sex
6000000048278938997,Auguste,F,Q28053272,resolved by sex
6000000048397104946,Auguste,F,Q28053272,resolved by sex
6000000050418687858,Auguste,F,Q28053272,resolved by sex
6000000050418687858,Auguste,F,Q28053272,resolved by sex
6000000051696655029,Auguste,M,Q18010311,resolved by sex
6000000051812644085,Auguste,M,Q18010311,resolved by sex
6000000054159647893,Auguste,M,Q18010311,resolved by sex
6000000054448721832,Auguste,F,Q28053272,resolved by sex
6000000057377196876,Auguste,F,Q28053272,resolved by sex
6000000062557336010,Auguste,F,Q28053272,resolved by sex
6000000065587786124,Auguste,F,Q28053272,resolved by sex
6000000067007943895,Auguste,F,Q28053272,resolved by sex
6000000068848572088,Auguste,F,Q28053272,resolved by sex
6000000070686754981,Auguste,F,Q28053272,resolved by sex
6000000070686754981,Auguste,F,Q28053272,resolved by sex
6000000071369387343,Auguste,F,Q28053272,resolved by sex
6000000074744534878,Auguste,F,Q28053272,resolved by sex
6000000076351030042,Auguste,M,Q18010311,resolved by sex
6000000079185119939,Auguste,F,Q28053272,resolved by sex
6000000080638041841,Auguste,F,Q28053272,resolved by sex
6000000082484975833,Auguste,M,Q18010311,resolved by sex
6000000084839308868,Auguste,F,Q28053272,resolved by sex
6000000091369957835,Auguste,F,Q28053272,resolved by sex
6000000091727524622,Auguste,F,Q28053272,resolved by sex
6000000093508576839,Auguste,F,Q28053272,resolved by sex
6000000099452388823,Auguste,F,Q28053272,resolved by sex
6000000101049292841,Auguste,F,Q28053272,resolved by sex
6000000106209206905,Auguste,M,Q18010311,resolved by sex
6000000112475136061,Auguste,M,Q18010311,resolved by sex
6000000116224316857,Auguste,F,Q28053272,resolved by sex
6000000173557608826,Auguste,F,Q28053272,resolved by sex
6000000181906750898,Auguste,F,Q28053272,resolved by sex
6000000186831353152,Auguste,F,Q28053272,resolved by sex
6000000189462102821,Auguste,M,Q18010311,resolved by sex
6000000190325909849,Auguste,F,Q28053272,resolved by sex
6000000193386695843,Auguste,F,Q28053272,resolved by sex
6000000193731096861,Auguste,F,Q28053272,resolved by sex
6000000195000633831,Auguste,F,Q28053272,resolved by sex
6000000195596036826,Auguste,M,Q18010311,resolved by sex
6000000196882614825,Auguste,M,Q18010311,resolved by sex
6000000197704463821,Auguste,F,Q28053272,resolved by sex
6000000197704463821,Auguste,F,Q28053272,resolved by sex
6000000197839851826,Auguste,F,Q28053272,resolved by sex
6000000197839851826,Auguste,F,Q28053272,resolved by sex
6000000200836311847,Auguste,F,Q28053272,resolved by sex
6000000200836311847,Auguste,F,Q28053272,resolved by sex
6000000201742338828,Auguste,F,Q28053272,resolved by sex
6000000205045598828,Auguste,F,Q28053272,resolved by sex
6000000206661985829,Auguste,F,Q28053272,resolved by sex
6000000206688873838,Auguste,F,Q28053272,resolved by sex
6000000208596459932,Auguste,,,sex not recorded
6000000225963407823,Auguste,F,Q28053272,resolved by sex
328059704870005473,Augustine,M,Q1300961,resolved by sex
328066467320004666,Augustine,M,Q1300961,resolved by sex
342783983460010039,Augustine,M,Q1300961,resolved by sex
4668802,Augustine,F,Q54617672,resolved by sex
5231968728610070481,Augustine,F,Q54617672,resolved by sex
5361022388830050802,Augustine,F,Q54617672,resolved by sex
5493317273870085174,Augustine,M,Q1300961,resolved by sex
6000000000864972147,Augustine,M,Q1300961,resolved by sex
6000000000869909476,Augustine,M,Q1300961,resolved by sex
6000000000870259075,Augustine,M,Q1300961,resolved by sex
6000000001180341578,Augustine,M,Q1300961,resolved by sex
6000000001180345487,Augustine,M,Q1300961,resolved by sex
6000000001746838558,Augustine,M,Q1300961,resolved by sex
6000000002649937029,Augustine,M,Q1300961,resolved by sex
6000000002649937077,Augustine,M,Q1300961,resolved by sex
6000000002649950531,Augustine,M,Q1300961,resolved by sex
6000000002649950932,Augustine,M,Q1300961,resolved by sex
6000000002649954684,Augustine,M,Q1300961,resolved by sex
6000000002649969469,Augustine,M,Q1300961,resolved by sex
6000000002649969495,Augustine,M,Q1300961,resolved by sex
6000000002649974211,Augustine,M,Q1300961,resolved by sex
6000000002649974548,Augustine,M,Q1300961,resolved by sex
6000000002765262444,Augustine,F,Q54617672,resolved by sex
6000000002765726702,Augustine,F,Q54617672,resolved by sex
6000000002932583556,Augustine,M,Q1300961,resolved by sex
6000000003165087905,Augustine,M,Q1300961,resolved by sex
6000000003192923910,Augustine,M,Q1300961,resolved by sex
6000000004047814809,Augustine,M,Q1300961,resolved by sex
6000000004592967917,Augustine,M,Q1300961,resolved by sex
6000000007328239167,Augustine,M,Q1300961,resolved by sex
6000000007408934870,Augustine,M,Q1300961,resolved by sex
6000000007776218029,Augustine,M,Q1300961,resolved by sex
6000000008668100213,Augustine,M,Q1300961,resolved by sex
6000000008715241036,Augustine,M,Q1300961,resolved by sex
6000000008715627773,Augustine,M,Q1300961,resolved by sex
6000000008997937424,Augustine,M,Q1300961,resolved by sex
6000000009649334063,Augustine,M,Q1300961,resolved by sex
6000000009838410156,Augustine,M,Q1300961,resolved by sex
6000000010132209709,Augustine,F,Q54617672,resolved by sex
6000000010132463309,Augustine,F,Q54617672,resolved by sex
6000000011536569669,Augustine,F,Q54617672,resolved by sex
6000000011595979673,Augustine,M,Q1300961,resolved by sex
6000000012601239669,Augustine,M,Q1300961,resolved by sex
6000000015109094588,Augustine,F,Q54617672,resolved by sex
6000000015930322292,Augustine,F,Q54617672,resolved by sex
6000000017143919850,Augustine,F,Q54617672,resolved by sex
6000000019045173037,Augustine,F,Q54617672,resolved by sex
6000000021213921484,Augustine,F,Q54617672,resolved by sex
6000000021394420013,Augustine,F,Q54617672,resolved by sex
6000000024276325352,Augustine,F,Q54617672,resolved by sex
6000000028373992694,Augustine,M,Q1300961,resolved by sex
6000000033960051937,Augustine,F,Q54617672,resolved by sex
6000000037405748100,Augustine,F,Q54617672,resolved by sex
6000000039102076430,Augustine,F,Q54617672,resolved by sex
6000000039844848895,Augustine,M,Q1300961,resolved by sex
6000000044018630859,Augustine,F,Q54617672,resolved by sex
6000000045489857508,Augustine,M,Q1300961,resolved by sex
6000000046189105884,Augustine,F,Q54617672,resolved by sex
6000000046189236843,Augustine,F,Q54617672,resolved by sex
6000000051368020005,Augustine,F,Q54617672,resolved by sex
6000000053329830172,Augustine,F,Q54617672,resolved by sex
6000000054055447944,Augustine,M,Q1300961,resolved by sex
6000000055350853034,Augustine,F,Q54617672,resolved by sex
6000000084934318406,Augustine,F,Q54617672,resolved by sex
6000000093438758248,Augustine,F,Q54617672,resolved by sex
6000000093438758248,Augustine,F,Q54617672,resolved by sex
6000000094834615914,Augustine,M,Q1300961,resolved by sex
6000000164961244318,Augustine,F,Q54617672,resolved by sex
6000000176040186919,Augustine,M,Q1300961,resolved by sex
6000000189976226852,Augustine,M,Q1300961,resolved by sex
6000000206534342827,Augustine,M,Q1300961,resolved by sex
6000000216649263830,Augustine,F,Q54617672,resolved by sex
6000000226454220058,Augustine,M,Q1300961,resolved by sex
6000000226603817821,Augustine,F,Q54617672,resolved by sex
6000000080820362559,Bahar,M,Q110323947,resolved by sex
6000000190059752827,Bahar,F,Q20001573,resolved by sex
6000000198607682831,Bahar,M,Q110323947,resolved by sex
6000000210520336941,Bahar,M,Q110323947,resolved by sex
6000000002207878517,Beda,F,Q106580853,resolved by sex
6000000002207897066,Beda,F,Q106580853,resolved by sex
6000000006346490438,Beda,F,Q106580853,resolved by sex
6000000017719570681,Beda,F,Q106580853,resolved by sex
6000000031201662054,Beda,F,Q106580853,resolved by sex
6000000031203464914,Beda,F,Q106580853,resolved by sex
6000000038961787868,Beda,F,Q106580853,resolved by sex
6000000049115402835,Beda,F,Q106580853,resolved by sex
6000000051434798232,Beda,F,Q106580853,resolved by sex
6000000177921458833,Beda,F,Q106580853,resolved by sex
6000000199639523841,Beda,F,Q106580853,resolved by sex
6000000199639523841,Beda,F,Q106580853,resolved by sex
6000000226201041930,Beda,F,Q106580853,resolved by sex
6000000002765065989,Benny,M,Q18640998,resolved by sex
6000000005091961490,Benny,M,Q18640998,resolved by sex
6000000005099643428,Benny,M,Q18640998,resolved by sex
6000000011265301415,Benny,F,Q30077179,resolved by sex
6000000011843261016,Benny,M,Q18640998,resolved by sex
6000000011843261016,Benny,M,Q18640998,resolved by sex
6000000014683772453,Benny,M,Q18640998,resolved by sex
6000000022769518093,Benny,M,Q18640998,resolved by sex
6000000022769518093,Benny,M,Q18640998,resolved by sex
6000000022953757871,Benny,M,Q18640998,resolved by sex
6000000027877844743,Benny,M,Q18640998,resolved by sex
6000000027878004469,Benny,M,Q18640998,resolved by sex
6000000029141297612,Benny,M,Q18640998,resolved by sex
6000000180827142919,Benny,M,Q18640998,resolved by sex
6000000180846124822,Benny,M,Q18640998,resolved by sex
6000000181938210855,Benny,F,Q30077179,resolved by sex
6000000029098861842,Bigelow,M,Q123614910,resolved by sex
6000000222761357853,Bigelow,M,Q123614910,resolved by sex
6000000000579879540,Bird,F,Q17509982,resolved by sex (unisex; no item for that sex)
6000000000907737943,Bird,M,Q108258090,resolved by sex
6000000003275354316,Bird,M,Q108258090,resolved by sex
6000000012883295327,Bird,F,Q17509982,resolved by sex (unisex; no item for that sex)
6000000015212520842,Bird,F,Q17509982,resolved by sex (unisex; no item for that sex)
6000000038549786836,Bird,M,Q108258090,resolved by sex
6000000055261644948,Bird,M,Q108258090,resolved by sex
6000000112515856886,Bird,F,Q17509982,resolved by sex (unisex; no item for that sex)
6000000181332131918,Bird,M,Q108258090,resolved by sex
6000000186085029884,Bird,F,Q17509982,resolved by sex (unisex; no item for that sex)
6000000213162039831,Bird,,Q17509982,no recorded sex; unisex item
6000000000196880703,Bona,F,Q29550722,resolved by sex
6000000000641000752,Bona,F,Q29550722,resolved by sex
6000000001319323403,Bona,F,Q29550722,resolved by sex
6000000001319323403,Bona,F,Q29550722,resolved by sex
6000000001319323403,Bona,F,Q29550722,resolved by sex
6000000001319323403,Bona,F,Q29550722,resolved by sex
6000000001504983010,Bona,F,Q29550722,resolved by sex
6000000002181368497,Bona,F,Q29550722,resolved by sex
6000000010118269035,Bona,F,Q29550722,resolved by sex
6000000034252553225,Bona,F,Q29550722,resolved by sex
6000000037253640514,Bona,F,Q29550722,resolved by sex
6000000071038374033,Bona,F,Q29550722,resolved by sex
6000000071297687153,Bona,F,Q29550722,resolved by sex
6000000073601286061,Bona,F,Q29550722,resolved by sex
6000000112567384032,Bona,F,Q29550722,resolved by sex
6000000182333334049,Bona,F,Q29550722,resolved by sex
386019341100006180,Boris,M,Q39314414,resolved by sex
6000000002187826987,Boris,M,Q39314414,resolved by sex
6000000002187837528,Boris,M,Q39314414,resolved by sex
6000000002188303562,Boris,M,Q39314414,resolved by sex
6000000003827674344,Boris,M,Q39314414,resolved by sex
6000000006727838161,Boris,M,Q39314414,resolved by sex
6000000006727838161,Boris,M,Q39314414,resolved by sex
6000000007993571922,Boris,M,Q39314414,resolved by sex
6000000008877538763,Boris,M,Q39314414,resolved by sex
6000000009094563564,Boris,M,Q39314414,resolved by sex
6000000009113632302,Boris,M,Q39314414,resolved by sex
6000000009132462454,Boris,M,Q39314414,resolved by sex
6000000009140174866,Boris,M,Q39314414,resolved by sex
6000000010762703186,Boris,M,Q39314414,resolved by sex
6000000010918440004,Boris,M,Q39314414,resolved by sex
6000000011715146048,Boris,M,Q39314414,resolved by sex
6000000012535946290,Boris,M,Q39314414,resolved by sex
6000000020195492627,Boris,M,Q39314414,resolved by sex
6000000021012764743,Boris,M,Q39314414,resolved by sex
6000000023026260846,Boris,M,Q39314414,resolved by sex
6000000033246294566,Boris,M,Q39314414,resolved by sex
6000000038570639979,Boris,M,Q39314414,resolved by sex
6000000039488855080,Boris,M,Q39314414,resolved by sex
6000000039930266473,Boris,M,Q39314414,resolved by sex
6000000039990737507,Boris,M,Q39314414,resolved by sex
6000000048021008936,Boris,M,Q39314414,resolved by sex
6000000084796619249,Boris,M,Q39314414,resolved by sex
6000000085692456860,Boris,M,Q39314414,resolved by sex
6000000136908417846,Boris,M,Q39314414,resolved by sex
6000000136908417846,Boris,M,Q39314414,resolved by sex
6000000186581765860,Boris,M,Q39314414,resolved by sex
6000000182343850910,Carmel,F,Q18385082,resolved by sex
6000000223232720280,Carmel,F,Q18385082,resolved by sex
6000000000701043555,Cary,M,Q16275178,resolved by sex
6000000001169594599,Cary,M,Q16275178,resolved by sex
6000000002130994479,Cary,M,Q16275178,resolved by sex
6000000008746277169,Cary,M,Q16275178,resolved by sex
6000000176000147824,Cary,M,Q16275178,resolved by sex
6000000206149326850,Cary,F,Q98651372,resolved by sex
330917970040004281,Cecil,M,Q15731759,resolved by sex
4606257,Cecil,M,Q15731759,resolved by sex
6000000000186903385,Cecil,M,Q15731759,resolved by sex
6000000001829943167,Cecil,M,Q15731759,resolved by sex
6000000004047814981,Cecil,M,Q15731759,resolved by sex
6000000005082330235,Cecil,M,Q15731759,resolved by sex
6000000005438228640,Cecil,M,Q15731759,resolved by sex
6000000010647685522,Cecil,M,Q15731759,resolved by sex
6000000013170040353,Cecil,M,Q15731759,resolved by sex
6000000013424028823,Cecil,M,Q15731759,resolved by sex
6000000024900930118,Cecil,M,Q15731759,resolved by sex
6000000039158265115,Cecil,M,Q15731759,resolved by sex
6000000054137791964,Cecil,M,Q15731759,resolved by sex
6000000069237573870,Cecil,M,Q15731759,resolved by sex
6000000076237856971,Cecil,M,Q15731759,resolved by sex
6000000076381341839,Cecil,M,Q15731759,resolved by sex
6000000095645020176,Cecil,M,Q15731759,resolved by sex
6000000135695504620,Cecil,M,Q15731759,resolved by sex
6000000179670806837,Cecil,M,Q15731759,resolved by sex
6000000184592424987,Cecil,M,Q15731759,resolved by sex
6000000192697850823,Cecil,M,Q15731759,resolved by sex
6000000196305198209,Cecil,M,Q15731759,resolved by sex
6000000206209169902,Cecil,M,Q15731759,resolved by sex
6000000206708208912,Cecil,M,Q15731759,resolved by sex
6000000206879501843,Cecil,M,Q15731759,resolved by sex
6000000207089678884,Cecil,M,Q15731759,resolved by sex
6000000208866192929,Cecil,M,Q15731759,resolved by sex
309746015320005680,Christen,M,Q21034625,resolved by sex
309752110320008250,Christen,M,Q21034625,resolved by sex
309752110320008250,Christen,M,Q21034625,resolved by sex
309752110320008250,Christen,M,Q21034625,resolved by sex
359269946670005337,Christen,M,Q21034625,resolved by sex
370455264230007655,Christen,M,Q21034625,resolved by sex
370455264230007655,Christen,M,Q21034625,resolved by sex
4889867953430128505,Christen,M,Q21034625,resolved by sex
4889867953430128505,Christen,M,Q21034625,resolved by sex
5079922247830126976,Christen,M,Q21034625,resolved by sex
5132829956720138378,Christen,M,Q21034625,resolved by sex
5132829956720138378,Christen,M,Q21034625,resolved by sex
5149696527850139761,Christen,M,Q21034625,resolved by sex
5149727867390046910,Christen,M,Q21034625,resolved by sex
5223535034660114377,Christen,M,Q21034625,resolved by sex
5682466824930120576,Christen,M,Q21034625,resolved by sex
6000000000128112414,Christen,M,Q21034625,resolved by sex
6000000000130396914,Christen,M,Q21034625,resolved by sex
6000000000130412564,Christen,M,Q21034625,resolved by sex
6000000000212178557,Christen,M,Q21034625,resolved by sex
6000000000905928904,Christen,M,Q21034625,resolved by sex
6000000000905928904,Christen,M,Q21034625,resolved by sex
6000000000944866718,Christen,M,Q21034625,resolved by sex
6000000000975262094,Christen,M,Q21034625,resolved by sex
6000000001000135144,Christen,M,Q21034625,resolved by sex
6000000001169130179,Christen,M,Q21034625,resolved by sex
6000000001169151154,Christen,M,Q21034625,resolved by sex
6000000001169266129,Christen,M,Q21034625,resolved by sex
6000000001169266129,Christen,M,Q21034625,resolved by sex
6000000001169345512,Christen,M,Q21034625,resolved by sex
6000000001277646187,Christen,M,Q21034625,resolved by sex
6000000001277646187,Christen,M,Q21034625,resolved by sex
6000000001278462436,Christen,M,Q21034625,resolved by sex
6000000001278462436,Christen,M,Q21034625,resolved by sex
6000000001498686808,Christen,M,Q21034625,resolved by sex
6000000001499401314,Christen,M,Q21034625,resolved by sex
6000000001504230381,Christen,M,Q21034625,resolved by sex
6000000001504230809,Christen,M,Q21034625,resolved by sex
6000000001504252933,Christen,M,Q21034625,resolved by sex
6000000001504519151,Christen,M,Q21034625,resolved by sex
6000000001504654963,Christen,M,Q21034625,resolved by sex
6000000001504673550,Christen,M,Q21034625,resolved by sex
6000000001504673863,Christen,M,Q21034625,resolved by sex
6000000001504804854,Christen,M,Q21034625,resolved by sex
6000000001504851143,Christen,M,Q21034625,resolved by sex
6000000001813313093,Christen,M,Q21034625,resolved by sex
6000000001910444957,Christen,M,Q21034625,resolved by sex
6000000001910444957,Christen,M,Q21034625,resolved by sex
6000000002162379328,Christen,M,Q21034625,resolved by sex
6000000002186723908,Christen,M,Q21034625,resolved by sex
6000000002186723908,Christen,M,Q21034625,resolved by sex
6000000002244599202,Christen,M,Q21034625,resolved by sex
6000000002299198777,Christen,M,Q21034625,resolved by sex
6000000002382303709,Christen,M,Q21034625,resolved by sex
6000000002422312723,Christen,M,Q21034625,resolved by sex
6000000002811872687,Christen,M,Q21034625,resolved by sex
6000000002893342260,Christen,M,Q21034625,resolved by sex
6000000002897335920,Christen,M,Q21034625,resolved by sex
6000000003253689318,Christen,M,Q21034625,resolved by sex
6000000003253689318,Christen,M,Q21034625,resolved by sex
6000000003492064807,Christen,M,Q21034625,resolved by sex
6000000003492064807,Christen,M,Q21034625,resolved by sex
6000000003492064822,Christen,M,Q21034625,resolved by sex
6000000003492064969,Christen,M,Q21034625,resolved by sex
6000000003492068150,Christen,M,Q21034625,resolved by sex
6000000004721118004,Christen,M,Q21034625,resolved by sex
6000000004721832001,Christen,M,Q21034625,resolved by sex
6000000004721832001,Christen,M,Q21034625,resolved by sex
6000000004966260777,Christen,M,Q21034625,resolved by sex
6000000005067353988,Christen,M,Q21034625,resolved by sex
6000000005067353988,Christen,M,Q21034625,resolved by sex
6000000005419036970,Christen,M,Q21034625,resolved by sex
6000000006262408864,Christen,M,Q21034625,resolved by sex
6000000006263939493,Christen,M,Q21034625,resolved by sex
6000000006300427657,Christen,M,Q21034625,resolved by sex
6000000006348065805,Christen,M,Q21034625,resolved by sex
6000000006434664152,Christen,M,Q21034625,resolved by sex
6000000006720627487,Christen,M,Q21034625,resolved by sex
6000000006843756216,Christen,M,Q21034625,resolved by sex
6000000007040833339,Christen,M,Q21034625,resolved by sex
6000000007040833339,Christen,M,Q21034625,resolved by sex
6000000007060389434,Christen,M,Q21034625,resolved by sex
6000000007329800411,Christen,M,Q21034625,resolved by sex
6000000007483556556,Christen,M,Q21034625,resolved by sex
6000000007770332213,Christen,M,Q21034625,resolved by sex
6000000007770332213,Christen,M,Q21034625,resolved by sex
6000000007980368460,Christen,M,Q21034625,resolved by sex
6000000007980445935,Christen,M,Q21034625,resolved by sex
6000000007980473107,Christen,M,Q21034625,resolved by sex
6000000008015992394,Christen,M,Q21034625,resolved by sex
6000000008015992394,Christen,M,Q21034625,resolved by sex
6000000008136294631,Christen,M,Q21034625,resolved by sex
6000000008136367438,Christen,M,Q21034625,resolved by sex
6000000008136380463,Christen,M,Q21034625,resolved by sex
6000000008260351889,Christen,M,Q21034625,resolved by sex
6000000008260351889,Christen,M,Q21034625,resolved by sex
6000000008685161917,Christen,M,Q21034625,resolved by sex
6000000008685161980,Christen,M,Q21034625,resolved by sex
6000000008685187766,Christen,M,Q21034625,resolved by sex
6000000008685187766,Christen,M,Q21034625,resolved by sex
6000000008685248839,Christen,M,Q21034625,resolved by sex
6000000008685964802,Christen,M,Q21034625,resolved by sex
6000000008685964802,Christen,M,Q21034625,resolved by sex
6000000008749638937,Christen,M,Q21034625,resolved by sex
6000000008749939929,Christen,M,Q21034625,resolved by sex
6000000008851721863,Christen,M,Q21034625,resolved by sex
6000000009161727727,Christen,M,Q21034625,resolved by sex
6000000009428802350,Christen,M,Q21034625,resolved by sex
6000000009907331417,Christen,M,Q21034625,resolved by sex
6000000010293133382,Christen,M,Q21034625,resolved by sex
6000000010439942224,Christen,M,Q21034625,resolved by sex
6000000010718065657,Christen,M,Q21034625,resolved by sex
6000000010726259955,Christen,M,Q21034625,resolved by sex
6000000011047473442,Christen,M,Q21034625,resolved by sex
6000000011047473442,Christen,M,Q21034625,resolved by sex
6000000011231891347,Christen,M,Q21034625,resolved by sex
6000000011260248885,Christen,M,Q21034625,resolved by sex
6000000011260248885,Christen,M,Q21034625,resolved by sex
6000000011331964271,Christen,M,Q21034625,resolved by sex
6000000011819211856,Christen,M,Q21034625,resolved by sex
6000000011835596893,Christen,M,Q21034625,resolved by sex
6000000011899856741,Christen,M,Q21034625,resolved by sex
6000000011923881086,Christen,M,Q21034625,resolved by sex
6000000011923885355,Christen,M,Q21034625,resolved by sex
6000000012685213509,Christen,M,Q21034625,resolved by sex
6000000012879497513,Christen,M,Q21034625,resolved by sex
6000000012926644002,Christen,M,Q21034625,resolved by sex
6000000013048765663,Christen,M,Q21034625,resolved by sex
6000000013450301690,Christen,M,Q21034625,resolved by sex
6000000013655986073,Christen,M,Q21034625,resolved by sex
6000000014212352191,Christen,M,Q21034625,resolved by sex
6000000014496197083,Christen,M,Q21034625,resolved by sex
6000000014501009865,Christen,M,Q21034625,resolved by sex
6000000014712782161,Christen,M,Q21034625,resolved by sex
6000000014804930417,Christen,M,Q21034625,resolved by sex
6000000014815369322,Christen,M,Q21034625,resolved by sex
6000000014815420360,Christen,M,Q21034625,resolved by sex
6000000014815917813,Christen,M,Q21034625,resolved by sex
6000000015072908917,Christen,M,Q21034625,resolved by sex
6000000015149798778,Christen,M,Q21034625,resolved by sex
6000000015149798778,Christen,M,Q21034625,resolved by sex
6000000015151202469,Christen,M,Q21034625,resolved by sex
6000000015167956830,Christen,M,Q21034625,resolved by sex
6000000015422214159,Christen,M,Q21034625,resolved by sex
6000000015455454077,Christen,M,Q21034625,resolved by sex
6000000015585367892,Christen,M,Q21034625,resolved by sex
6000000015726683704,Christen,M,Q21034625,resolved by sex
6000000015853583489,Christen,M,Q21034625,resolved by sex
6000000016047566944,Christen,M,Q21034625,resolved by sex
6000000016349900641,Christen,M,Q21034625,resolved by sex
6000000016564505228,Christen,M,Q21034625,resolved by sex
6000000016721840588,Christen,M,Q21034625,resolved by sex
6000000016972836136,Christen,M,Q21034625,resolved by sex
6000000017151205092,Christen,M,Q21034625,resolved by sex
6000000017158120646,Christen,M,Q21034625,resolved by sex
6000000017224468412,Christen,M,Q21034625,resolved by sex
6000000017243708648,Christen,M,Q21034625,resolved by sex
6000000017810399826,Christen,M,Q21034625,resolved by sex
6000000017910017260,Christen,M,Q21034625,resolved by sex
6000000018437968597,Christen,M,Q21034625,resolved by sex
6000000018467267819,Christen,M,Q21034625,resolved by sex
6000000019221900411,Christen,M,Q21034625,resolved by sex
6000000019782688276,Christen,M,Q21034625,resolved by sex
6000000019942015650,Christen,M,Q21034625,resolved by sex
6000000020349908874,Christen,M,Q21034625,resolved by sex
6000000020817081183,Christen,M,Q21034625,resolved by sex
6000000020908814935,Christen,M,Q21034625,resolved by sex
6000000022393982574,Christen,M,Q21034625,resolved by sex
6000000022656027945,Christen,M,Q21034625,resolved by sex
6000000022762529811,Christen,M,Q21034625,resolved by sex
6000000023204238244,Christen,M,Q21034625,resolved by sex
6000000023234434924,Christen,M,Q21034625,resolved by sex
6000000023680611669,Christen,M,Q21034625,resolved by sex
6000000023680611669,Christen,M,Q21034625,resolved by sex
6000000023682033463,Christen,M,Q21034625,resolved by sex
6000000023695367237,Christen,M,Q21034625,resolved by sex
6000000026284983914,Christen,M,Q21034625,resolved by sex
6000000026365976600,Christen,M,Q21034625,resolved by sex
6000000026366654929,Christen,M,Q21034625,resolved by sex
6000000026679633518,Christen,M,Q21034625,resolved by sex
6000000026711833647,Christen,M,Q21034625,resolved by sex
6000000026712825283,Christen,M,Q21034625,resolved by sex
6000000026712830675,Christen,M,Q21034625,resolved by sex
6000000027045139784,Christen,M,Q21034625,resolved by sex
6000000027309336301,Christen,M,Q21034625,resolved by sex
6000000027592890191,Christen,M,Q21034625,resolved by sex
6000000028625777613,Christen,M,Q21034625,resolved by sex
6000000029205298185,Christen,M,Q21034625,resolved by sex
6000000029515252918,Christen,M,Q21034625,resolved by sex
6000000029515252918,Christen,M,Q21034625,resolved by sex
6000000029532283233,Christen,M,Q21034625,resolved by sex
6000000029925459172,Christen,M,Q21034625,resolved by sex
6000000030653134053,Christen,M,Q21034625,resolved by sex
6000000030961303377,Christen,M,Q21034625,resolved by sex
6000000031009942948,Christen,M,Q21034625,resolved by sex
6000000031156907905,Christen,M,Q21034625,resolved by sex
6000000036402719517,Christen,M,Q21034625,resolved by sex
6000000037897612874,Christen,M,Q21034625,resolved by sex
6000000038261045897,Christen,M,Q21034625,resolved by sex
6000000039128339171,Christen,M,Q21034625,resolved by sex
6000000039821121549,Christen,M,Q21034625,resolved by sex
6000000040571385186,Christen,M,Q21034625,resolved by sex
6000000040624431915,Christen,M,Q21034625,resolved by sex
6000000040921805852,Christen,M,Q21034625,resolved by sex
6000000048792239888,Christen,M,Q21034625,resolved by sex
6000000051742577871,Christen,M,Q21034625,resolved by sex
6000000052332969062,Christen,M,Q21034625,resolved by sex
6000000054285974974,Christen,M,Q21034625,resolved by sex
6000000055496216258,Christen,M,Q21034625,resolved by sex
6000000058317442970,Christen,M,Q21034625,resolved by sex
6000000059937899090,Christen,M,Q21034625,resolved by sex
6000000063801674863,Christen,M,Q21034625,resolved by sex
6000000064625596194,Christen,M,Q21034625,resolved by sex
6000000066837544833,Christen,M,Q21034625,resolved by sex
6000000069306521116,Christen,M,Q21034625,resolved by sex
6000000069997247825,Christen,M,Q21034625,resolved by sex
6000000073669034826,Christen,M,Q21034625,resolved by sex
6000000075381226821,Christen,M,Q21034625,resolved by sex
6000000075381226821,Christen,M,Q21034625,resolved by sex
6000000075843980652,Christen,M,Q21034625,resolved by sex
6000000080458391018,Christen,M,Q21034625,resolved by sex
6000000080899509905,Christen,M,Q21034625,resolved by sex
6000000082529461928,Christen,M,Q21034625,resolved by sex
6000000083848409990,Christen,M,Q21034625,resolved by sex
6000000083848409990,Christen,M,Q21034625,resolved by sex
6000000084240622105,Christen,M,Q21034625,resolved by sex
6000000086325377833,Christen,M,Q21034625,resolved by sex
6000000091822236059,Christen,M,Q21034625,resolved by sex
6000000092161724822,Christen,M,Q21034625,resolved by sex
6000000093409117822,Christen,M,Q21034625,resolved by sex
6000000108695687829,Christen,M,Q21034625,resolved by sex
6000000109835261849,Christen,M,Q21034625,resolved by sex
6000000110501960930,Christen,M,Q21034625,resolved by sex
6000000113776380932,Christen,M,Q21034625,resolved by sex
6000000114338049976,Christen,M,Q21034625,resolved by sex
6000000121624264861,Christen,M,Q21034625,resolved by sex
6000000150925441929,Christen,M,Q21034625,resolved by sex
6000000150925441929,Christen,M,Q21034625,resolved by sex
6000000175320385822,Christen,M,Q21034625,resolved by sex
6000000176599045931,Christen,M,Q21034625,resolved by sex
6000000176643949822,Christen,M,Q21034625,resolved by sex
6000000177123991821,Christen,M,Q21034625,resolved by sex
6000000177142346857,Christen,M,Q21034625,resolved by sex
6000000177168809837,Christen,M,Q21034625,resolved by sex
6000000177582263823,Christen,M,Q21034625,resolved by sex
6000000178276624822,Christen,M,Q21034625,resolved by sex
6000000178279412856,Christen,M,Q21034625,resolved by sex
6000000178486764823,Christen,M,Q21034625,resolved by sex
6000000179848518068,Christen,M,Q21034625,resolved by sex
6000000179849539887,Christen,M,Q21034625,resolved by sex
6000000181263569917,Christen,M,Q21034625,resolved by sex
6000000185194242824,Christen,M,Q21034625,resolved by sex
6000000185391126960,Christen,M,Q21034625,resolved by sex
6000000186034222125,Christen,M,Q21034625,resolved by sex
6000000188199510826,Christen,M,Q21034625,resolved by sex
6000000191509575843,Christen,M,Q21034625,resolved by sex
6000000192202099828,Christen,M,Q21034625,resolved by sex
6000000193758185860,Christen,M,Q21034625,resolved by sex
6000000198937720840,Christen,M,Q21034625,resolved by sex
6000000201040364830,Christen,M,Q21034625,resolved by sex
6000000201040364830,Christen,M,Q21034625,resolved by sex
6000000204265693821,Christen,M,Q21034625,resolved by sex
6000000205987657830,Christen,M,Q21034625,resolved by sex
6000000206891818281,Christen,M,Q21034625,resolved by sex
6000000225013948843,Christen,M,Q21034625,resolved by sex
6000000015108749417,Dallas,M,Q18620245,resolved by sex
6000000002240822545,Danila,M,Q60050793,resolved by sex
6000000031522616726,Danila,M,Q60050793,resolved by sex
6000000031522616726,Danila,M,Q60050793,resolved by sex
6000000031522616726,Danila,M,Q60050793,resolved by sex
6000000007106657579,Dao,M,Q96757012,resolved by sex
6000000007106657579,Dao,M,Q96757012,resolved by sex
6000000007553350357,Dao,M,Q96757012,resolved by sex
6000000007553350357,Dao,M,Q96757012,resolved by sex
6000000082476908432,Dao,M,Q96757012,resolved by sex
6000000001098591476,DeWitt,M,Q98401421,resolved by sex
6000000001099220405,DeWitt,M,Q98401421,resolved by sex
6000000011733525271,DeWitt,M,Q98401421,resolved by sex
6000000019014782051,DeWitt,M,Q98401421,resolved by sex
6000000039534782414,DeWitt,M,Q98401421,resolved by sex
6000000073621362886,DeWitt,M,Q98401421,resolved by sex
6000000090358245308,DeWitt,M,Q98401421,resolved by sex
6000000206319820905,DeWitt,M,Q98401421,resolved by sex
6000000221120791848,DeWitt,M,Q98401421,resolved by sex
6000000000709512608,Denis,M,Q1187221,resolved by sex
6000000002791270007,Denis,M,Q1187221,resolved by sex
6000000003363678026,Denis,M,Q1187221,resolved by sex
6000000004663475510,Denis,M,Q1187221,resolved by sex
6000000006905998161,Denis,F,Q12787496,resolved by sex
6000000008640717918,Denis,F,Q12787496,resolved by sex
6000000016475445501,Denis,M,Q1187221,resolved by sex
6000000016475507316,Denis,M,Q1187221,resolved by sex
6000000018598960643,Denis,M,Q1187221,resolved by sex
6000000024716102973,Denis,M,Q1187221,resolved by sex
6000000040803538874,Denis,M,Q1187221,resolved by sex
6000000041336757212,Denis,M,Q1187221,resolved by sex
6000000074782428000,Denis,M,Q1187221,resolved by sex
6000000082685426895,Denis,F,Q12787496,resolved by sex
6000000163457700831,Denis,M,Q1187221,resolved by sex
6000000174477149320,Denis,M,Q1187221,resolved by sex
6000000177094058852,Denis,M,Q1187221,resolved by sex
6000000217564829828,Denis,M,Q1187221,resolved by sex
6000000222063849874,Denis,F,Q12787496,resolved by sex
6000000224924503836,Denis,M,Q1187221,resolved by sex
369938699420012923,Dewitt,M,Q98401421,resolved by sex
6000000001099185192,Dewitt,M,Q98401421,resolved by sex
6000000007265210876,Dewitt,M,Q98401421,resolved by sex
6000000010535076336,Dewitt,M,Q98401421,resolved by sex
6000000037457240736,Dewitt,M,Q98401421,resolved by sex
6000000083060930326,Dewitt,M,Q98401421,resolved by sex
6000000083858392834,Dewitt,M,Q98401421,resolved by sex
6000000198415856887,Dewitt,M,Q98401421,resolved by sex
6000000002207657892,Dora,F,Q987115,resolved by sex
6000000002765009577,Dora,F,Q987115,resolved by sex
6000000003194532890,Dora,F,Q987115,resolved by sex
6000000006964211078,Dora,F,Q987115,resolved by sex
6000000007167727941,Dora,F,Q987115,resolved by sex
6000000008354529140,Dora,F,Q987115,resolved by sex
6000000013461773152,Dora,F,Q987115,resolved by sex
6000000013482322761,Dora,F,Q987115,resolved by sex
6000000013742127460,Dora,F,Q987115,resolved by sex
6000000014273497238,Dora,F,Q987115,resolved by sex
6000000014517909810,Dora,F,Q987115,resolved by sex
6000000014946369028,Dora,F,Q987115,resolved by sex
6000000015659791465,Dora,F,Q987115,resolved by sex
6000000017555338106,Dora,F,Q987115,resolved by sex
6000000020692678643,Dora,F,Q987115,resolved by sex
6000000020985160582,Dora,F,Q987115,resolved by sex
6000000022867476741,Dora,F,Q987115,resolved by sex
6000000023059313343,Dora,F,Q987115,resolved by sex
6000000023298004966,Dora,F,Q987115,resolved by sex
6000000026327058087,Dora,F,Q987115,resolved by sex
6000000029141502081,Dora,F,Q987115,resolved by sex
6000000030639908937,Dora,F,Q987115,resolved by sex
6000000032207717224,Dora,F,Q987115,resolved by sex
6000000033668288993,Dora,F,Q987115,resolved by sex
6000000034121035829,Dora,F,Q987115,resolved by sex
6000000036922990867,Dora,F,Q987115,resolved by sex
6000000037222305617,Dora,F,Q987115,resolved by sex
6000000037253448958,Dora,F,Q987115,resolved by sex
6000000039515756652,Dora,F,Q987115,resolved by sex
6000000039517300997,Dora,F,Q987115,resolved by sex
6000000041600967074,Dora,F,Q987115,resolved by sex
6000000042293306204,Dora,F,Q987115,resolved by sex
6000000048312312882,Dora,F,Q987115,resolved by sex
6000000050686594886,Dora,F,Q987115,resolved by sex
6000000052211842957,Dora,F,Q987115,resolved by sex
6000000078453643839,Dora,F,Q987115,resolved by sex
6000000113332938822,Dora,F,Q987115,resolved by sex
6000000116033642833,Dora,F,Q987115,resolved by sex
6000000146823911895,Dora,F,Q987115,resolved by sex
6000000175803690872,Dora,F,Q987115,resolved by sex
6000000175858953591,Dora,F,Q987115,resolved by sex
6000000185533814712,Dora,F,Q987115,resolved by sex
6000000186732404821,Dora,F,Q987115,resolved by sex
6000000188694176839,Dora,F,Q987115,resolved by sex
6000000189145905822,Dora,F,Q987115,resolved by sex
6000000196305010676,Dora,F,Q987115,resolved by sex
6000000196305010739,Dora,F,Q987115,resolved by sex
6000000201924818867,Dora,F,Q987115,resolved by sex
6000000206204215833,Dora,F,Q987115,resolved by sex
6000000218171000877,Dora,F,Q987115,resolved by sex
6000000002802911461,Ele,F,Q65260195,resolved by sex
6000000002188149612,Elo,F,Q125643127,resolved by sex
6000000008907504485,Elo,M,Q11857545,resolved by sex
6000000072248134898,Elo,F,Q125643127,resolved by sex
6000000077587530527,Elo,F,Q125643127,resolved by sex
6000000189976676837,Elo,M,Q11857545,resolved by sex
6000000193654087821,Elo,F,Q125643127,resolved by sex
6000000202968354835,Elo,M,Q11857545,resolved by sex
6000000209541333829,Elo,M,Q11857545,resolved by sex
316657359720003488,Emile,M,Q17623487,resolved by sex
341861133940013331,Emile,M,Q17623487,resolved by sex
4142218677240034067,Emile,M,Q17623487,resolved by sex
6000000002684167430,Emile,M,Q17623487,resolved by sex
6000000002764484712,Emile,M,Q17623487,resolved by sex
6000000002765768886,Emile,M,Q17623487,resolved by sex
6000000002765771721,Emile,M,Q17623487,resolved by sex
6000000002765776640,Emile,M,Q17623487,resolved by sex
6000000002765776705,Emile,M,Q17623487,resolved by sex
6000000002765900106,Emile,M,Q17623487,resolved by sex
6000000002802601082,Emile,M,Q17623487,resolved by sex
6000000005563094983,Emile,M,Q17623487,resolved by sex
6000000006127381148,Emile,M,Q17623487,resolved by sex
6000000006127951840,Emile,M,Q17623487,resolved by sex
6000000008129379750,Emile,M,Q17623487,resolved by sex
6000000008869837300,Emile,M,Q17623487,resolved by sex
6000000011334933671,Emile,M,Q17623487,resolved by sex
6000000011818793271,Emile,M,Q17623487,resolved by sex
6000000013218743414,Emile,M,Q17623487,resolved by sex
6000000014275649937,Emile,M,Q17623487,resolved by sex
6000000016045166501,Emile,M,Q17623487,resolved by sex
6000000016045782932,Emile,M,Q17623487,resolved by sex
6000000016348496017,Emile,F,Q124382810,resolved by sex
6000000017874193139,Emile,M,Q17623487,resolved by sex
6000000019009749002,Emile,M,Q17623487,resolved by sex
6000000019685402465,Emile,M,Q17623487,resolved by sex
6000000019935512313,Emile,M,Q17623487,resolved by sex
6000000020956802178,Emile,M,Q17623487,resolved by sex
6000000022884429799,Emile,M,Q17623487,resolved by sex
6000000023135673905,Emile,M,Q17623487,resolved by sex
6000000023268786157,Emile,M,Q17623487,resolved by sex
6000000023332445183,Emile,M,Q17623487,resolved by sex
6000000023598114886,Emile,M,Q17623487,resolved by sex
6000000024120365838,Emile,M,Q17623487,resolved by sex
6000000024460354507,Emile,M,Q17623487,resolved by sex
6000000025264979759,Emile,M,Q17623487,resolved by sex
6000000025737653991,Emile,M,Q17623487,resolved by sex
6000000034128741443,Emile,M,Q17623487,resolved by sex
6000000035248847179,Emile,M,Q17623487,resolved by sex
6000000038215990302,Emile,M,Q17623487,resolved by sex
6000000038425715027,Emile,M,Q17623487,resolved by sex
6000000039756532799,Emile,M,Q17623487,resolved by sex
6000000040476885563,Emile,M,Q17623487,resolved by sex
6000000042224252458,Emile,M,Q17623487,resolved by sex
6000000042741918184,Emile,M,Q17623487,resolved by sex
6000000043572367039,Emile,M,Q17623487,resolved by sex
6000000043927278935,Emile,M,Q17623487,resolved by sex
6000000048490654103,Emile,M,Q17623487,resolved by sex
6000000052678644981,Emile,M,Q17623487,resolved by sex
6000000053299808939,Emile,M,Q17623487,resolved by sex
6000000053299982189,Emile,M,Q17623487,resolved by sex
6000000053337710985,Emile,M,Q17623487,resolved by sex
6000000053346655851,Emile,M,Q17623487,resolved by sex
6000000053414686971,Emile,M,Q17623487,resolved by sex
6000000055246034971,Emile,M,Q17623487,resolved by sex
6000000055567673008,Emile,M,Q17623487,resolved by sex
6000000058341483902,Emile,M,Q17623487,resolved by sex
6000000058352404885,Emile,M,Q17623487,resolved by sex
6000000065547168077,Emile,M,Q17623487,resolved by sex
6000000071716064948,Emile,M,Q17623487,resolved by sex
6000000082669696204,Emile,M,Q17623487,resolved by sex
6000000082669812084,Emile,M,Q17623487,resolved by sex
6000000082670971847,Emile,M,Q17623487,resolved by sex
6000000082720990041,Emile,M,Q17623487,resolved by sex
6000000092760014838,Emile,M,Q17623487,resolved by sex
6000000092760014838,Emile,M,Q17623487,resolved by sex
6000000104603948852,Emile,M,Q17623487,resolved by sex
6000000104642810821,Emile,M,Q17623487,resolved by sex
6000000176259781340,Emile,M,Q17623487,resolved by sex
6000000182111679828,Emile,M,Q17623487,resolved by sex
6000000182543452836,Emile,M,Q17623487,resolved by sex
6000000183725708826,Emile,M,Q17623487,resolved by sex
6000000192940999878,Emile,M,Q17623487,resolved by sex
6000000196944439863,Emile,M,Q17623487,resolved by sex
6000000196944439863,Emile,M,Q17623487,resolved by sex
6000000213164154822,Emile,M,Q17623487,resolved by sex
1825561,Esther,F,Q837839,resolved by sex
3335830,Esther,F,Q837839,resolved by sex
346134460660014773,Esther,F,Q837839,resolved by sex
3466704,Esther,F,Q837839,resolved by sex
353161028980011990,Esther,F,Q837839,resolved by sex
3972253982870024841,Esther,F,Q837839,resolved by sex
4317902069380031301,Esther,F,Q837839,resolved by sex
4491835155840036612,Esther,F,Q837839,resolved by sex
5018655585950066877,Esther,F,Q837839,resolved by sex
5202804771060053620,Esther,F,Q837839,resolved by sex
5360987667240034377,Esther,F,Q837839,resolved by sex
5370793964990078478,Esther,F,Q837839,resolved by sex
5399205830670055291,Esther,F,Q837839,resolved by sex
5452846679710041527,Esther,F,Q837839,resolved by sex
6000000000010730651,Esther,F,Q837839,resolved by sex
6000000000066865755,Esther,F,Q837839,resolved by sex
6000000000097034360,Esther,F,Q837839,resolved by sex
6000000000141522160,Esther,F,Q837839,resolved by sex
6000000000141948775,Esther,F,Q837839,resolved by sex
6000000000142977392,Esther,F,Q837839,resolved by sex
6000000000157569170,Esther,F,Q837839,resolved by sex
6000000000348791545,Esther,F,Q837839,resolved by sex
6000000000348798915,Esther,F,Q837839,resolved by sex
6000000000348852792,Esther,F,Q837839,resolved by sex
6000000000348861943,Esther,F,Q837839,resolved by sex
6000000000348866534,Esther,F,Q837839,resolved by sex
6000000000490391573,Esther,F,Q837839,resolved by sex
6000000000500425216,Esther,F,Q837839,resolved by sex
6000000000526346425,Esther,F,Q837839,resolved by sex
6000000000526402683,Esther,F,Q837839,resolved by sex
6000000000557894500,Esther,F,Q837839,resolved by sex
6000000000601927219,Esther,F,Q837839,resolved by sex
6000000000629118047,Esther,F,Q837839,resolved by sex
6000000000641016442,Esther,F,Q837839,resolved by sex
6000000000742078821,Esther,F,Q837839,resolved by sex
6000000000761876555,Esther,F,Q837839,resolved by sex
6000000000825397669,Esther,F,Q837839,resolved by sex
6000000000825423068,Esther,F,Q837839,resolved by sex
6000000000825424793,Esther,F,Q837839,resolved by sex
6000000000850688017,Esther,F,Q837839,resolved by sex
6000000000850734119,Esther,F,Q837839,resolved by sex
6000000000954096706,Esther,F,Q837839,resolved by sex
6000000001142829537,Esther,F,Q837839,resolved by sex
6000000001164130187,Esther,F,Q837839,resolved by sex
6000000001188723275,Esther,F,Q837839,resolved by sex
6000000001200185073,Esther,F,Q837839,resolved by sex
6000000001234956432,Esther,F,Q837839,resolved by sex
6000000001281139396,Esther,F,Q837839,resolved by sex
6000000001330350734,Esther,F,Q837839,resolved by sex
6000000001360673420,Esther,F,Q837839,resolved by sex
6000000001403782744,Esther,F,Q837839,resolved by sex
6000000001562956035,Esther,F,Q837839,resolved by sex
6000000001577207247,Esther,F,Q837839,resolved by sex
6000000001689925062,Esther,F,Q837839,resolved by sex
6000000001760060146,Esther,F,Q837839,resolved by sex
6000000001845195231,Esther,F,Q837839,resolved by sex
6000000001889056604,Esther,F,Q837839,resolved by sex
6000000001890316226,Esther,F,Q837839,resolved by sex
6000000001902752202,Esther,F,Q837839,resolved by sex
6000000001926353126,Esther,F,Q837839,resolved by sex
6000000001926375661,Esther,F,Q837839,resolved by sex
6000000001959053457,Esther,F,Q837839,resolved by sex
6000000001959187645,Esther,F,Q837839,resolved by sex
6000000001995575890,Esther,F,Q837839,resolved by sex
6000000002032926554,Esther,F,Q837839,resolved by sex
6000000002046176462,Esther,F,Q837839,resolved by sex
6000000002118932001,Esther,F,Q837839,resolved by sex
6000000002172603597,Esther,F,Q837839,resolved by sex
6000000002188830184,Esther,F,Q837839,resolved by sex
6000000002245652301,Esther,F,Q837839,resolved by sex
6000000002441529314,Esther,F,Q837839,resolved by sex
6000000002591303104,Esther,F,Q837839,resolved by sex
6000000002764418481,Esther,F,Q837839,resolved by sex
6000000002764454093,Esther,F,Q837839,resolved by sex
6000000002764454823,Esther,F,Q837839,resolved by sex
6000000002764454823,Esther,F,Q837839,resolved by sex
6000000002764531531,Esther,F,Q837839,resolved by sex
6000000002764538637,Esther,F,Q837839,resolved by sex
6000000002764967223,Esther,F,Q837839,resolved by sex
6000000002764969584,Esther,F,Q837839,resolved by sex
6000000002764983034,Esther,F,Q837839,resolved by sex
6000000002765041236,Esther,F,Q837839,resolved by sex
6000000002765047094,Esther,F,Q837839,resolved by sex
6000000002765050059,Esther,F,Q837839,resolved by sex
6000000002765050102,Esther,F,Q837839,resolved by sex
6000000002765065184,Esther,F,Q837839,resolved by sex
6000000002765065250,Esther,F,Q837839,resolved by sex
6000000002765065606,Esther,F,Q837839,resolved by sex
6000000002765065850,Esther,F,Q837839,resolved by sex
6000000002765074523,Esther,F,Q837839,resolved by sex
6000000002765102132,Esther,F,Q837839,resolved by sex
6000000002765105481,Esther,F,Q837839,resolved by sex
6000000002765122632,Esther,F,Q837839,resolved by sex
6000000002765122897,Esther,F,Q837839,resolved by sex
6000000002765126270,Esther,F,Q837839,resolved by sex
6000000002765126460,Esther,F,Q837839,resolved by sex
6000000002765133199,Esther,F,Q837839,resolved by sex
6000000002765133260,Esther,F,Q837839,resolved by sex
6000000002765139826,Esther,F,Q837839,resolved by sex
6000000002765142195,Esther,F,Q837839,resolved by sex
6000000002765142202,Esther,F,Q837839,resolved by sex
6000000002765167610,Esther,F,Q837839,resolved by sex
6000000002765172137,Esther,F,Q837839,resolved by sex
6000000002765224169,Esther,F,Q837839,resolved by sex
6000000002765656270,Esther,F,Q837839,resolved by sex
6000000002765712797,Esther,F,Q837839,resolved by sex
6000000002765737259,Esther,F,Q837839,resolved by sex
6000000002765737309,Esther,F,Q837839,resolved by sex
6000000002765737374,Esther,F,Q837839,resolved by sex
6000000002765737663,Esther,F,Q837839,resolved by sex
6000000002765743742,Esther,F,Q837839,resolved by sex
6000000002765752748,Esther,F,Q837839,resolved by sex
6000000002765756565,Esther,F,Q837839,resolved by sex
6000000002765758127,Esther,F,Q837839,resolved by sex
6000000002765764635,Esther,F,Q837839,resolved by sex
6000000002765776590,Esther,F,Q837839,resolved by sex
6000000002765776919,Esther,F,Q837839,resolved by sex
6000000002765800140,Esther,F,Q837839,resolved by sex
6000000002765800342,Esther,F,Q837839,resolved by sex
6000000002765800774,Esther,F,Q837839,resolved by sex
6000000002765823683,Esther,F,Q837839,resolved by sex
6000000002765824298,Esther,F,Q837839,resolved by sex
6000000002765870156,Esther,F,Q837839,resolved by sex
6000000002765884129,Esther,F,Q837839,resolved by sex
6000000002765900082,Esther,F,Q837839,resolved by sex
6000000002766698694,Esther,F,Q837839,resolved by sex
6000000002796841416,Esther,F,Q837839,resolved by sex
6000000002802269211,Esther,F,Q837839,resolved by sex
6000000002802898786,Esther,F,Q837839,resolved by sex
6000000002802900129,Esther,F,Q837839,resolved by sex
6000000002802986337,Esther,F,Q837839,resolved by sex
6000000002802999564,Esther,F,Q837839,resolved by sex
6000000002803059487,Esther,F,Q837839,resolved by sex
6000000002803073748,Esther,F,Q837839,resolved by sex
6000000002803082996,Esther,F,Q837839,resolved by sex
6000000002803110914,Esther,F,Q837839,resolved by sex
6000000002860752235,Esther,F,Q837839,resolved by sex
6000000002860899457,Esther,F,Q837839,resolved by sex
6000000002957013049,Esther,F,Q837839,resolved by sex
6000000002979808139,Esther,F,Q837839,resolved by sex
6000000002979840036,Esther,F,Q837839,resolved by sex
6000000002990647981,Esther,F,Q837839,resolved by sex
6000000002991947997,Esther,F,Q837839,resolved by sex
6000000003022458127,Esther,F,Q837839,resolved by sex
6000000003044648034,Esther,F,Q837839,resolved by sex
6000000003272293980,Esther,F,Q837839,resolved by sex
6000000003275297261,Esther,F,Q837839,resolved by sex
6000000003327798468,Esther,F,Q837839,resolved by sex
6000000003370392561,Esther,F,Q837839,resolved by sex
6000000003445992181,Esther,F,Q837839,resolved by sex
6000000003492926221,Esther,F,Q837839,resolved by sex
6000000003529357528,Esther,F,Q837839,resolved by sex
6000000003625243511,Esther,F,Q837839,resolved by sex
6000000003675353734,Esther,F,Q837839,resolved by sex
6000000003758063299,Esther,F,Q837839,resolved by sex
6000000003838722458,Esther,F,Q837839,resolved by sex
6000000003888343203,Esther,F,Q837839,resolved by sex
6000000003889238188,Esther,F,Q837839,resolved by sex
6000000003938169865,Esther,F,Q837839,resolved by sex
6000000003945316196,Esther,F,Q837839,resolved by sex
6000000003977232856,Esther,F,Q837839,resolved by sex
6000000004006700980,Esther,F,Q837839,resolved by sex
6000000004098072251,Esther,F,Q837839,resolved by sex
6000000004175913467,Esther,F,Q837839,resolved by sex
6000000004237821095,Esther,F,Q837839,resolved by sex
6000000004339667571,Esther,F,Q837839,resolved by sex
6000000004355271888,Esther,F,Q837839,resolved by sex
6000000004533817170,Esther,F,Q837839,resolved by sex
6000000004555599259,Esther,F,Q837839,resolved by sex
6000000004588054559,Esther,F,Q837839,resolved by sex
6000000004590099702,Esther,F,Q837839,resolved by sex
6000000004840949725,Esther,F,Q837839,resolved by sex
6000000004868851695,Esther,F,Q837839,resolved by sex
6000000004883103060,Esther,F,Q837839,resolved by sex
6000000004985065576,Esther,F,Q837839,resolved by sex
6000000005415130841,Esther,F,Q837839,resolved by sex
6000000005415130947,Esther,F,Q837839,resolved by sex
6000000005415175265,Esther,F,Q837839,resolved by sex
6000000005415213940,Esther,F,Q837839,resolved by sex
6000000005415306949,Esther,F,Q837839,resolved by sex
6000000005415329698,Esther,F,Q837839,resolved by sex
6000000005633007002,Esther,F,Q837839,resolved by sex
6000000006186132020,Esther,F,Q837839,resolved by sex
6000000006335714464,Esther,F,Q837839,resolved by sex
6000000006366689095,Esther,F,Q837839,resolved by sex
6000000006440686916,Esther,F,Q837839,resolved by sex
6000000006500686002,Esther,F,Q837839,resolved by sex
6000000006709474322,Esther,F,Q837839,resolved by sex
6000000006709474374,Esther,F,Q837839,resolved by sex
6000000006712217078,Esther,F,Q837839,resolved by sex
6000000006720445435,Esther,F,Q837839,resolved by sex
6000000006814768306,Esther,F,Q837839,resolved by sex
6000000006814945834,Esther,F,Q837839,resolved by sex
6000000006838565328,Esther,F,Q837839,resolved by sex
6000000006907107817,Esther,F,Q837839,resolved by sex
6000000007273415980,Esther,F,Q837839,resolved by sex
6000000007339305369,Esther,F,Q837839,resolved by sex
6000000007385082517,Esther,F,Q837839,resolved by sex
6000000007445707631,Esther,F,Q837839,resolved by sex
6000000007572396500,Esther,F,Q837839,resolved by sex
6000000007575251650,Esther,F,Q837839,resolved by sex
6000000007575409270,Esther,F,Q837839,resolved by sex
6000000007576121050,Esther,F,Q837839,resolved by sex
6000000007603880681,Esther,F,Q837839,resolved by sex
6000000007659584727,Esther,F,Q837839,resolved by sex
6000000007688590991,Esther,F,Q837839,resolved by sex
6000000007844518068,Esther,F,Q837839,resolved by sex
6000000007848564781,Esther,F,Q837839,resolved by sex
6000000007853386051,Esther,F,Q837839,resolved by sex
6000000007948367806,Esther,F,Q837839,resolved by sex
6000000007948367806,Esther,F,Q837839,resolved by sex
6000000007979642615,Esther,F,Q837839,resolved by sex
6000000007979935496,Esther,F,Q837839,resolved by sex
6000000008063422392,Esther,F,Q837839,resolved by sex
6000000008222626243,Esther,F,Q837839,resolved by sex
6000000008222638563,Esther,F,Q837839,resolved by sex
6000000008248421329,Esther,F,Q837839,resolved by sex
6000000008266823332,Esther,F,Q837839,resolved by sex
6000000008430836236,Esther,F,Q837839,resolved by sex
6000000008594913335,Esther,F,Q837839,resolved by sex
6000000008594930276,Esther,F,Q837839,resolved by sex
6000000008595059336,Esther,F,Q837839,resolved by sex
6000000008595059336,Esther,F,Q837839,resolved by sex
6000000008652739056,Esther,F,Q837839,resolved by sex
6000000008737891954,Esther,F,Q837839,resolved by sex
6000000009313708743,Esther,F,Q837839,resolved by sex
6000000009523329763,Esther,F,Q837839,resolved by sex
6000000009667516558,Esther,F,Q837839,resolved by sex
6000000009772015932,Esther,F,Q837839,resolved by sex
6000000010060332529,Esther,F,Q837839,resolved by sex
6000000010131813694,Esther,F,Q837839,resolved by sex
6000000010132084987,Esther,F,Q837839,resolved by sex
6000000010132496830,Esther,F,Q837839,resolved by sex
6000000010132526179,Esther,F,Q837839,resolved by sex
6000000010132672276,Esther,F,Q837839,resolved by sex
6000000010136907975,Esther,F,Q837839,resolved by sex
6000000010211598761,Esther,F,Q837839,resolved by sex
6000000010385121180,Esther,F,Q837839,resolved by sex
6000000010450916749,Esther,F,Q837839,resolved by sex
6000000010522043812,Esther,F,Q837839,resolved by sex
6000000010591253637,Esther,F,Q837839,resolved by sex
6000000010684556660,Esther,F,Q837839,resolved by sex
6000000010722149390,Esther,F,Q837839,resolved by sex
6000000010723141283,Esther,F,Q837839,resolved by sex
6000000010845323201,Esther,F,Q837839,resolved by sex
6000000010846602283,Esther,F,Q837839,resolved by sex
6000000011068140645,Esther,F,Q837839,resolved by sex
6000000011579658015,Esther,F,Q837839,resolved by sex
6000000011972319257,Esther,F,Q837839,resolved by sex
6000000012152765520,Esther,F,Q837839,resolved by sex
6000000012191031208,Esther,F,Q837839,resolved by sex
6000000012429351528,Esther,F,Q837839,resolved by sex
6000000012431102986,Esther,F,Q837839,resolved by sex
6000000012453080979,Esther,F,Q837839,resolved by sex
6000000012511718275,Esther,F,Q837839,resolved by sex
6000000012586212748,Esther,F,Q837839,resolved by sex
6000000013074309704,Esther,F,Q837839,resolved by sex
6000000013264185698,Esther,F,Q837839,resolved by sex
6000000013583024785,Esther,F,Q837839,resolved by sex
6000000013615623471,Esther,F,Q837839,resolved by sex
6000000013742124518,Esther,F,Q837839,resolved by sex
6000000013966202275,Esther,F,Q837839,resolved by sex
6000000013967309256,Esther,F,Q837839,resolved by sex
6000000013991487113,Esther,F,Q837839,resolved by sex
6000000014082211933,Esther,F,Q837839,resolved by sex
6000000014111381206,Esther,F,Q837839,resolved by sex
6000000014244394485,Esther,F,Q837839,resolved by sex
6000000014266186123,Esther,F,Q837839,resolved by sex
6000000014375264573,Esther,F,Q837839,resolved by sex
6000000014546326618,Esther,F,Q837839,resolved by sex
6000000014737089858,Esther,F,Q837839,resolved by sex
6000000015053633944,Esther,F,Q837839,resolved by sex
6000000015054726338,Esther,F,Q837839,resolved by sex
6000000015161864917,Esther,F,Q837839,resolved by sex
6000000015173023863,Esther,F,Q837839,resolved by sex
6000000015580531336,Esther,F,Q837839,resolved by sex
6000000015612338457,Esther,F,Q837839,resolved by sex
6000000015710473234,Esther,F,Q837839,resolved by sex
6000000015743551744,Esther,F,Q837839,resolved by sex
6000000015773552667,Esther,F,Q837839,resolved by sex
6000000015826203603,Esther,F,Q837839,resolved by sex
6000000015979852325,Esther,F,Q837839,resolved by sex
6000000016024402243,Esther,F,Q837839,resolved by sex
6000000016354912833,Esther,F,Q837839,resolved by sex
6000000016795354609,Esther,F,Q837839,resolved by sex
6000000017103859886,Esther,F,Q837839,resolved by sex
6000000017136795895,Esther,F,Q837839,resolved by sex
6000000017162202398,Esther,F,Q837839,resolved by sex
6000000017242686479,Esther,F,Q837839,resolved by sex
6000000017498998940,Esther,F,Q837839,resolved by sex
6000000017641731459,Esther,F,Q837839,resolved by sex
6000000017641832075,Esther,F,Q837839,resolved by sex
6000000017957099467,Esther,F,Q837839,resolved by sex
6000000018167150329,Esther,F,Q837839,resolved by sex
6000000018192825871,Esther,F,Q837839,resolved by sex
6000000018195212198,Esther,F,Q837839,resolved by sex
6000000018299574676,Esther,F,Q837839,resolved by sex
6000000018338617464,Esther,F,Q837839,resolved by sex
6000000018417159393,Esther,F,Q837839,resolved by sex
6000000018872534981,Esther,F,Q837839,resolved by sex
6000000018915680555,Esther,F,Q837839,resolved by sex
6000000019133999648,Esther,F,Q837839,resolved by sex
6000000019214447900,Esther,F,Q837839,resolved by sex
6000000019289013296,Esther,F,Q837839,resolved by sex
6000000019459754624,Esther,F,Q837839,resolved by sex
6000000019607777164,Esther,F,Q837839,resolved by sex
6000000019613324299,Esther,F,Q837839,resolved by sex
6000000020092537492,Esther,F,Q837839,resolved by sex
6000000020093530239,Esther,F,Q837839,resolved by sex
6000000020194279638,Esther,F,Q837839,resolved by sex
6000000020429230418,Esther,F,Q837839,resolved by sex
6000000020532528318,Esther,F,Q837839,resolved by sex
6000000020587332178,Esther,F,Q837839,resolved by sex
6000000020598770453,Esther,F,Q837839,resolved by sex
6000000020639917036,Esther,F,Q837839,resolved by sex
6000000020720061323,Esther,F,Q837839,resolved by sex
6000000020824099973,Esther,F,Q837839,resolved by sex
6000000020972842761,Esther,F,Q837839,resolved by sex
6000000020972880779,Esther,F,Q837839,resolved by sex
6000000021225809128,Esther,F,Q837839,resolved by sex
6000000021415161322,Esther,F,Q837839,resolved by sex
6000000021443885735,Esther,F,Q837839,resolved by sex
6000000021492261158,Esther,F,Q837839,resolved by sex
6000000021502796064,Esther,F,Q837839,resolved by sex
6000000021649317380,Esther,F,Q837839,resolved by sex
6000000022175065705,Esther,F,Q837839,resolved by sex
6000000022277326290,Esther,F,Q837839,resolved by sex
6000000022309026073,Esther,F,Q837839,resolved by sex
6000000022333242327,Esther,F,Q837839,resolved by sex
6000000022458168579,Esther,F,Q837839,resolved by sex
6000000022466791417,Esther,F,Q837839,resolved by sex
6000000022499393217,Esther,F,Q837839,resolved by sex
6000000022850579946,Esther,F,Q837839,resolved by sex
6000000023405128633,Esther,F,Q837839,resolved by sex
6000000023440725946,Esther,F,Q837839,resolved by sex
6000000023881099624,Esther,F,Q837839,resolved by sex
6000000023881245669,Esther,F,Q837839,resolved by sex
6000000024150398868,Esther,F,Q837839,resolved by sex
6000000024533491307,Esther,F,Q837839,resolved by sex
6000000025004280413,Esther,F,Q837839,resolved by sex
6000000025067920407,Esther,F,Q837839,resolved by sex
6000000025118210194,Esther,F,Q837839,resolved by sex
6000000025137200764,Esther,F,Q837839,resolved by sex
6000000025592868536,Esther,F,Q837839,resolved by sex
6000000025771166624,Esther,F,Q837839,resolved by sex
6000000025794491259,Esther,F,Q837839,resolved by sex
6000000025794612140,Esther,F,Q837839,resolved by sex
6000000025863552451,Esther,F,Q837839,resolved by sex
6000000025866858438,Esther,F,Q837839,resolved by sex
6000000025887697152,Esther,F,Q837839,resolved by sex
6000000025975961502,Esther,F,Q837839,resolved by sex
6000000026318461153,Esther,F,Q837839,resolved by sex
6000000026326583301,Esther,F,Q837839,resolved by sex
6000000026579361630,Esther,F,Q837839,resolved by sex
6000000027066528574,Esther,F,Q837839,resolved by sex
6000000027230201938,Esther,F,Q837839,resolved by sex
6000000027489313146,Esther,F,Q837839,resolved by sex
6000000027489313146,Esther,F,Q837839,resolved by sex
6000000027704586928,Esther,F,Q837839,resolved by sex
6000000027895988311,Esther,F,Q837839,resolved by sex
6000000027914592966,Esther,F,Q837839,resolved by sex
6000000028030065898,Esther,F,Q837839,resolved by sex
6000000028228717296,Esther,F,Q837839,resolved by sex
6000000028435878821,Esther,F,Q837839,resolved by sex
6000000028605023821,Esther,F,Q837839,resolved by sex
6000000029620596638,Esther,F,Q837839,resolved by sex
6000000030383453845,Esther,F,Q837839,resolved by sex
6000000030433322875,Esther,F,Q837839,resolved by sex
6000000030544956557,Esther,F,Q837839,resolved by sex
6000000030753474916,Esther,F,Q837839,resolved by sex
6000000030805343239,Esther,F,Q837839,resolved by sex
6000000030903330899,Esther,F,Q837839,resolved by sex
6000000030928384680,Esther,F,Q837839,resolved by sex
6000000031159740319,Esther,F,Q837839,resolved by sex
6000000031459761231,Esther,F,Q837839,resolved by sex
6000000031553802968,Esther,F,Q837839,resolved by sex
6000000032012565120,Esther,F,Q837839,resolved by sex
6000000032523947866,Esther,F,Q837839,resolved by sex
6000000032574943937,Esther,F,Q837839,resolved by sex
6000000032759071908,Esther,F,Q837839,resolved by sex
6000000033673993145,Esther,F,Q837839,resolved by sex
6000000033674422838,Esther,F,Q837839,resolved by sex
6000000033843522843,Esther,F,Q837839,resolved by sex
6000000033907982540,Esther,F,Q837839,resolved by sex
6000000033911966337,Esther,F,Q837839,resolved by sex
6000000033935348821,Esther,F,Q837839,resolved by sex
6000000034099999276,Esther,F,Q837839,resolved by sex
6000000034102972386,Esther,F,Q837839,resolved by sex
6000000034220306163,Esther,F,Q837839,resolved by sex
6000000034220306163,Esther,F,Q837839,resolved by sex
6000000034636217924,Esther,F,Q837839,resolved by sex
6000000034849718035,Esther,F,Q837839,resolved by sex
6000000035190762164,Esther,F,Q837839,resolved by sex
6000000035866474839,Esther,F,Q837839,resolved by sex
6000000035866474839,Esther,F,Q837839,resolved by sex
6000000036371864901,Esther,F,Q837839,resolved by sex
6000000036514892096,Esther,F,Q837839,resolved by sex
6000000036594309606,Esther,F,Q837839,resolved by sex
6000000036718424196,Esther,F,Q837839,resolved by sex
6000000037187093699,Esther,F,Q837839,resolved by sex
6000000037335293064,Esther,F,Q837839,resolved by sex
6000000037425601228,Esther,F,Q837839,resolved by sex
6000000037759064102,Esther,F,Q837839,resolved by sex
6000000037826463853,Esther,F,Q837839,resolved by sex
6000000038028353411,Esther,F,Q837839,resolved by sex
6000000038142055595,Esther,F,Q837839,resolved by sex
6000000038291947058,Esther,F,Q837839,resolved by sex
6000000038406448261,Esther,F,Q837839,resolved by sex
6000000038510712078,Esther,F,Q837839,resolved by sex
6000000038589664949,Esther,F,Q837839,resolved by sex
6000000039375186226,Esther,F,Q837839,resolved by sex
6000000040246870864,Esther,F,Q837839,resolved by sex
6000000040438241243,Esther,F,Q837839,resolved by sex
6000000040438574361,Esther,F,Q837839,resolved by sex
6000000040708748941,Esther,F,Q837839,resolved by sex
6000000040869622747,Esther,F,Q837839,resolved by sex
6000000041000142020,Esther,F,Q837839,resolved by sex
6000000041030946314,Esther,F,Q837839,resolved by sex
6000000041049266179,Esther,F,Q837839,resolved by sex
6000000042061442871,Esther,F,Q837839,resolved by sex
6000000042556363894,Esther,F,Q837839,resolved by sex
6000000043267954030,Esther,F,Q837839,resolved by sex
6000000043306753374,Esther,F,Q837839,resolved by sex
6000000043696694220,Esther,F,Q837839,resolved by sex
6000000043969293498,Esther,F,Q837839,resolved by sex
6000000044197367119,Esther,F,Q837839,resolved by sex
6000000044365399022,Esther,F,Q837839,resolved by sex
6000000044517068127,Esther,F,Q837839,resolved by sex
6000000044875571950,Esther,F,Q837839,resolved by sex
6000000045719548896,Esther,F,Q837839,resolved by sex
6000000046782137953,Esther,F,Q837839,resolved by sex
6000000046784638899,Esther,F,Q837839,resolved by sex
6000000047268538097,Esther,F,Q837839,resolved by sex
6000000047578525833,Esther,F,Q837839,resolved by sex
6000000048689073332,Esther,F,Q837839,resolved by sex
6000000048848046821,Esther,F,Q837839,resolved by sex
6000000050686695848,Esther,F,Q837839,resolved by sex
6000000051430127823,Esther,F,Q837839,resolved by sex
6000000053225478826,Esther,F,Q837839,resolved by sex
6000000053638459970,Esther,F,Q837839,resolved by sex
6000000054041741991,Esther,F,Q837839,resolved by sex
6000000054527237833,Esther,F,Q837839,resolved by sex
6000000055985497914,Esther,F,Q837839,resolved by sex
6000000056260100251,Esther,F,Q837839,resolved by sex
6000000056261353935,Esther,F,Q837839,resolved by sex
6000000056308047827,Esther,F,Q837839,resolved by sex
6000000057524806062,Esther,F,Q837839,resolved by sex
6000000057838545877,Esther,F,Q837839,resolved by sex
6000000057951633258,Esther,F,Q837839,resolved by sex
6000000059786243247,Esther,F,Q837839,resolved by sex
6000000062500354821,Esther,F,Q837839,resolved by sex
6000000063693029998,Esther,F,Q837839,resolved by sex
6000000064377434769,Esther,F,Q837839,resolved by sex
6000000066162645104,Esther,F,Q837839,resolved by sex
6000000068480425210,Esther,F,Q837839,resolved by sex
6000000068816758829,Esther,F,Q837839,resolved by sex
6000000070085485094,Esther,F,Q837839,resolved by sex
6000000070731674395,Esther,F,Q837839,resolved by sex
6000000071108328872,Esther,F,Q837839,resolved by sex
6000000072375236052,Esther,F,Q837839,resolved by sex
6000000072721637837,Esther,F,Q837839,resolved by sex
6000000072797222867,Esther,F,Q837839,resolved by sex
6000000073428577890,Esther,F,Q837839,resolved by sex
6000000075302185039,Esther,F,Q837839,resolved by sex
6000000077240393973,Esther,F,Q837839,resolved by sex
6000000078644966437,Esther,F,Q837839,resolved by sex
6000000082474889022,Esther,F,Q837839,resolved by sex
6000000082613066239,Esther,F,Q837839,resolved by sex
6000000082733282304,Esther,F,Q837839,resolved by sex
6000000083214975988,Esther,F,Q837839,resolved by sex
6000000083930975947,Esther,F,Q837839,resolved by sex
6000000085226152958,Esther,F,Q837839,resolved by sex
6000000086357431850,Esther,F,Q837839,resolved by sex
6000000086432936230,Esther,F,Q837839,resolved by sex
6000000088396079833,Esther,F,Q837839,resolved by sex
6000000089272945079,Esther,F,Q837839,resolved by sex
6000000090532675838,Esther,F,Q837839,resolved by sex
6000000090943862845,Esther,F,Q837839,resolved by sex
6000000091998335831,Esther,F,Q837839,resolved by sex
6000000092163805921,Esther,F,Q837839,resolved by sex
6000000092324489970,Esther,F,Q837839,resolved by sex
6000000093535399832,Esther,F,Q837839,resolved by sex
6000000095613511236,Esther,F,Q837839,resolved by sex
6000000096180824172,Esther,F,Q837839,resolved by sex
6000000096536504831,Esther,F,Q837839,resolved by sex
6000000098399987880,Esther,F,Q837839,resolved by sex
6000000103248132094,Esther,F,Q837839,resolved by sex
6000000103764485944,Esther,F,Q837839,resolved by sex
6000000104459811821,Esther,F,Q837839,resolved by sex
6000000104536485903,Esther,F,Q837839,resolved by sex
6000000105261481892,Esther,F,Q837839,resolved by sex
6000000105262606071,Esther,F,Q837839,resolved by sex
6000000105262606071,Esther,F,Q837839,resolved by sex
6000000105676614908,Esther,F,Q837839,resolved by sex
6000000105762011832,Esther,F,Q837839,resolved by sex
6000000106406252832,Esther,F,Q837839,resolved by sex
6000000106537922821,Esther,F,Q837839,resolved by sex
6000000107261343940,Esther,F,Q837839,resolved by sex
6000000107627846867,Esther,F,Q837839,resolved by sex
6000000108892113825,Esther,F,Q837839,resolved by sex
6000000111144594127,Esther,F,Q837839,resolved by sex
6000000112260929840,Esther,F,Q837839,resolved by sex
6000000114778061829,Esther,F,Q837839,resolved by sex
6000000114927022823,Esther,F,Q837839,resolved by sex
6000000118389612857,Esther,F,Q837839,resolved by sex
6000000118811921923,Esther,F,Q837839,resolved by sex
6000000121217728924,Esther,F,Q837839,resolved by sex
6000000122571009821,Esther,F,Q837839,resolved by sex
6000000125617512837,Esther,F,Q837839,resolved by sex
6000000129956836056,Esther,F,Q837839,resolved by sex
6000000135787716310,Esther,F,Q837839,resolved by sex
6000000137997299843,Esther,F,Q837839,resolved by sex
6000000139699887864,Esther,F,Q837839,resolved by sex
6000000139703138840,Esther,F,Q837839,resolved by sex
6000000140199593831,Esther,F,Q837839,resolved by sex
6000000140905188824,Esther,F,Q837839,resolved by sex
6000000145575407830,Esther,F,Q837839,resolved by sex
6000000145578644831,Esther,F,Q837839,resolved by sex
6000000148345025823,Esther,F,Q837839,resolved by sex
6000000150856236825,Esther,F,Q837839,resolved by sex
6000000159136025844,Esther,F,Q837839,resolved by sex
6000000168949630304,Esther,F,Q837839,resolved by sex
6000000171940690917,Esther,F,Q837839,resolved by sex
6000000172271349413,Esther,F,Q837839,resolved by sex
6000000172786676051,Esther,F,Q837839,resolved by sex
6000000173219252578,Esther,F,Q837839,resolved by sex
6000000174202477992,Esther,F,Q837839,resolved by sex
6000000174225146951,Esther,F,Q837839,resolved by sex
6000000174332397076,Esther,F,Q837839,resolved by sex
6000000175605032854,Esther,F,Q837839,resolved by sex
6000000176174036872,Esther,F,Q837839,resolved by sex
6000000176419500857,Esther,F,Q837839,resolved by sex
6000000176812366221,Esther,F,Q837839,resolved by sex
6000000178007917850,Esther,F,Q837839,resolved by sex
6000000178088581830,Esther,F,Q837839,resolved by sex
6000000179367144822,Esther,F,Q837839,resolved by sex
6000000179701859890,Esther,F,Q837839,resolved by sex
6000000180562471826,Esther,F,Q837839,resolved by sex
6000000180572889829,Esther,F,Q837839,resolved by sex
6000000180578893906,Esther,F,Q837839,resolved by sex
6000000180579042359,Esther,F,Q837839,resolved by sex
6000000180579042382,Esther,F,Q837839,resolved by sex
6000000180579042382,Esther,F,Q837839,resolved by sex
6000000180579042751,Esther,F,Q837839,resolved by sex
6000000180579416225,Esther,F,Q837839,resolved by sex
6000000180579605058,Esther,F,Q837839,resolved by sex
6000000180579605110,Esther,F,Q837839,resolved by sex
6000000180765813871,Esther,F,Q837839,resolved by sex
6000000181456607832,Esther,F,Q837839,resolved by sex
6000000183536778837,Esther,F,Q837839,resolved by sex
6000000183536778837,Esther,F,Q837839,resolved by sex
6000000183648017868,Esther,F,Q837839,resolved by sex
6000000183977590835,Esther,F,Q837839,resolved by sex
6000000184426440877,Esther,F,Q837839,resolved by sex
6000000185361628489,Esther,F,Q837839,resolved by sex
6000000185421254833,Esther,F,Q837839,resolved by sex
6000000186144922882,Esther,F,Q837839,resolved by sex
6000000186145279966,Esther,F,Q837839,resolved by sex
6000000186369943842,Esther,F,Q837839,resolved by sex
6000000186909890865,Esther,F,Q837839,resolved by sex
6000000187302828834,Esther,F,Q837839,resolved by sex
6000000187521054855,Esther,F,Q837839,resolved by sex
6000000189019353821,Esther,F,Q837839,resolved by sex
6000000189062237875,Esther,F,Q837839,resolved by sex
6000000189515725832,Esther,F,Q837839,resolved by sex
6000000189566757880,Esther,F,Q837839,resolved by sex
6000000190220832851,Esther,F,Q837839,resolved by sex
6000000190325909849,Esther,F,Q837839,resolved by sex
6000000190799380831,Esther,F,Q837839,resolved by sex
6000000190899721827,Esther,F,Q837839,resolved by sex
6000000193371473882,Esther,F,Q837839,resolved by sex
6000000196553932861,Esther,F,Q837839,resolved by sex
6000000197223545860,Esther,F,Q837839,resolved by sex
6000000198785272840,Esther,F,Q837839,resolved by sex
6000000200150775084,Esther,F,Q837839,resolved by sex
6000000200230815848,Esther,F,Q837839,resolved by sex
6000000201186186953,Esther,F,Q837839,resolved by sex
6000000201242145825,Esther,F,Q837839,resolved by sex
6000000201557830194,Esther,F,Q837839,resolved by sex
6000000204661751823,Esther,F,Q837839,resolved by sex
6000000204661751823,Esther,F,Q837839,resolved by sex
6000000204897434899,Esther,F,Q837839,resolved by sex
6000000205991343822,Esther,F,Q837839,resolved by sex
6000000206106000850,Esther,F,Q837839,resolved by sex
6000000207457700829,Esther,F,Q837839,resolved by sex
6000000208865548848,Esther,F,Q837839,resolved by sex
6000000208865985831,Esther,F,Q837839,resolved by sex
6000000208895212865,Esther,F,Q837839,resolved by sex
6000000209411845821,Esther,F,Q837839,resolved by sex
6000000209411845821,Esther,F,Q837839,resolved by sex
6000000216105953639,Esther,F,Q837839,resolved by sex
6000000220980537828,Esther,F,Q837839,resolved by sex
6000000221850006034,Esther,F,Q837839,resolved by sex
6000000221862952828,Esther,F,Q837839,resolved by sex
6000000222844972997,Esther,F,Q837839,resolved by sex
6000000225093338156,Esther,F,Q837839,resolved by sex
6000000226194441837,Esther,F,Q837839,resolved by sex
6000000226514349824,Esther,F,Q837839,resolved by sex
6000000226829714864,Esther,F,Q837839,resolved by sex
6000000227070286333,Esther,F,Q837839,resolved by sex
6000000001412952663,Eustatius,M,Q130449096,resolved by sex
6000000002215326285,Eustatius,M,Q130449096,resolved by sex
6000000003051193745,Eustatius,M,Q130449096,resolved by sex
6000000019139654610,Eustatius,M,Q130449096,resolved by sex
6000000026012225000,Eustatius,M,Q130449096,resolved by sex
6000000097633046896,Eustatius,M,Q130449096,resolved by sex
6000000210318053821,Eustatius,M,Q130449096,resolved by sex
6000000001460720137,FRANCIS,F,Q68721284,resolved by sex
6000000001142099434,FitzWilliam,M,Q63991914,resolved by sex
6000000001299332404,FitzWilliam,M,Q63991914,resolved by sex
6000000001354542182,FitzWilliam,M,Q63991914,resolved by sex
6000000002134891485,FitzWilliam,M,Q63991914,resolved by sex
6000000002173025396,FitzWilliam,M,Q63991914,resolved by sex
6000000003243294025,FitzWilliam,M,Q63991914,resolved by sex
6000000008531435982,Fitzwilliam,M,Q63991914,resolved by sex
325782157480004837,Francis,M,Q1441346,resolved by sex
325782942430002217,Francis,F,Q68721284,resolved by sex
362725218730004746,Francis,M,Q1441346,resolved by sex
387638972190007407,Francis,M,Q1441346,resolved by sex
4109718709280044670,Francis,M,Q1441346,resolved by sex
4109730627170037781,Francis,M,Q1441346,resolved by sex
4930437613630076669,Francis,M,Q1441346,resolved by sex
5281548942870059091,Francis,M,Q1441346,resolved by sex
5318257919690026486,Francis,M,Q1441346,resolved by sex
6000000000183065431,Francis,M,Q1441346,resolved by sex
6000000000183083941,Francis,M,Q1441346,resolved by sex
6000000000209552158,Francis,M,Q1441346,resolved by sex
6000000000416707574,Francis,M,Q1441346,resolved by sex
6000000000445768568,Francis,M,Q1441346,resolved by sex
6000000000445803390,Francis,M,Q1441346,resolved by sex
6000000000596062069,Francis,M,Q1441346,resolved by sex
6000000000770047624,Francis,M,Q1441346,resolved by sex
6000000000864972147,Francis,M,Q1441346,resolved by sex
6000000000865278277,Francis,M,Q1441346,resolved by sex
6000000000869909476,Francis,M,Q1441346,resolved by sex
6000000000911215178,Francis,M,Q1441346,resolved by sex
6000000001008705492,Francis,M,Q1441346,resolved by sex
6000000001052291582,Francis,M,Q1441346,resolved by sex
6000000001075433439,Francis,M,Q1441346,resolved by sex
6000000001139989994,Francis,M,Q1441346,resolved by sex
6000000001180251587,Francis,M,Q1441346,resolved by sex
6000000001180347070,Francis,M,Q1441346,resolved by sex
6000000001198383263,Francis,M,Q1441346,resolved by sex
6000000001322198040,Francis,M,Q1441346,resolved by sex
6000000001460720169,Francis,M,Q1441346,resolved by sex
6000000001460720209,Francis,M,Q1441346,resolved by sex
6000000001460720303,Francis,M,Q1441346,resolved by sex
6000000001460785288,Francis,M,Q1441346,resolved by sex
6000000001794841071,Francis,M,Q1441346,resolved by sex
6000000001804771456,Francis,M,Q1441346,resolved by sex
6000000001804771472,Francis,F,Q68721284,resolved by sex
6000000002116061533,Francis,M,Q1441346,resolved by sex
6000000002228965650,Francis,F,Q68721284,resolved by sex
6000000002351134053,Francis,M,Q1441346,resolved by sex
6000000002599664628,Francis,M,Q1441346,resolved by sex
6000000002649937035,Francis,M,Q1441346,resolved by sex
6000000002649954630,Francis,M,Q1441346,resolved by sex
6000000002765900447,Francis,M,Q1441346,resolved by sex
6000000002799090869,Francis,M,Q1441346,resolved by sex
6000000002906278791,Francis,M,Q1441346,resolved by sex
6000000003004181403,Francis,M,Q1441346,resolved by sex
6000000003006799506,Francis,M,Q1441346,resolved by sex
6000000003077432108,Francis,M,Q1441346,resolved by sex
6000000003152133606,Francis,M,Q1441346,resolved by sex
6000000003195034648,Francis,M,Q1441346,resolved by sex
6000000003207345850,Francis,M,Q1441346,resolved by sex
6000000003253460748,Francis,F,Q68721284,resolved by sex
6000000003253460748,Francis,F,Q68721284,resolved by sex
6000000003263226602,Francis,M,Q1441346,resolved by sex
6000000003263226602,Francis,M,Q1441346,resolved by sex
6000000003288217365,Francis,M,Q1441346,resolved by sex
6000000003478386805,Francis,M,Q1441346,resolved by sex
6000000003525920934,Francis,M,Q1441346,resolved by sex
6000000003791757831,Francis,M,Q1441346,resolved by sex
6000000003825808970,Francis,M,Q1441346,resolved by sex
6000000003862958177,Francis,M,Q1441346,resolved by sex
6000000003890962506,Francis,M,Q1441346,resolved by sex
6000000004028593118,Francis,M,Q1441346,resolved by sex
6000000004090153144,Francis,M,Q1441346,resolved by sex
6000000004879668013,Francis,M,Q1441346,resolved by sex
6000000004978811289,Francis,M,Q1441346,resolved by sex
6000000004993128880,Francis,M,Q1441346,resolved by sex
6000000004993449951,Francis,M,Q1441346,resolved by sex
6000000005229766200,Francis,M,Q1441346,resolved by sex
6000000005506409032,Francis,M,Q1441346,resolved by sex
6000000005965336481,Francis,M,Q1441346,resolved by sex
6000000006087463174,Francis,M,Q1441346,resolved by sex
6000000006087566082,Francis,M,Q1441346,resolved by sex
6000000006167658072,Francis,M,Q1441346,resolved by sex
6000000006199380353,Francis,F,Q68721284,resolved by sex
6000000006424396252,Francis,M,Q1441346,resolved by sex
6000000006444097217,Francis,M,Q1441346,resolved by sex
6000000006444635114,Francis,M,Q1441346,resolved by sex
6000000006444679180,Francis,M,Q1441346,resolved by sex
6000000006444735029,Francis,M,Q1441346,resolved by sex
6000000006444735475,Francis,M,Q1441346,resolved by sex
6000000006444745193,Francis,M,Q1441346,resolved by sex
6000000006901454591,Francis,M,Q1441346,resolved by sex
6000000006906186331,Francis,M,Q1441346,resolved by sex
6000000006907334120,Francis,M,Q1441346,resolved by sex
6000000006951327258,Francis,M,Q1441346,resolved by sex
6000000007023731573,Francis,M,Q1441346,resolved by sex
6000000007061380183,Francis,M,Q1441346,resolved by sex
6000000007121575142,Francis,M,Q1441346,resolved by sex
6000000007169353320,Francis,M,Q1441346,resolved by sex
6000000007444224246,Francis,M,Q1441346,resolved by sex
6000000007604302171,Francis,M,Q1441346,resolved by sex
6000000007605464718,Francis,M,Q1441346,resolved by sex
6000000007662436305,Francis,M,Q1441346,resolved by sex
6000000007678923168,Francis,F,Q68721284,resolved by sex
6000000007776191228,Francis,M,Q1441346,resolved by sex
6000000008090739220,Francis,M,Q1441346,resolved by sex
6000000008223958545,Francis,M,Q1441346,resolved by sex
6000000008436803200,Francis,M,Q1441346,resolved by sex
6000000008971195734,Francis,M,Q1441346,resolved by sex
6000000008997841307,Francis,F,Q68721284,resolved by sex
6000000009172594706,Francis,M,Q1441346,resolved by sex
6000000010009613106,Francis,M,Q1441346,resolved by sex
6000000010010100684,Francis,M,Q1441346,resolved by sex
6000000010010124438,Francis,M,Q1441346,resolved by sex
6000000010162460076,Francis,M,Q1441346,resolved by sex
6000000010512756113,Francis,M,Q1441346,resolved by sex
6000000010523507551,Francis,F,Q68721284,resolved by sex
6000000010801628963,Francis,M,Q1441346,resolved by sex
6000000010924935777,Francis,M,Q1441346,resolved by sex
6000000010983051681,Francis,M,Q1441346,resolved by sex
6000000011253445371,Francis,M,Q1441346,resolved by sex
6000000011318203073,Francis,M,Q1441346,resolved by sex
6000000011788651745,Francis,M,Q1441346,resolved by sex
6000000012022275398,Francis,F,Q68721284,resolved by sex
6000000012644954402,Francis,M,Q1441346,resolved by sex
6000000012750569540,Francis,M,Q1441346,resolved by sex
6000000012787974280,Francis,M,Q1441346,resolved by sex
6000000012995696418,Francis,M,Q1441346,resolved by sex
6000000013159570964,Francis,M,Q1441346,resolved by sex
6000000013563411796,Francis,M,Q1441346,resolved by sex
6000000014125829175,Francis,M,Q1441346,resolved by sex
6000000014147731523,Francis,M,Q1441346,resolved by sex
6000000014747308318,Francis,F,Q68721284,resolved by sex
6000000014747327336,Francis,F,Q68721284,resolved by sex
6000000014973642391,Francis,M,Q1441346,resolved by sex
6000000015054479903,Francis,F,Q68721284,resolved by sex
6000000015074418918,Francis,M,Q1441346,resolved by sex
6000000015108635325,Francis,M,Q1441346,resolved by sex
6000000015108635325,Francis,M,Q1441346,resolved by sex
6000000015108635335,Francis,M,Q1441346,resolved by sex
6000000015117759599,Francis,M,Q1441346,resolved by sex
6000000015287915083,Francis,M,Q1441346,resolved by sex
6000000015422136256,Francis,M,Q1441346,resolved by sex
6000000015422178494,Francis,M,Q1441346,resolved by sex
6000000015873234188,Francis,M,Q1441346,resolved by sex
6000000015968716667,Francis,F,Q68721284,resolved by sex
6000000016144421761,Francis,M,Q1441346,resolved by sex
6000000016384138218,Francis,M,Q1441346,resolved by sex
6000000017424744441,Francis,M,Q1441346,resolved by sex
6000000018832790462,Francis,M,Q1441346,resolved by sex
6000000019788088176,Francis,M,Q1441346,resolved by sex
6000000019979244109,Francis,F,Q68721284,resolved by sex
6000000020194332622,Francis,M,Q1441346,resolved by sex
6000000020194411575,Francis,M,Q1441346,resolved by sex
6000000020296768854,Francis,M,Q1441346,resolved by sex
6000000020405279902,Francis,M,Q1441346,resolved by sex
6000000020415789850,Francis,M,Q1441346,resolved by sex
6000000020802631354,Francis,M,Q1441346,resolved by sex
6000000021500099270,Francis,M,Q1441346,resolved by sex
6000000021546268500,Francis,F,Q68721284,resolved by sex
6000000022184837092,Francis,M,Q1441346,resolved by sex
6000000022323800430,Francis,M,Q1441346,resolved by sex
6000000024263312956,Francis,M,Q1441346,resolved by sex
6000000024406014696,Francis,M,Q1441346,resolved by sex
6000000024531205426,Francis,M,Q1441346,resolved by sex
6000000024829511967,Francis,M,Q1441346,resolved by sex
6000000024872323133,Francis,M,Q1441346,resolved by sex
6000000024900978934,Francis,M,Q1441346,resolved by sex
6000000025169727165,Francis,M,Q1441346,resolved by sex
6000000026427278841,Francis,M,Q1441346,resolved by sex
6000000026606472631,Francis,M,Q1441346,resolved by sex
6000000026854652625,Francis,M,Q1441346,resolved by sex
6000000026854778141,Francis,M,Q1441346,resolved by sex
6000000028345049437,Francis,M,Q1441346,resolved by sex
6000000028391385700,Francis,M,Q1441346,resolved by sex
6000000030603292194,Francis,M,Q1441346,resolved by sex
6000000030605230206,Francis,M,Q1441346,resolved by sex
6000000030641826617,Francis,M,Q1441346,resolved by sex
6000000031006187492,Francis,M,Q1441346,resolved by sex
6000000031554568821,Francis,M,Q1441346,resolved by sex
6000000034120667187,Francis,F,Q68721284,resolved by sex
6000000034803883194,Francis,M,Q1441346,resolved by sex
6000000035507470682,Francis,M,Q1441346,resolved by sex
6000000037605248558,Francis,M,Q1441346,resolved by sex
6000000038429718153,Francis,M,Q1441346,resolved by sex
6000000038629500840,Francis,M,Q1441346,resolved by sex
6000000039483600652,Francis,M,Q1441346,resolved by sex
6000000039491091341,Francis,M,Q1441346,resolved by sex
6000000040033769281,Francis,M,Q1441346,resolved by sex
6000000040633205918,Francis,M,Q1441346,resolved by sex
6000000040713295059,Francis,F,Q68721284,resolved by sex
6000000041050894927,Francis,F,Q68721284,resolved by sex
6000000041077631985,Francis,M,Q1441346,resolved by sex
6000000042127153730,Francis,M,Q1441346,resolved by sex
6000000042283667248,Francis,M,Q1441346,resolved by sex
6000000045404058006,Francis,M,Q1441346,resolved by sex
6000000046991884058,Francis,F,Q68721284,resolved by sex
6000000048879581946,Francis,M,Q1441346,resolved by sex
6000000049146165881,Francis,M,Q1441346,resolved by sex
6000000050425141027,Francis,M,Q1441346,resolved by sex
6000000050635720898,Francis,M,Q1441346,resolved by sex
6000000050689564866,Francis,F,Q68721284,resolved by sex
6000000051858046919,Francis,M,Q1441346,resolved by sex
6000000053203742869,Francis,M,Q1441346,resolved by sex
6000000053357973033,Francis,M,Q1441346,resolved by sex
6000000054055797821,Francis,M,Q1441346,resolved by sex
6000000054395457829,Francis,M,Q1441346,resolved by sex
6000000058180214042,Francis,F,Q68721284,resolved by sex
6000000058361704004,Francis,M,Q1441346,resolved by sex
6000000060302701887,Francis,M,Q1441346,resolved by sex
6000000061176582179,Francis,M,Q1441346,resolved by sex
6000000061176841989,Francis,M,Q1441346,resolved by sex
6000000067033625102,Francis,M,Q1441346,resolved by sex
6000000069319648925,Francis,F,Q68721284,resolved by sex
6000000071438143854,Francis,M,Q1441346,resolved by sex
6000000072818670954,Francis,M,Q1441346,resolved by sex
6000000073225421930,Francis,M,Q1441346,resolved by sex
6000000075775989821,Francis,M,Q1441346,resolved by sex
6000000076902942126,Francis,F,Q68721284,resolved by sex
6000000077279801830,Francis,,,sex not recorded
6000000082774147116,Francis,F,Q68721284,resolved by sex
6000000083215018129,Francis,M,Q1441346,resolved by sex
6000000083287556978,Francis,M,Q1441346,resolved by sex
6000000083761090221,Francis,M,Q1441346,resolved by sex
6000000084176079396,Francis,M,Q1441346,resolved by sex
6000000086412919837,Francis,M,Q1441346,resolved by sex
6000000086413373845,Francis,F,Q68721284,resolved by sex
6000000087004362999,Francis,M,Q1441346,resolved by sex
6000000087849762997,Francis,F,Q68721284,resolved by sex
6000000087928727847,Francis,M,Q1441346,resolved by sex
6000000087981253860,Francis,M,Q1441346,resolved by sex
6000000088757724894,Francis,M,Q1441346,resolved by sex
6000000089718828025,Francis,M,Q1441346,resolved by sex
6000000090039146356,Francis,M,Q1441346,resolved by sex
6000000090532500326,Francis,M,Q1441346,resolved by sex
6000000093289870200,Francis,M,Q1441346,resolved by sex
6000000093935627255,Francis,F,Q68721284,resolved by sex
6000000095645715862,Francis,M,Q1441346,resolved by sex
6000000095646491822,Francis,M,Q1441346,resolved by sex
6000000098166457835,Francis,M,Q1441346,resolved by sex
6000000098665222836,Francis,M,Q1441346,resolved by sex
6000000099226536043,Francis,M,Q1441346,resolved by sex
6000000100868415822,Francis,M,Q1441346,resolved by sex
6000000101691138833,Francis,M,Q1441346,resolved by sex
6000000102919614821,Francis,M,Q1441346,resolved by sex
6000000107258404403,Francis,M,Q1441346,resolved by sex
6000000107261323844,Francis,M,Q1441346,resolved by sex
6000000107261323891,Francis,M,Q1441346,resolved by sex
6000000107627573876,Francis,M,Q1441346,resolved by sex
6000000107627734892,Francis,M,Q1441346,resolved by sex
6000000115534858863,Francis,M,Q1441346,resolved by sex
6000000123692779155,Francis,F,Q68721284,resolved by sex
6000000126209458843,Francis,M,Q1441346,resolved by sex
6000000133466162946,Francis,M,Q1441346,resolved by sex
6000000139632773040,Francis,M,Q1441346,resolved by sex
6000000143590216016,Francis,M,Q1441346,resolved by sex
6000000150855159109,Francis,M,Q1441346,resolved by sex
6000000150856329821,Francis,M,Q1441346,resolved by sex
6000000153231233858,Francis,M,Q1441346,resolved by sex
6000000158927985043,Francis,M,Q1441346,resolved by sex
6000000160708801831,Francis,M,Q1441346,resolved by sex
6000000173784443191,Francis,M,Q1441346,resolved by sex
6000000173784527347,Francis,M,Q1441346,resolved by sex
6000000175804165831,Francis,M,Q1441346,resolved by sex
6000000175904156841,Francis,F,Q68721284,resolved by sex
6000000175959342825,Francis,M,Q1441346,resolved by sex
6000000176065996226,Francis,M,Q1441346,resolved by sex
6000000176377141886,Francis,M,Q1441346,resolved by sex
6000000176378944828,Francis,M,Q1441346,resolved by sex
6000000179133676824,Francis,F,Q68721284,resolved by sex
6000000179983380376,Francis,F,Q68721284,resolved by sex
6000000181195659089,Francis,M,Q1441346,resolved by sex
6000000184223610829,Francis,M,Q1441346,resolved by sex
6000000185161487821,Francis,M,Q1441346,resolved by sex
6000000186144177459,Francis,M,Q1441346,resolved by sex
6000000186147748970,Francis,M,Q1441346,resolved by sex
6000000186213520875,Francis,M,Q1441346,resolved by sex
6000000186740405822,Francis,M,Q1441346,resolved by sex
6000000186769596852,Francis,M,Q1441346,resolved by sex
6000000188003093876,Francis,M,Q1441346,resolved by sex
6000000189299090910,Francis,M,Q1441346,resolved by sex
6000000190627044824,Francis,M,Q1441346,resolved by sex
6000000198239044829,Francis,M,Q1441346,resolved by sex
6000000198948489821,Francis,M,Q1441346,resolved by sex
6000000201018552827,Francis,M,Q1441346,resolved by sex
6000000201232270881,Francis,M,Q1441346,resolved by sex
6000000202007422842,Francis,M,Q1441346,resolved by sex
6000000203026176853,Francis,M,Q1441346,resolved by sex
6000000203066605845,Francis,M,Q1441346,resolved by sex
6000000203538109851,Francis,M,Q1441346,resolved by sex
6000000205281916866,Francis,M,Q1441346,resolved by sex
6000000210280844846,Francis,M,Q1441346,resolved by sex
6000000211451859827,Francis,F,Q68721284,resolved by sex
6000000212455810821,Francis,M,Q1441346,resolved by sex
6000000216651422825,Francis,M,Q1441346,resolved by sex
6000000218368102836,Francis,M,Q1441346,resolved by sex
6000000222406161866,Francis,M,Q1441346,resolved by sex
6000000223836436856,Francis,M,Q1441346,resolved by sex
6000000224255115949,Francis,M,Q1441346,resolved by sex
6000000224988494288,Francis,M,Q1441346,resolved by sex
6000000226690639793,Francis,M,Q1441346,resolved by sex
6000000226747116824,Francis,M,Q1441346,resolved by sex
6000000000954217421,Gabriele,M,Q17765515,resolved by sex
6000000003122427571,Gabriele,M,Q17765515,resolved by sex
6000000004097094451,Gabriele,F,Q17765518,resolved by sex
6000000004183285135,Gabriele,F,Q17765518,resolved by sex
6000000004183517545,Gabriele,F,Q17765518,resolved by sex
6000000008023777421,Gabriele,M,Q17765515,resolved by sex
6000000008230761592,Gabriele,M,Q17765515,resolved by sex
6000000008863616382,Gabriele,M,Q17765515,resolved by sex
6000000009813168554,Gabriele,F,Q17765518,resolved by sex
6000000010874569528,Gabriele,F,Q17765518,resolved by sex
6000000017139519274,Gabriele,F,Q17765518,resolved by sex
6000000027399483186,Gabriele,F,Q17765518,resolved by sex
6000000027399483186,Gabriele,F,Q17765518,resolved by sex
6000000033668266995,Gabriele,F,Q17765518,resolved by sex
6000000069667328888,Gabriele,F,Q17765518,resolved by sex
6000000073122591046,Gabriele,M,Q17765515,resolved by sex
6000000075766364846,Gabriele,M,Q17765515,resolved by sex
6000000075766364846,Gabriele,M,Q17765515,resolved by sex
6000000082939694861,Gabriele,M,Q17765515,resolved by sex
6000000082939694861,Gabriele,M,Q17765515,resolved by sex
6000000089353545879,Gabriele,M,Q17765515,resolved by sex
6000000092410937845,Gabriele,M,Q17765515,resolved by sex
6000000102783109005,Gabriele,F,Q17765518,resolved by sex
6000000179022167873,Gabriele,F,Q17765518,resolved by sex
6000000184953092872,Gabriele,F,Q17765518,resolved by sex
5404270269970129231,Gotfried,M,Q114683782,resolved by sex
6000000000426236292,Gotfried,M,Q114683782,resolved by sex
6000000002187887302,Gotfried,M,Q114683782,resolved by sex
6000000009545416908,Gotfried,M,Q114683782,resolved by sex
6000000011505718203,Gotfried,M,Q114683782,resolved by sex
6000000016802690605,Gotfried,M,Q114683782,resolved by sex
6000000017100446799,Gotfried,M,Q114683782,resolved by sex
6000000020404120183,Gotfried,M,Q114683782,resolved by sex
6000000023122928378,Gotfried,M,Q114683782,resolved by sex
6000000023979770416,Gotfried,M,Q114683782,resolved by sex
6000000036662779445,Gotfried,M,Q114683782,resolved by sex
6000000130274668221,Gotfried,M,Q114683782,resolved by sex
6000000194071908863,Gotfried,M,Q114683782,resolved by sex
6000000221566285023,Gotfried,M,Q114683782,resolved by sex
6000000010286883371,Graça,F,Q115143938,resolved by sex
6000000016151545818,Graça,F,Q115143938,resolved by sex
6000000016155215550,Graça,F,Q115143938,resolved by sex
6000000017676591170,Graça,F,Q115143938,resolved by sex
6000000020474504852,Graça,F,Q115143938,resolved by sex
6000000020786209377,Graça,F,Q115143938,resolved by sex
6000000020841828533,Graça,F,Q115143938,resolved by sex
6000000021317852919,Graça,F,Q115143938,resolved by sex
6000000021718400127,Graça,F,Q115143938,resolved by sex
6000000022685472072,Graça,F,Q115143938,resolved by sex
6000000023621315190,Graça,F,Q115143938,resolved by sex
6000000024080346894,Graça,F,Q115143938,resolved by sex
6000000028674481058,Graça,F,Q115143938,resolved by sex
6000000028774001611,Graça,F,Q115143938,resolved by sex
6000000029445921879,Graça,F,Q115143938,resolved by sex
6000000032462869230,Graça,F,Q115143938,resolved by sex
6000000044437899910,Graça,F,Q115143938,resolved by sex
6000000072048675596,Graça,F,Q115143938,resolved by sex
6000000173449375226,Graça,F,Q115143938,resolved by sex
6000000222643782872,Graça,F,Q115143938,resolved by sex
3015133,Gösta,M,Q1559648,resolved by sex
6000000001597407284,Gösta,M,Q1559648,resolved by sex
6000000006127713097,Gösta,M,Q1559648,resolved by sex
6000000006451904973,Gösta,M,Q1559648,resolved by sex
6000000008470855395,Gösta,M,Q1559648,resolved by sex
6000000012427479399,Gösta,M,Q1559648,resolved by sex
6000000012427479399,Gösta,M,Q1559648,resolved by sex
6000000019583246407,Gösta,M,Q1559648,resolved by sex
6000000021077950968,Gösta,M,Q1559648,resolved by sex
6000000027090309226,Gösta,M,Q1559648,resolved by sex
6000000029450674740,Gösta,M,Q1559648,resolved by sex
6000000037077427935,Gösta,M,Q1559648,resolved by sex
6000000037077427935,Gösta,M,Q1559648,resolved by sex
6000000039587339160,Gösta,M,Q1559648,resolved by sex
6000000039587653173,Gösta,M,Q1559648,resolved by sex
6000000071676661842,Gösta,M,Q1559648,resolved by sex
6000000071676661842,Gösta,M,Q1559648,resolved by sex
6000000074917458986,Gösta,M,Q1559648,resolved by sex
6000000087834314371,Gösta,M,Q1559648,resolved by sex
6000000087834314371,Gösta,M,Q1559648,resolved by sex
6000000095668000821,Gösta,M,Q1559648,resolved by sex
6000000095668000821,Gösta,M,Q1559648,resolved by sex
6000000165812495972,Gösta,M,Q1559648,resolved by sex
6000000178957415873,Gösta,M,Q1559648,resolved by sex
6000000180575396975,Gösta,M,Q1559648,resolved by sex
6000000180577986867,Gösta,M,Q1559648,resolved by sex
6000000180578893927,Gösta,M,Q1559648,resolved by sex
6000000181780871837,Gösta,M,Q1559648,resolved by sex
6000000185245997856,Gösta,M,Q1559648,resolved by sex
6000000186034620871,Gösta,M,Q1559648,resolved by sex
6000000189579145942,Gösta,M,Q1559648,resolved by sex
6000000000964027450,Hani,F,Q12790730,resolved by sex
6000000001556548338,Hani,F,Q12790730,resolved by sex
6000000018234091196,Hani,M,Q19967934,resolved by sex
6000000224852471838,Hani,M,Q19967934,resolved by sex
6000000225002786954,Hani,M,Q19967934,resolved by sex
6000000225111678830,Hani,F,Q12790730,resolved by sex
6000000226354321865,Hani,M,Q19967934,resolved by sex
313045099850002155,Harper,F,Q3783460,resolved by sex (unisex; no item for that sex)
6000000001475872458,Harper,M,Q17505775,resolved by sex
6000000003412103175,Harper,M,Q17505775,resolved by sex
6000000011571110501,Harper,M,Q17505775,resolved by sex
6000000017320599669,Harper,M,Q17505775,resolved by sex
6000000018380114037,Harper,F,Q3783460,resolved by sex (unisex; no item for that sex)
6000000027111068695,Harper,M,Q17505775,resolved by sex
6000000092656918287,Harper,M,Q17505775,resolved by sex
6000000182714091828,Harper,M,Q17505775,resolved by sex
6000000186562213822,Harper,F,Q3783460,resolved by sex (unisex; no item for that sex)
6000000198733438860,Harper,M,Q17505775,resolved by sex
6000000208331279838,Harper,M,Q17505775,resolved by sex
6000000015479310615,Hebe,F,Q114656873,resolved by sex
6000000027448637846,Hebe,F,Q114656873,resolved by sex
6000000064175833933,Hebe,F,Q114656873,resolved by sex
6000000118387510937,Hebe,F,Q114656873,resolved by sex
6000000000196425114,Helgi,M,Q26271987,resolved by sex
6000000000314933112,Helgi,M,Q26271987,resolved by sex
6000000000402445782,Helgi,M,Q26271987,resolved by sex
6000000000523681839,Helgi,M,Q26271987,resolved by sex
6000000001169084883,Helgi,M,Q26271987,resolved by sex
6000000001169186884,Helgi,M,Q26271987,resolved by sex
6000000001452562352,Helgi,M,Q26271987,resolved by sex
6000000002614931406,Helgi,M,Q26271987,resolved by sex
6000000003218163930,Helgi,M,Q26271987,resolved by sex
6000000006789148301,Helgi,M,Q26271987,resolved by sex
6000000006882977275,Helgi,M,Q26271987,resolved by sex
6000000006906428267,Helgi,M,Q26271987,resolved by sex
6000000006906447529,Helgi,M,Q26271987,resolved by sex
6000000006906447529,Helgi,M,Q26271987,resolved by sex
6000000008177297092,Helgi,M,Q26271987,resolved by sex
6000000008363694104,Helgi,M,Q26271987,resolved by sex
6000000008833048557,Helgi,M,Q26271987,resolved by sex
6000000008833104635,Helgi,M,Q26271987,resolved by sex
6000000011751275899,Helgi,M,Q26271987,resolved by sex
6000000013178374559,Helgi,F,Q42661015,resolved by sex
6000000015469214683,Helgi,M,Q26271987,resolved by sex
6000000021529784278,Helgi,M,Q26271987,resolved by sex
6000000021529784278,Helgi,M,Q26271987,resolved by sex
6000000029464927821,Helgi,M,Q26271987,resolved by sex
6000000030032690160,Helgi,M,Q26271987,resolved by sex
6000000032102892021,Helgi,M,Q26271987,resolved by sex
6000000032249890027,Helgi,M,Q26271987,resolved by sex
6000000034229823900,Helgi,M,Q26271987,resolved by sex
6000000054081676404,Helgi,M,Q26271987,resolved by sex
6000000077429626851,Helgi,M,Q26271987,resolved by sex
6000000007283508665,Hermon,M,Q122958951,resolved by sex
6000000009485572711,Hermon,F,Q21020443,no recorded sex; generic given-name item
6000000003221403364,Hull,M,Q112128835,resolved by sex
6000000004978814858,Hull,M,Q112128835,resolved by sex
6000000007167710973,Hull,M,Q112128835,resolved by sex
6000000031670210023,Hull,M,Q112128835,resolved by sex
6000000069269449875,Hull,M,Q112128835,resolved by sex
6000000075571386931,Hull,M,Q112128835,resolved by sex
6000000113131800964,Hull,M,Q112128835,resolved by sex
6000000126625038852,Hull,M,Q112128835,resolved by sex
361885079530012036,Iwan,M,Q19967521,resolved by sex
6000000001398359064,Iwan,M,Q19967521,resolved by sex
6000000002187837461,Iwan,M,Q19967521,resolved by sex
6000000003515792476,Iwan,M,Q19967521,resolved by sex
6000000003524249480,Iwan,M,Q19967521,resolved by sex
6000000003858704278,Iwan,M,Q19967521,resolved by sex
6000000003858799578,Iwan,M,Q19967521,resolved by sex
6000000006772447054,Iwan,M,Q19967521,resolved by sex
6000000008873841029,Iwan,M,Q19967521,resolved by sex
6000000009542502714,Iwan,M,Q19967521,resolved by sex
6000000011242484140,Iwan,M,Q19967521,resolved by sex
6000000011422019044,Iwan,M,Q19967521,resolved by sex
6000000011810453148,Iwan,M,Q19967521,resolved by sex
6000000014058196702,Iwan,M,Q19967521,resolved by sex
6000000014059331478,Iwan,M,Q19967521,resolved by sex
6000000014067076907,Iwan,M,Q19967521,resolved by sex
6000000016642482202,Iwan,M,Q19967521,resolved by sex
6000000017636172351,Iwan,M,Q19967521,resolved by sex
6000000017767295503,Iwan,M,Q19967521,resolved by sex
6000000017768171487,Iwan,M,Q19967521,resolved by sex
6000000017936502515,Iwan,M,Q19967521,resolved by sex
6000000017986292770,Iwan,M,Q19967521,resolved by sex
6000000017988025117,Iwan,M,Q19967521,resolved by sex
6000000031522616726,Iwan,M,Q19967521,resolved by sex
6000000040179237500,Iwan,M,Q19967521,resolved by sex
6000000040291429657,Iwan,M,Q19967521,resolved by sex
6000000044503214829,Iwan,M,Q19967521,resolved by sex
6000000078734311760,Iwan,M,Q19967521,resolved by sex
6000000080818683633,Iwan,M,Q19967521,resolved by sex
6000000080840379821,Iwan,M,Q19967521,resolved by sex
6000000106939118849,Iwan,M,Q19967521,resolved by sex
6000000209495831822,Iwan,M,Q19967521,resolved by sex
6000000215029568823,Iwan,M,Q19967521,resolved by sex
6000000021247903359,JEAN,M,Q7521081,resolved by sex
6000000018727274037,JESUS,F,Q66827303,resolved by sex
6000000182967307083,JESUS,F,Q66827303,resolved by sex
5322546468050109379,JOSE,M,Q19801116,resolved by sex
6000000000819330836,JOSE,M,Q19801116,resolved by sex
6000000000819331445,JOSE,M,Q19801116,resolved by sex
6000000000907567040,JOSE,M,Q19801116,resolved by sex
6000000001781692033,JOSE,M,Q19801116,resolved by sex
6000000002115977657,JOSE,M,Q19801116,resolved by sex
6000000003088837455,JOSE,M,Q19801116,resolved by sex
6000000004068465196,JOSE,M,Q19801116,resolved by sex
6000000008962787315,JOSE,M,Q19801116,resolved by sex
6000000009686757567,JOSE,M,Q19801116,resolved by sex
6000000010355041447,JOSE,M,Q19801116,resolved by sex
6000000010898150652,JOSE,M,Q19801116,resolved by sex
6000000012580928406,JOSE,M,Q19801116,resolved by sex
6000000014737409922,JOSE,M,Q19801116,resolved by sex
6000000022396231210,JOSE,M,Q19801116,resolved by sex
6000000023206108967,JOSE,M,Q19801116,resolved by sex
6000000024403991127,JOSE,M,Q19801116,resolved by sex
6000000024403991127,JOSE,M,Q19801116,resolved by sex
6000000025438102812,JOSE,M,Q19801116,resolved by sex
6000000033391038920,JOSE,M,Q19801116,resolved by sex
6000000054561045866,JOSE,M,Q19801116,resolved by sex
6000000102819025850,JOSE,M,Q19801116,resolved by sex
6000000106300859821,JOSE,M,Q19801116,resolved by sex
6000000106300859821,JOSE,M,Q19801116,resolved by sex
6000000152679983876,JOSE,M,Q19801116,resolved by sex
6000000167050757926,JOSE,M,Q19801116,resolved by sex
6000000167050757931,JOSE,M,Q19801116,resolved by sex
6000000175855927822,JOSE,M,Q19801116,resolved by sex
6000000183598091904,JOSE,M,Q19801116,resolved by sex
6000000183598091904,JOSE,M,Q19801116,resolved by sex
6000000183600247830,JOSE,M,Q19801116,resolved by sex
6000000185140436033,JOSE,M,Q19801116,resolved by sex
6000000190353560864,JOSE,M,Q19801116,resolved by sex
6000000190353695839,JOSE,M,Q19801116,resolved by sex
1064102,Jean,M,Q7521081,resolved by sex
1107279,Jean,M,Q7521081,resolved by sex
299079241680007968,Jean,M,Q7521081,resolved by sex
299079241680007968,Jean,M,Q7521081,resolved by sex
361089507860011643,Jean,M,Q7521081,resolved by sex
361249243780011638,Jean,M,Q7521081,resolved by sex
4107837638260036809,Jean,M,Q7521081,resolved by sex
4126924218360073427,Jean,M,Q7521081,resolved by sex
4126924218360073427,Jean,M,Q7521081,resolved by sex
4142218677240034067,Jean,M,Q7521081,resolved by sex
4226413341420039815,Jean,M,Q7521081,resolved by sex
4285434,Jean,M,Q7521081,resolved by sex
4645468,Jean,F,Q4160311,resolved by sex
4826633306020128134,Jean,M,Q7521081,resolved by sex
4826715611510082516,Jean,M,Q7521081,resolved by sex
4924870419470035934,Jean,M,Q7521081,resolved by sex
5309688840840125418,Jean,M,Q7521081,resolved by sex
5332787733560046868,Jean,M,Q7521081,resolved by sex
5397856662960070602,Jean,M,Q7521081,resolved by sex
5501219068940130924,Jean,M,Q7521081,resolved by sex
5566580638230026755,Jean,M,Q7521081,resolved by sex
6000000000112088056,Jean,M,Q7521081,resolved by sex
6000000000112110722,Jean,M,Q7521081,resolved by sex
6000000000112120526,Jean,M,Q7521081,resolved by sex
6000000000112131000,Jean,M,Q7521081,resolved by sex
6000000000114944393,Jean,M,Q7521081,resolved by sex
6000000000172371447,Jean,M,Q7521081,resolved by sex
6000000000246670088,Jean,F,Q4160311,resolved by sex
6000000000264285741,Jean,M,Q7521081,resolved by sex
6000000000264285741,Jean,M,Q7521081,resolved by sex
6000000000269777300,Jean,M,Q7521081,resolved by sex
6000000000295774205,Jean,M,Q7521081,resolved by sex
6000000000337130731,Jean,M,Q7521081,resolved by sex
6000000000350921883,Jean,M,Q7521081,resolved by sex
6000000000351094637,Jean,M,Q7521081,resolved by sex
6000000000351094637,Jean,M,Q7521081,resolved by sex
6000000000424805030,Jean,M,Q7521081,resolved by sex
6000000000437192276,Jean,M,Q7521081,resolved by sex
6000000000473828708,Jean,M,Q7521081,resolved by sex
6000000000473828864,Jean,M,Q7521081,resolved by sex
6000000000473960221,Jean,M,Q7521081,resolved by sex
6000000000474020110,Jean,M,Q7521081,resolved by sex
6000000000474064968,Jean,M,Q7521081,resolved by sex
6000000000474137458,Jean,M,Q7521081,resolved by sex
6000000000474162667,Jean,M,Q7521081,resolved by sex
6000000000474165899,Jean,M,Q7521081,resolved by sex
6000000000535349951,Jean,M,Q7521081,resolved by sex
6000000000536954872,Jean,M,Q7521081,resolved by sex
6000000000536986622,Jean,M,Q7521081,resolved by sex
6000000000536986631,Jean,M,Q7521081,resolved by sex
6000000000537002275,Jean,M,Q7521081,resolved by sex
6000000000537002369,Jean,M,Q7521081,resolved by sex
6000000000537002568,Jean,M,Q7521081,resolved by sex
6000000000537006490,Jean,M,Q7521081,resolved by sex
6000000000545473492,Jean,M,Q7521081,resolved by sex
6000000000628797966,Jean,M,Q7521081,resolved by sex
6000000000629537807,Jean,F,Q4160311,resolved by sex
6000000000640977638,Jean,M,Q7521081,resolved by sex
6000000000640991453,Jean,M,Q7521081,resolved by sex
6000000000640997142,Jean,M,Q7521081,resolved by sex
6000000000641030393,Jean,M,Q7521081,resolved by sex
6000000000641033013,Jean,M,Q7521081,resolved by sex
6000000000641037849,Jean,M,Q7521081,resolved by sex
6000000000641048192,Jean,M,Q7521081,resolved by sex
6000000000641063051,Jean,M,Q7521081,resolved by sex
6000000000641070975,Jean,M,Q7521081,resolved by sex
6000000000641085731,Jean,M,Q7521081,resolved by sex
6000000000641087985,Jean,M,Q7521081,resolved by sex
6000000000641091779,Jean,M,Q7521081,resolved by sex
6000000000641091819,Jean,M,Q7521081,resolved by sex
6000000000641104836,Jean,M,Q7521081,resolved by sex
6000000000665511140,Jean,M,Q7521081,resolved by sex
6000000000688343016,Jean,M,Q7521081,resolved by sex
6000000000721390809,Jean,M,Q7521081,resolved by sex
6000000000750975769,Jean,M,Q7521081,resolved by sex
6000000000750975769,Jean,M,Q7521081,resolved by sex
6000000000774208742,Jean,M,Q7521081,resolved by sex
6000000000774548087,Jean,M,Q7521081,resolved by sex
6000000000846630439,Jean,M,Q7521081,resolved by sex
6000000000860214286,Jean,M,Q7521081,resolved by sex
6000000000860271196,Jean,M,Q7521081,resolved by sex
6000000000870862292,Jean,M,Q7521081,resolved by sex
6000000000870914255,Jean,M,Q7521081,resolved by sex
6000000000870955202,Jean,M,Q7521081,resolved by sex
6000000000871071155,Jean,M,Q7521081,resolved by sex
6000000000890489010,Jean,M,Q7521081,resolved by sex
6000000000905014194,Jean,M,Q7521081,resolved by sex
6000000000937329305,Jean,M,Q7521081,resolved by sex
6000000001314648012,Jean,M,Q7521081,resolved by sex
6000000001314932621,Jean,M,Q7521081,resolved by sex
6000000001323226039,Jean,M,Q7521081,resolved by sex
6000000001353735951,Jean,M,Q7521081,resolved by sex
6000000001353735979,Jean,M,Q7521081,resolved by sex
6000000001353737062,Jean,M,Q7521081,resolved by sex
6000000001353737129,Jean,M,Q7521081,resolved by sex
6000000001353737369,Jean,M,Q7521081,resolved by sex
6000000001353737533,Jean,M,Q7521081,resolved by sex
6000000001353737574,Jean,M,Q7521081,resolved by sex
6000000001354319813,Jean,M,Q7521081,resolved by sex
6000000001354323928,Jean,M,Q7521081,resolved by sex
6000000001354324226,Jean,M,Q7521081,resolved by sex
6000000001412926007,Jean,M,Q7521081,resolved by sex
6000000001412926007,Jean,M,Q7521081,resolved by sex
6000000001435365260,Jean,M,Q7521081,resolved by sex
6000000001435366187,Jean,M,Q7521081,resolved by sex
6000000001500824802,Jean,M,Q7521081,resolved by sex
6000000001500828947,Jean,M,Q7521081,resolved by sex
6000000001500828971,Jean,M,Q7521081,resolved by sex
6000000001500841840,Jean,M,Q7521081,resolved by sex
6000000001500846479,Jean,M,Q7521081,resolved by sex
6000000001500854250,Jean,M,Q7521081,resolved by sex
6000000001500881725,Jean,M,Q7521081,resolved by sex
6000000001500884462,Jean,M,Q7521081,resolved by sex
6000000001500890902,Jean,M,Q7521081,resolved by sex
6000000001500890902,Jean,M,Q7521081,resolved by sex
6000000001500916764,Jean,M,Q7521081,resolved by sex
6000000001500973069,Jean,M,Q7521081,resolved by sex
6000000001500973727,Jean,M,Q7521081,resolved by sex
6000000001500984213,Jean,M,Q7521081,resolved by sex
6000000001500984317,Jean,M,Q7521081,resolved by sex
6000000001500989758,Jean,M,Q7521081,resolved by sex
6000000001501047219,Jean,M,Q7521081,resolved by sex
6000000001501073684,Jean,M,Q7521081,resolved by sex
6000000001504971371,Jean,M,Q7521081,resolved by sex
6000000001504979346,Jean,M,Q7521081,resolved by sex
6000000001510517964,Jean,F,Q4160311,resolved by sex
6000000001561724257,Jean,M,Q7521081,resolved by sex
6000000001563273019,Jean,M,Q7521081,resolved by sex
6000000001578899635,Jean,M,Q7521081,resolved by sex
6000000001618579512,Jean,F,Q4160311,resolved by sex
6000000001841197415,Jean,M,Q7521081,resolved by sex
6000000001903940305,Jean,M,Q7521081,resolved by sex
6000000001916721844,Jean,M,Q7521081,resolved by sex
6000000001924078475,Jean,M,Q7521081,resolved by sex
6000000001930556077,Jean,M,Q7521081,resolved by sex
6000000002022153112,Jean,M,Q7521081,resolved by sex
6000000002022153112,Jean,M,Q7521081,resolved by sex
6000000002022187011,Jean,M,Q7521081,resolved by sex
6000000002022187011,Jean,M,Q7521081,resolved by sex
6000000002048186519,Jean,F,Q4160311,resolved by sex
6000000002132233855,Jean,M,Q7521081,resolved by sex
6000000002176661683,Jean,M,Q7521081,resolved by sex
6000000002187818042,Jean,M,Q7521081,resolved by sex
6000000002187820623,Jean,M,Q7521081,resolved by sex
6000000002187834546,Jean,M,Q7521081,resolved by sex
6000000002187857379,Jean,M,Q7521081,resolved by sex
6000000002187942958,Jean,M,Q7521081,resolved by sex
6000000002188091137,Jean,F,Q4160311,resolved by sex
6000000002188395200,Jean,M,Q7521081,resolved by sex
6000000002188409864,Jean,M,Q7521081,resolved by sex
6000000002188409922,Jean,M,Q7521081,resolved by sex
6000000002188572067,Jean,M,Q7521081,resolved by sex
6000000002188572704,Jean,M,Q7521081,resolved by sex
6000000002188578732,Jean,M,Q7521081,resolved by sex
6000000002188578774,Jean,M,Q7521081,resolved by sex
6000000002188578947,Jean,M,Q7521081,resolved by sex
6000000002188579054,Jean,M,Q7521081,resolved by sex
6000000002188579378,Jean,M,Q7521081,resolved by sex
6000000002188640585,Jean,M,Q7521081,resolved by sex
6000000002244430783,Jean,M,Q7521081,resolved by sex
6000000002244430783,Jean,M,Q7521081,resolved by sex
6000000002322288166,Jean,M,Q7521081,resolved by sex
6000000002398972975,Jean,M,Q7521081,resolved by sex
6000000002398972975,Jean,M,Q7521081,resolved by sex
6000000002475873098,Jean,M,Q7521081,resolved by sex
6000000002576690316,Jean,M,Q7521081,resolved by sex
6000000002576749321,Jean,M,Q7521081,resolved by sex
6000000002603751389,Jean,M,Q7521081,resolved by sex
6000000002603859835,Jean,M,Q7521081,resolved by sex
6000000002634235493,Jean,M,Q7521081,resolved by sex
6000000002634235493,Jean,M,Q7521081,resolved by sex
6000000002642414114,Jean,M,Q7521081,resolved by sex
6000000002642549324,Jean,M,Q7521081,resolved by sex
6000000002660240730,Jean,M,Q7521081,resolved by sex
6000000002676070305,Jean,M,Q7521081,resolved by sex
6000000002676070305,Jean,M,Q7521081,resolved by sex
6000000002677760362,Jean,M,Q7521081,resolved by sex
6000000002739594658,Jean,M,Q7521081,resolved by sex
6000000002802282179,Jean,M,Q7521081,resolved by sex
6000000002802707523,Jean,M,Q7521081,resolved by sex
6000000002839081172,Jean,M,Q7521081,resolved by sex
6000000002915496851,Jean,F,Q4160311,resolved by sex
6000000002928708772,Jean,F,Q4160311,resolved by sex
6000000003002901189,Jean,M,Q7521081,resolved by sex
6000000003098256319,Jean,M,Q7521081,resolved by sex
6000000003122311610,Jean,M,Q7521081,resolved by sex
6000000003122317341,Jean,M,Q7521081,resolved by sex
6000000003122317630,Jean,M,Q7521081,resolved by sex
6000000003122317723,Jean,M,Q7521081,resolved by sex
6000000003122380516,Jean,M,Q7521081,resolved by sex
6000000003122380677,Jean,M,Q7521081,resolved by sex
6000000003122422864,Jean,M,Q7521081,resolved by sex
6000000003122431567,Jean,M,Q7521081,resolved by sex
6000000003219772256,Jean,M,Q7521081,resolved by sex
6000000003219788322,Jean,M,Q7521081,resolved by sex
6000000003243408902,Jean,M,Q7521081,resolved by sex
6000000003243408909,Jean,F,Q4160311,resolved by sex
6000000003243493288,Jean,M,Q7521081,resolved by sex
6000000003243493375,Jean,M,Q7521081,resolved by sex
6000000003263292306,Jean,F,Q4160311,resolved by sex
6000000003273401273,Jean,M,Q7521081,resolved by sex
6000000003274543045,Jean,M,Q7521081,resolved by sex
6000000003363678026,Jean,M,Q7521081,resolved by sex
6000000003363837963,Jean,M,Q7521081,resolved by sex
6000000003484264308,Jean,M,Q7521081,resolved by sex
6000000003484264368,Jean,M,Q7521081,resolved by sex
6000000003485948042,Jean,M,Q7521081,resolved by sex
6000000003493089212,Jean,M,Q7521081,resolved by sex
6000000003493396004,Jean,M,Q7521081,resolved by sex
6000000003493396048,Jean,M,Q7521081,resolved by sex
6000000003579073230,Jean,M,Q7521081,resolved by sex
6000000003710426896,Jean,M,Q7521081,resolved by sex
6000000003797472216,Jean,F,Q4160311,resolved by sex
6000000003827158235,Jean,M,Q7521081,resolved by sex
6000000003827191918,Jean,M,Q7521081,resolved by sex
6000000003827328992,Jean,M,Q7521081,resolved by sex
6000000003827368020,Jean,M,Q7521081,resolved by sex
6000000003827424190,Jean,M,Q7521081,resolved by sex
6000000003827521948,Jean,M,Q7521081,resolved by sex
6000000003827524385,Jean,M,Q7521081,resolved by sex
6000000003827535495,Jean,M,Q7521081,resolved by sex
6000000003827545816,Jean,M,Q7521081,resolved by sex
6000000003827545863,Jean,M,Q7521081,resolved by sex
6000000003827561143,Jean,M,Q7521081,resolved by sex
6000000003827573622,Jean,M,Q7521081,resolved by sex
6000000003827576145,Jean,M,Q7521081,resolved by sex
6000000003827576461,Jean,M,Q7521081,resolved by sex
6000000003827576461,Jean,M,Q7521081,resolved by sex
6000000003827587630,Jean,M,Q7521081,resolved by sex
6000000003827587630,Jean,M,Q7521081,resolved by sex
6000000003827587695,Jean,M,Q7521081,resolved by sex
6000000003827587695,Jean,M,Q7521081,resolved by sex
6000000003827590266,Jean,M,Q7521081,resolved by sex
6000000003827590879,Jean,M,Q7521081,resolved by sex
6000000003827590879,Jean,M,Q7521081,resolved by sex
6000000003827599510,Jean,M,Q7521081,resolved by sex
6000000003827650073,Jean,M,Q7521081,resolved by sex
6000000003827650087,Jean,M,Q7521081,resolved by sex
6000000003827650152,Jean,M,Q7521081,resolved by sex
6000000003827663183,Jean,M,Q7521081,resolved by sex
6000000003827663581,Jean,M,Q7521081,resolved by sex
6000000003827663581,Jean,M,Q7521081,resolved by sex
6000000003827663839,Jean,M,Q7521081,resolved by sex
6000000003827675756,Jean,M,Q7521081,resolved by sex
6000000003827675926,Jean,M,Q7521081,resolved by sex
6000000003827703346,Jean,M,Q7521081,resolved by sex
6000000003827703527,Jean,M,Q7521081,resolved by sex
6000000003827746476,Jean,M,Q7521081,resolved by sex
6000000003827781008,Jean,M,Q7521081,resolved by sex
6000000003827781074,Jean,M,Q7521081,resolved by sex
6000000003827792093,Jean,M,Q7521081,resolved by sex
6000000003827792608,Jean,M,Q7521081,resolved by sex
6000000003827792628,Jean,M,Q7521081,resolved by sex
6000000003827792835,Jean,M,Q7521081,resolved by sex
6000000003827792874,Jean,M,Q7521081,resolved by sex
6000000003827795060,Jean,M,Q7521081,resolved by sex
6000000003827795399,Jean,M,Q7521081,resolved by sex
6000000003827795460,Jean,M,Q7521081,resolved by sex
6000000003827937724,Jean,M,Q7521081,resolved by sex
6000000003828050958,Jean,M,Q7521081,resolved by sex
6000000003828052142,Jean,M,Q7521081,resolved by sex
6000000003828052847,Jean,M,Q7521081,resolved by sex
6000000003828058786,Jean,M,Q7521081,resolved by sex
6000000003828058884,Jean,M,Q7521081,resolved by sex
6000000003828228225,Jean,M,Q7521081,resolved by sex
6000000003828228500,Jean,M,Q7521081,resolved by sex
6000000003828239634,Jean,M,Q7521081,resolved by sex
6000000003828239913,Jean,M,Q7521081,resolved by sex
6000000003828248053,Jean,M,Q7521081,resolved by sex
6000000003828268896,Jean,M,Q7521081,resolved by sex
6000000003828332718,Jean,M,Q7521081,resolved by sex
6000000003828425317,Jean,M,Q7521081,resolved by sex
6000000003858579403,Jean,M,Q7521081,resolved by sex
6000000003907915815,Jean,F,Q4160311,resolved by sex
6000000004058378800,Jean,M,Q7521081,resolved by sex
6000000004382659503,Jean,M,Q7521081,resolved by sex
6000000004526533002,Jean,M,Q7521081,resolved by sex
6000000004526603037,Jean,M,Q7521081,resolved by sex
6000000004533173128,Jean,M,Q7521081,resolved by sex
6000000004533283075,Jean,M,Q7521081,resolved by sex
6000000004533283606,Jean,M,Q7521081,resolved by sex
6000000004656698819,Jean,M,Q7521081,resolved by sex
6000000004851548291,Jean,M,Q7521081,resolved by sex
6000000004868865833,Jean,M,Q7521081,resolved by sex
6000000004868865833,Jean,M,Q7521081,resolved by sex
6000000004868902132,Jean,M,Q7521081,resolved by sex
6000000004868910661,Jean,M,Q7521081,resolved by sex
6000000004868910756,Jean,M,Q7521081,resolved by sex
6000000004868918231,Jean,M,Q7521081,resolved by sex
6000000004869014203,Jean,M,Q7521081,resolved by sex
6000000004869064829,Jean,M,Q7521081,resolved by sex
6000000004869064865,Jean,M,Q7521081,resolved by sex
6000000004869131905,Jean,M,Q7521081,resolved by sex
6000000004869131919,Jean,M,Q7521081,resolved by sex
6000000004869146851,Jean,M,Q7521081,resolved by sex
6000000004869157648,Jean,M,Q7521081,resolved by sex
6000000004869208622,Jean,M,Q7521081,resolved by sex
6000000004869208933,Jean,M,Q7521081,resolved by sex
6000000005077208721,Jean,M,Q7521081,resolved by sex
6000000005077208742,Jean,M,Q7521081,resolved by sex
6000000005082330336,Jean,F,Q4160311,resolved by sex
6000000005222808447,Jean,M,Q7521081,resolved by sex
6000000005250729113,Jean,M,Q7521081,resolved by sex
6000000005577875739,Jean,M,Q7521081,resolved by sex
6000000005578027461,Jean,M,Q7521081,resolved by sex
6000000005578027461,Jean,M,Q7521081,resolved by sex
6000000005578103396,Jean,M,Q7521081,resolved by sex
6000000005578103396,Jean,M,Q7521081,resolved by sex
6000000005578154214,Jean,M,Q7521081,resolved by sex
6000000005578154214,Jean,M,Q7521081,resolved by sex
6000000005767150207,Jean,M,Q7521081,resolved by sex
6000000005812918067,Jean,M,Q7521081,resolved by sex
6000000005961523917,Jean,M,Q7521081,resolved by sex
6000000006101358122,Jean,M,Q7521081,resolved by sex
6000000006101378706,Jean,M,Q7521081,resolved by sex
6000000006101415810,Jean,M,Q7521081,resolved by sex
6000000006119428862,Jean,M,Q7521081,resolved by sex
6000000006119946287,Jean,M,Q7521081,resolved by sex
6000000006127446794,Jean,F,Q4160311,resolved by sex
6000000006232138170,Jean,M,Q7521081,resolved by sex
6000000006232138170,Jean,M,Q7521081,resolved by sex
6000000006356426171,Jean,M,Q7521081,resolved by sex
6000000006420692242,Jean,M,Q7521081,resolved by sex
6000000006420792286,Jean,M,Q7521081,resolved by sex
6000000006420792286,Jean,M,Q7521081,resolved by sex
6000000006444207566,Jean,M,Q7521081,resolved by sex
6000000006444207566,Jean,M,Q7521081,resolved by sex
6000000006444398533,Jean,M,Q7521081,resolved by sex
6000000006444496585,Jean,M,Q7521081,resolved by sex
6000000006444526574,Jean,M,Q7521081,resolved by sex
6000000006444745977,Jean,M,Q7521081,resolved by sex
6000000006444746047,Jean,M,Q7521081,resolved by sex
6000000006444746932,Jean,M,Q7521081,resolved by sex
6000000006451522610,Jean,M,Q7521081,resolved by sex
6000000006496358950,Jean,M,Q7521081,resolved by sex
6000000006574737847,Jean,M,Q7521081,resolved by sex
6000000006594579046,Jean,M,Q7521081,resolved by sex
6000000006594579046,Jean,M,Q7521081,resolved by sex
6000000006604753358,Jean,F,Q4160311,resolved by sex
6000000006727840312,Jean,M,Q7521081,resolved by sex
6000000006727840312,Jean,M,Q7521081,resolved by sex
6000000006727878120,Jean,M,Q7521081,resolved by sex
6000000006869952706,Jean,M,Q7521081,resolved by sex
6000000006870244136,Jean,M,Q7521081,resolved by sex
6000000006927915248,Jean,M,Q7521081,resolved by sex
6000000006977940458,Jean,M,Q7521081,resolved by sex
6000000007104640262,Jean,M,Q7521081,resolved by sex
6000000007104698549,Jean,M,Q7521081,resolved by sex
6000000007274119555,Jean,M,Q7521081,resolved by sex
6000000007293371271,Jean,F,Q4160311,resolved by sex
6000000007304812399,Jean,M,Q7521081,resolved by sex
6000000007304864316,Jean,M,Q7521081,resolved by sex
6000000007320702289,Jean,M,Q7521081,resolved by sex
6000000007320704385,Jean,M,Q7521081,resolved by sex
6000000007330223786,Jean,M,Q7521081,resolved by sex
6000000007338065452,Jean,M,Q7521081,resolved by sex
6000000007347724248,Jean,M,Q7521081,resolved by sex
6000000007394434122,Jean,M,Q7521081,resolved by sex
6000000007395340432,Jean,M,Q7521081,resolved by sex
6000000007395436339,Jean,M,Q7521081,resolved by sex
6000000007399863113,Jean,M,Q7521081,resolved by sex
6000000007410250867,Jean,M,Q7521081,resolved by sex
6000000007606332483,Jean,M,Q7521081,resolved by sex
6000000007743220201,Jean,F,Q4160311,resolved by sex
6000000007834858405,Jean,M,Q7521081,resolved by sex
6000000007846841775,Jean,M,Q7521081,resolved by sex
6000000008053552795,Jean,M,Q7521081,resolved by sex
6000000008062290117,Jean,M,Q7521081,resolved by sex
6000000008062742436,Jean,M,Q7521081,resolved by sex
6000000008076802768,Jean,M,Q7521081,resolved by sex
6000000008090560207,Jean,M,Q7521081,resolved by sex
6000000008127502447,Jean,M,Q7521081,resolved by sex
6000000008199759716,Jean,F,Q4160311,resolved by sex
6000000008242579352,Jean,M,Q7521081,resolved by sex
6000000008328704348,Jean,M,Q7521081,resolved by sex
6000000008328830214,Jean,M,Q7521081,resolved by sex
6000000008501618840,Jean,M,Q7521081,resolved by sex
6000000008511092021,Jean,M,Q7521081,resolved by sex
6000000008593717391,Jean,M,Q7521081,resolved by sex
6000000008597680039,Jean,M,Q7521081,resolved by sex
6000000008607097678,Jean,M,Q7521081,resolved by sex
6000000008610730396,Jean,M,Q7521081,resolved by sex
6000000008679115102,Jean,M,Q7521081,resolved by sex
6000000008679204760,Jean,M,Q7521081,resolved by sex
6000000008679509321,Jean,M,Q7521081,resolved by sex
6000000008690215742,Jean,M,Q7521081,resolved by sex
6000000009183617725,Jean,M,Q7521081,resolved by sex
6000000009246311405,Jean,M,Q7521081,resolved by sex
6000000009246311405,Jean,M,Q7521081,resolved by sex
6000000009304861024,Jean,M,Q7521081,resolved by sex
6000000009304951563,Jean,M,Q7521081,resolved by sex
6000000009304961362,Jean,M,Q7521081,resolved by sex
6000000009304961368,Jean,M,Q7521081,resolved by sex
6000000009304961376,Jean,M,Q7521081,resolved by sex
6000000009304961516,Jean,M,Q7521081,resolved by sex
6000000009304980186,Jean,M,Q7521081,resolved by sex
6000000009305003925,Jean,M,Q7521081,resolved by sex
6000000009305017469,Jean,M,Q7521081,resolved by sex
6000000009305017474,Jean,M,Q7521081,resolved by sex
6000000009305030431,Jean,M,Q7521081,resolved by sex
6000000009305030523,Jean,M,Q7521081,resolved by sex
6000000009305060974,Jean,M,Q7521081,resolved by sex
6000000009305086371,Jean,M,Q7521081,resolved by sex
6000000009305086895,Jean,M,Q7521081,resolved by sex
6000000009305091016,Jean,M,Q7521081,resolved by sex
6000000009305095491,Jean,M,Q7521081,resolved by sex
6000000009305095973,Jean,M,Q7521081,resolved by sex
6000000009305166747,Jean,M,Q7521081,resolved by sex
6000000009305166933,Jean,M,Q7521081,resolved by sex
6000000009305175207,Jean,M,Q7521081,resolved by sex
6000000009305175225,Jean,M,Q7521081,resolved by sex
6000000009305175230,Jean,M,Q7521081,resolved by sex
6000000009305175288,Jean,M,Q7521081,resolved by sex
6000000009305175490,Jean,M,Q7521081,resolved by sex
6000000009305175807,Jean,M,Q7521081,resolved by sex
6000000009305182073,Jean,M,Q7521081,resolved by sex
6000000009305189732,Jean,M,Q7521081,resolved by sex
6000000009305189737,Jean,M,Q7521081,resolved by sex
6000000009305189740,Jean,M,Q7521081,resolved by sex
6000000009305189748,Jean,M,Q7521081,resolved by sex
6000000009352632021,Jean,M,Q7521081,resolved by sex
6000000009580390892,Jean,M,Q7521081,resolved by sex
6000000009600603517,Jean,M,Q7521081,resolved by sex
6000000009680314855,Jean,M,Q7521081,resolved by sex
6000000009695333621,Jean,M,Q7521081,resolved by sex
6000000009695342485,Jean,M,Q7521081,resolved by sex
6000000009724589823,Jean,M,Q7521081,resolved by sex
6000000009724589823,Jean,M,Q7521081,resolved by sex
6000000010103670625,Jean,M,Q7521081,resolved by sex
6000000010132631001,Jean,F,Q4160311,resolved by sex
6000000010186327859,Jean,M,Q7521081,resolved by sex
6000000010422534327,Jean,M,Q7521081,resolved by sex
6000000010468147667,Jean,M,Q7521081,resolved by sex
6000000010494666167,Jean,M,Q7521081,resolved by sex
6000000010517937747,Jean,M,Q7521081,resolved by sex
6000000010519867440,Jean,M,Q7521081,resolved by sex
6000000010601798151,Jean,M,Q7521081,resolved by sex
6000000010610215650,Jean,M,Q7521081,resolved by sex
6000000010616927494,Jean,M,Q7521081,resolved by sex
6000000010643107861,Jean,M,Q7521081,resolved by sex
6000000010656666604,Jean,M,Q7521081,resolved by sex
6000000010693068243,Jean,M,Q7521081,resolved by sex
6000000010693068243,Jean,M,Q7521081,resolved by sex
6000000010694680214,Jean,M,Q7521081,resolved by sex
6000000010871899392,Jean,M,Q7521081,resolved by sex
6000000010882725878,Jean,M,Q7521081,resolved by sex
6000000010906101418,Jean,F,Q4160311,resolved by sex
6000000011079448790,Jean,M,Q7521081,resolved by sex
6000000011080427970,Jean,M,Q7521081,resolved by sex
6000000011091930313,Jean,M,Q7521081,resolved by sex
6000000011200216871,Jean,M,Q7521081,resolved by sex
6000000011368317661,Jean,M,Q7521081,resolved by sex
6000000011424618325,Jean,M,Q7521081,resolved by sex
6000000011460478770,Jean,M,Q7521081,resolved by sex
6000000011470075916,Jean,M,Q7521081,resolved by sex
6000000011479991573,Jean,M,Q7521081,resolved by sex
6000000011507881395,Jean,M,Q7521081,resolved by sex
6000000011515043076,Jean,M,Q7521081,resolved by sex
6000000011529671193,Jean,M,Q7521081,resolved by sex
6000000011636191681,Jean,M,Q7521081,resolved by sex
6000000011660280566,Jean,M,Q7521081,resolved by sex
6000000012086598300,Jean,M,Q7521081,resolved by sex
6000000012390777939,Jean,M,Q7521081,resolved by sex
6000000012422939279,Jean,F,Q4160311,resolved by sex
6000000012528536957,Jean,F,Q4160311,resolved by sex
6000000012657135585,Jean,M,Q7521081,resolved by sex
6000000012778733647,Jean,M,Q7521081,resolved by sex
6000000012815413637,Jean,F,Q4160311,resolved by sex
6000000013033649114,Jean,M,Q7521081,resolved by sex
6000000013048578909,Jean,M,Q7521081,resolved by sex
6000000013182926690,Jean,M,Q7521081,resolved by sex
6000000013197148832,Jean,M,Q7521081,resolved by sex
6000000013199983025,Jean,M,Q7521081,resolved by sex
6000000013217738021,Jean,M,Q7521081,resolved by sex
6000000013261141618,Jean,M,Q7521081,resolved by sex
6000000013261141618,Jean,M,Q7521081,resolved by sex
6000000013335455188,Jean,M,Q7521081,resolved by sex
6000000013395035894,Jean,M,Q7521081,resolved by sex
6000000013405640590,Jean,M,Q7521081,resolved by sex
6000000013410254501,Jean,M,Q7521081,resolved by sex
6000000013422126977,Jean,M,Q7521081,resolved by sex
6000000013453687826,Jean,M,Q7521081,resolved by sex
6000000013475638644,Jean,M,Q7521081,resolved by sex
6000000013487383050,Jean,M,Q7521081,resolved by sex
6000000013492154351,Jean,M,Q7521081,resolved by sex
6000000013821024356,Jean,M,Q7521081,resolved by sex
6000000013978962581,Jean,M,Q7521081,resolved by sex
6000000014048981091,Jean,M,Q7521081,resolved by sex
6000000014070230505,Jean,M,Q7521081,resolved by sex
6000000014081017671,Jean,M,Q7521081,resolved by sex
6000000014108335283,Jean,M,Q7521081,resolved by sex
6000000014109452518,Jean,M,Q7521081,resolved by sex
6000000014114109112,Jean,M,Q7521081,resolved by sex
6000000014123800657,Jean,M,Q7521081,resolved by sex
6000000014123800727,Jean,M,Q7521081,resolved by sex
6000000014126007726,Jean,M,Q7521081,resolved by sex
6000000014126196488,Jean,M,Q7521081,resolved by sex
6000000014126231505,Jean,M,Q7521081,resolved by sex
6000000014127536800,Jean,M,Q7521081,resolved by sex
6000000014141460602,Jean,F,Q4160311,resolved by sex
6000000014150117575,Jean,M,Q7521081,resolved by sex
6000000014150289602,Jean,M,Q7521081,resolved by sex
6000000014152061690,Jean,M,Q7521081,resolved by sex
6000000014160823382,Jean,M,Q7521081,resolved by sex
6000000014160930139,Jean,M,Q7521081,resolved by sex
6000000014162425634,Jean,M,Q7521081,resolved by sex
6000000014162425634,Jean,M,Q7521081,resolved by sex
6000000014163322246,Jean,M,Q7521081,resolved by sex
6000000014184542493,Jean,M,Q7521081,resolved by sex
6000000014276153299,Jean,M,Q7521081,resolved by sex
6000000014561971620,Jean,M,Q7521081,resolved by sex
6000000014710758712,Jean,M,Q7521081,resolved by sex
6000000014710768414,Jean,M,Q7521081,resolved by sex
6000000014711527205,Jean,M,Q7521081,resolved by sex
6000000014713659279,Jean,M,Q7521081,resolved by sex
6000000014827262109,Jean,M,Q7521081,resolved by sex
6000000014857771942,Jean,M,Q7521081,resolved by sex
6000000014858369018,Jean,M,Q7521081,resolved by sex
6000000014858369018,Jean,M,Q7521081,resolved by sex
6000000014858555895,Jean,M,Q7521081,resolved by sex
6000000014861899827,Jean,M,Q7521081,resolved by sex
6000000014873459829,Jean,M,Q7521081,resolved by sex
6000000014876915201,Jean,M,Q7521081,resolved by sex
6000000014878360661,Jean,M,Q7521081,resolved by sex
6000000014883820818,Jean,M,Q7521081,resolved by sex
6000000014883991361,Jean,M,Q7521081,resolved by sex
6000000014886789533,Jean,M,Q7521081,resolved by sex
6000000014887000175,Jean,M,Q7521081,resolved by sex
6000000014887030842,Jean,M,Q7521081,resolved by sex
6000000014887174465,Jean,M,Q7521081,resolved by sex
6000000014888000447,Jean,M,Q7521081,resolved by sex
6000000014929083877,Jean,M,Q7521081,resolved by sex
6000000014929173898,Jean,M,Q7521081,resolved by sex
6000000014929176665,Jean,M,Q7521081,resolved by sex
6000000014929496474,Jean,M,Q7521081,resolved by sex
6000000014929499133,Jean,M,Q7521081,resolved by sex
6000000014929563117,Jean,M,Q7521081,resolved by sex
6000000014931953908,Jean,M,Q7521081,resolved by sex
6000000014932338326,Jean,M,Q7521081,resolved by sex
6000000014932711177,Jean,M,Q7521081,resolved by sex
6000000014933010176,Jean,M,Q7521081,resolved by sex
6000000014933257004,Jean,M,Q7521081,resolved by sex
6000000014947673113,Jean,M,Q7521081,resolved by sex
6000000014957712953,Jean,M,Q7521081,resolved by sex
6000000014957984231,Jean,M,Q7521081,resolved by sex
6000000014958399015,Jean,M,Q7521081,resolved by sex
6000000014963680288,Jean,M,Q7521081,resolved by sex
6000000014963718221,Jean,M,Q7521081,resolved by sex
6000000014975410418,Jean,M,Q7521081,resolved by sex
6000000014975410418,Jean,M,Q7521081,resolved by sex
6000000015020482191,Jean,M,Q7521081,resolved by sex
6000000015040520488,Jean,M,Q7521081,resolved by sex
6000000015051339360,Jean,M,Q7521081,resolved by sex
6000000015082940489,Jean,M,Q7521081,resolved by sex
6000000015083038034,Jean,M,Q7521081,resolved by sex
6000000015091994930,Jean,M,Q7521081,resolved by sex
6000000015101716439,Jean,M,Q7521081,resolved by sex
6000000015108339958,Jean,F,Q4160311,resolved by sex
6000000015108996689,Jean,F,Q4160311,resolved by sex
6000000015110026318,Jean,M,Q7521081,resolved by sex
6000000015110210158,Jean,M,Q7521081,resolved by sex
6000000015122072328,Jean,M,Q7521081,resolved by sex
6000000015136458485,Jean,M,Q7521081,resolved by sex
6000000015136555826,Jean,M,Q7521081,resolved by sex
6000000015136597769,Jean,M,Q7521081,resolved by sex
6000000015136762217,Jean,M,Q7521081,resolved by sex
6000000015137046754,Jean,M,Q7521081,resolved by sex
6000000015210004363,Jean,M,Q7521081,resolved by sex
6000000015220933948,Jean,M,Q7521081,resolved by sex
6000000015227455310,Jean,M,Q7521081,resolved by sex
6000000015227903011,Jean,M,Q7521081,resolved by sex
6000000015233750841,Jean,M,Q7521081,resolved by sex
6000000015250555808,Jean,M,Q7521081,resolved by sex
6000000015250679940,Jean,M,Q7521081,resolved by sex
6000000015255230411,Jean,M,Q7521081,resolved by sex
6000000015277013392,Jean,M,Q7521081,resolved by sex
6000000015277328381,Jean,M,Q7521081,resolved by sex
6000000015369585706,Jean,M,Q7521081,resolved by sex
6000000015379235800,Jean,M,Q7521081,resolved by sex
6000000015390008126,Jean,M,Q7521081,resolved by sex
6000000015398108596,Jean,M,Q7521081,resolved by sex
6000000015398998876,Jean,M,Q7521081,resolved by sex
6000000015443667132,Jean,M,Q7521081,resolved by sex
6000000015464391871,Jean,M,Q7521081,resolved by sex
6000000015470382518,Jean,M,Q7521081,resolved by sex
6000000015518362794,Jean,M,Q7521081,resolved by sex
6000000015521175714,Jean,M,Q7521081,resolved by sex
6000000015554723539,Jean,M,Q7521081,resolved by sex
6000000015560446196,Jean,M,Q7521081,resolved by sex
6000000015600013127,Jean,M,Q7521081,resolved by sex
6000000015628825667,Jean,M,Q7521081,resolved by sex
6000000015637068150,Jean,M,Q7521081,resolved by sex
6000000015695044149,Jean,M,Q7521081,resolved by sex
6000000015695106892,Jean,M,Q7521081,resolved by sex
6000000015695106892,Jean,M,Q7521081,resolved by sex
6000000015703732690,Jean,M,Q7521081,resolved by sex
6000000015705324931,Jean,M,Q7521081,resolved by sex
6000000015715068856,Jean,M,Q7521081,resolved by sex
6000000015715395819,Jean,M,Q7521081,resolved by sex
6000000015729610011,Jean,M,Q7521081,resolved by sex
6000000015731016451,Jean,M,Q7521081,resolved by sex
6000000015734200511,Jean,M,Q7521081,resolved by sex
6000000015734598399,Jean,M,Q7521081,resolved by sex
6000000015734754128,Jean,M,Q7521081,resolved by sex
6000000015747529755,Jean,M,Q7521081,resolved by sex
6000000015747529755,Jean,M,Q7521081,resolved by sex
6000000015754166612,Jean,M,Q7521081,resolved by sex
6000000015754255535,Jean,M,Q7521081,resolved by sex
6000000015754470181,Jean,M,Q7521081,resolved by sex
6000000015754471165,Jean,M,Q7521081,resolved by sex
6000000015814674669,Jean,M,Q7521081,resolved by sex
6000000015815262728,Jean,M,Q7521081,resolved by sex
6000000015817229629,Jean,M,Q7521081,resolved by sex
6000000015827102292,Jean,M,Q7521081,resolved by sex
6000000015871436066,Jean,M,Q7521081,resolved by sex
6000000015901084037,Jean,M,Q7521081,resolved by sex
6000000015991401743,Jean,M,Q7521081,resolved by sex
6000000015991687055,Jean,M,Q7521081,resolved by sex
6000000015992648854,Jean,M,Q7521081,resolved by sex
6000000015992661636,Jean,M,Q7521081,resolved by sex
6000000015996886439,Jean,M,Q7521081,resolved by sex
6000000016029214771,Jean,M,Q7521081,resolved by sex
6000000016031427370,Jean,M,Q7521081,resolved by sex
6000000016046039636,Jean,M,Q7521081,resolved by sex
6000000016057833301,Jean,M,Q7521081,resolved by sex
6000000016057897024,Jean,M,Q7521081,resolved by sex
6000000016091582503,Jean,M,Q7521081,resolved by sex
6000000016165611990,Jean,M,Q7521081,resolved by sex
6000000016289110267,Jean,M,Q7521081,resolved by sex
6000000016289207530,Jean,M,Q7521081,resolved by sex
6000000016333423575,Jean,M,Q7521081,resolved by sex
6000000016382209042,Jean,M,Q7521081,resolved by sex
6000000016392208821,Jean,M,Q7521081,resolved by sex
6000000016438344659,Jean,M,Q7521081,resolved by sex
6000000016568923772,Jean,M,Q7521081,resolved by sex
6000000016582263428,Jean,M,Q7521081,resolved by sex
6000000016648305393,Jean,M,Q7521081,resolved by sex
6000000016701065572,Jean,M,Q7521081,resolved by sex
6000000016720825981,Jean,M,Q7521081,resolved by sex
6000000016736541920,Jean,M,Q7521081,resolved by sex
6000000016762398369,Jean,M,Q7521081,resolved by sex
6000000016764471598,Jean,M,Q7521081,resolved by sex
6000000016773591806,Jean,M,Q7521081,resolved by sex
6000000016773982683,Jean,M,Q7521081,resolved by sex
6000000016774338281,Jean,M,Q7521081,resolved by sex
6000000016802243637,Jean,M,Q7521081,resolved by sex
6000000016808005229,Jean,M,Q7521081,resolved by sex
6000000016808562069,Jean,M,Q7521081,resolved by sex
6000000016866181209,Jean,M,Q7521081,resolved by sex
6000000016968062701,Jean,M,Q7521081,resolved by sex
6000000016981635508,Jean,M,Q7521081,resolved by sex
6000000016997537313,Jean,M,Q7521081,resolved by sex
6000000016998243602,Jean,M,Q7521081,resolved by sex
6000000017018423132,Jean,M,Q7521081,resolved by sex
6000000017046988901,Jean,M,Q7521081,resolved by sex
6000000017047020476,Jean,M,Q7521081,resolved by sex
6000000017047130529,Jean,M,Q7521081,resolved by sex
6000000017047377276,Jean,M,Q7521081,resolved by sex
6000000017048044603,Jean,M,Q7521081,resolved by sex
6000000017048054931,Jean,M,Q7521081,resolved by sex
6000000017052345125,Jean,M,Q7521081,resolved by sex
6000000017132787607,Jean,M,Q7521081,resolved by sex
6000000017184674328,Jean,F,Q4160311,resolved by sex
6000000017261186613,Jean,M,Q7521081,resolved by sex
6000000017289582010,Jean,M,Q7521081,resolved by sex
6000000017506142044,Jean,M,Q7521081,resolved by sex
6000000017520203530,Jean,M,Q7521081,resolved by sex
6000000017525931052,Jean,M,Q7521081,resolved by sex
6000000017538642912,Jean,M,Q7521081,resolved by sex
6000000017545351173,Jean,M,Q7521081,resolved by sex
6000000017547569148,Jean,M,Q7521081,resolved by sex
6000000017547667253,Jean,M,Q7521081,resolved by sex
6000000017549276791,Jean,M,Q7521081,resolved by sex
6000000017549597813,Jean,M,Q7521081,resolved by sex
6000000017550865176,Jean,M,Q7521081,resolved by sex
6000000017561831363,Jean,M,Q7521081,resolved by sex
6000000017573795427,Jean,M,Q7521081,resolved by sex
6000000017579104534,Jean,M,Q7521081,resolved by sex
6000000017579413488,Jean,M,Q7521081,resolved by sex
6000000017579900157,Jean,M,Q7521081,resolved by sex
6000000017584939818,Jean,M,Q7521081,resolved by sex
6000000017627530413,Jean,M,Q7521081,resolved by sex
6000000017637772626,Jean,M,Q7521081,resolved by sex
6000000017651530041,Jean,M,Q7521081,resolved by sex
6000000017690787169,Jean,M,Q7521081,resolved by sex
6000000017690820213,Jean,M,Q7521081,resolved by sex
6000000017749885815,Jean,M,Q7521081,resolved by sex
6000000017760112634,Jean,M,Q7521081,resolved by sex
6000000017856800108,Jean,M,Q7521081,resolved by sex
6000000017953885407,Jean,M,Q7521081,resolved by sex
6000000018201951084,Jean,M,Q7521081,resolved by sex
6000000018211130450,Jean,M,Q7521081,resolved by sex
6000000018247863140,Jean,M,Q7521081,resolved by sex
6000000018247905483,Jean,M,Q7521081,resolved by sex
6000000018288916140,Jean,M,Q7521081,resolved by sex
6000000018299664137,Jean,M,Q7521081,resolved by sex
6000000018308440805,Jean,F,Q4160311,resolved by sex
6000000018438415339,Jean,M,Q7521081,resolved by sex
6000000018459392639,Jean,M,Q7521081,resolved by sex
6000000018521606883,Jean,M,Q7521081,resolved by sex
6000000018598698405,Jean,M,Q7521081,resolved by sex
6000000018598964109,Jean,M,Q7521081,resolved by sex
6000000018598995046,Jean,M,Q7521081,resolved by sex
6000000018641118942,Jean,M,Q7521081,resolved by sex
6000000018641309686,Jean,M,Q7521081,resolved by sex
6000000018661469951,Jean,M,Q7521081,resolved by sex
6000000018676951081,Jean,M,Q7521081,resolved by sex
6000000018686766119,Jean,M,Q7521081,resolved by sex
6000000018694746661,Jean,M,Q7521081,resolved by sex
6000000018722876418,Jean,M,Q7521081,resolved by sex
6000000018722896977,Jean,M,Q7521081,resolved by sex
6000000018743341473,Jean,M,Q7521081,resolved by sex
6000000018744700477,Jean,M,Q7521081,resolved by sex
6000000018746196234,Jean,M,Q7521081,resolved by sex
6000000018747712095,Jean,M,Q7521081,resolved by sex
6000000018839181145,Jean,M,Q7521081,resolved by sex
6000000018839562319,Jean,M,Q7521081,resolved by sex
6000000018851138632,Jean,M,Q7521081,resolved by sex
6000000018852048538,Jean,M,Q7521081,resolved by sex
6000000018852149096,Jean,M,Q7521081,resolved by sex
6000000018877789060,Jean,M,Q7521081,resolved by sex
6000000018880000345,Jean,M,Q7521081,resolved by sex
6000000019001833219,Jean,M,Q7521081,resolved by sex
6000000019020082493,Jean,M,Q7521081,resolved by sex
6000000019020581027,Jean,M,Q7521081,resolved by sex
6000000019030713055,Jean,M,Q7521081,resolved by sex
6000000019051790212,Jean,M,Q7521081,resolved by sex
6000000019053014056,Jean,M,Q7521081,resolved by sex
6000000019053716595,Jean,M,Q7521081,resolved by sex
6000000019054192154,Jean,M,Q7521081,resolved by sex
6000000019156612331,Jean,M,Q7521081,resolved by sex
6000000019354562676,Jean,M,Q7521081,resolved by sex
6000000019354796534,Jean,M,Q7521081,resolved by sex
6000000019356812374,Jean,M,Q7521081,resolved by sex
6000000019458908238,Jean,M,Q7521081,resolved by sex
6000000019459138182,Jean,M,Q7521081,resolved by sex
6000000019566526133,Jean,M,Q7521081,resolved by sex
6000000019643249014,Jean,M,Q7521081,resolved by sex
6000000019752077245,Jean,M,Q7521081,resolved by sex
6000000019752095230,Jean,M,Q7521081,resolved by sex
6000000019758847710,Jean,M,Q7521081,resolved by sex
6000000019758975869,Jean,M,Q7521081,resolved by sex
6000000019759637622,Jean,M,Q7521081,resolved by sex
6000000019760084014,Jean,M,Q7521081,resolved by sex
6000000019764282427,Jean,M,Q7521081,resolved by sex
6000000019769367237,Jean,M,Q7521081,resolved by sex
6000000019770680191,Jean,M,Q7521081,resolved by sex
6000000019861728261,Jean,M,Q7521081,resolved by sex
6000000019935629519,Jean,M,Q7521081,resolved by sex
6000000019945282792,Jean,M,Q7521081,resolved by sex
6000000019946759708,Jean,M,Q7521081,resolved by sex
6000000020006478070,Jean,M,Q7521081,resolved by sex
6000000020116273715,Jean,M,Q7521081,resolved by sex
6000000020128236534,Jean,M,Q7521081,resolved by sex
6000000020128505091,Jean,M,Q7521081,resolved by sex
6000000020133837027,Jean,M,Q7521081,resolved by sex
6000000020148501198,Jean,M,Q7521081,resolved by sex
6000000020152186235,Jean,M,Q7521081,resolved by sex
6000000020154172678,Jean,M,Q7521081,resolved by sex
6000000020165964844,Jean,M,Q7521081,resolved by sex
6000000020166334865,Jean,M,Q7521081,resolved by sex
6000000020167430856,Jean,M,Q7521081,resolved by sex
6000000020168721073,Jean,M,Q7521081,resolved by sex
6000000020208180682,Jean,M,Q7521081,resolved by sex
6000000020208200933,Jean,M,Q7521081,resolved by sex
6000000020223111794,Jean,M,Q7521081,resolved by sex
6000000020225180385,Jean,M,Q7521081,resolved by sex
6000000020225360313,Jean,M,Q7521081,resolved by sex
6000000020405118023,Jean,F,Q4160311,resolved by sex
6000000020676968331,Jean,M,Q7521081,resolved by sex
6000000020732185568,Jean,M,Q7521081,resolved by sex
6000000020733105739,Jean,M,Q7521081,resolved by sex
6000000020734121131,Jean,M,Q7521081,resolved by sex
6000000020842238579,Jean,M,Q7521081,resolved by sex
6000000020896000686,Jean,M,Q7521081,resolved by sex
6000000020897576369,Jean,M,Q7521081,resolved by sex
6000000020932202575,Jean,M,Q7521081,resolved by sex
6000000020958582034,Jean,F,Q4160311,resolved by sex
6000000020958834134,Jean,M,Q7521081,resolved by sex
6000000020958834134,Jean,M,Q7521081,resolved by sex
6000000021000043841,Jean,M,Q7521081,resolved by sex
6000000021086732038,Jean,M,Q7521081,resolved by sex
6000000021111540762,Jean,M,Q7521081,resolved by sex
6000000021187435875,Jean,M,Q7521081,resolved by sex
6000000021188441042,Jean,M,Q7521081,resolved by sex
6000000021193682830,Jean,M,Q7521081,resolved by sex
6000000021193964090,Jean,M,Q7521081,resolved by sex
6000000021198977658,Jean,M,Q7521081,resolved by sex
6000000021199332539,Jean,M,Q7521081,resolved by sex
6000000021200812118,Jean,M,Q7521081,resolved by sex
6000000021237758161,Jean,M,Q7521081,resolved by sex
6000000021244661031,Jean,M,Q7521081,resolved by sex
6000000021246249824,Jean,M,Q7521081,resolved by sex
6000000021247903359,Jean,M,Q7521081,resolved by sex
6000000021314139834,Jean,M,Q7521081,resolved by sex
6000000021332601323,Jean,M,Q7521081,resolved by sex
6000000021341964543,Jean,M,Q7521081,resolved by sex
6000000021344786008,Jean,M,Q7521081,resolved by sex
6000000021382306422,Jean,M,Q7521081,resolved by sex
6000000021382661212,Jean,M,Q7521081,resolved by sex
6000000021390281159,Jean,M,Q7521081,resolved by sex
6000000021391938573,Jean,M,Q7521081,resolved by sex
6000000021423096890,Jean,M,Q7521081,resolved by sex
6000000021458212565,Jean,M,Q7521081,resolved by sex
6000000021501902231,Jean,M,Q7521081,resolved by sex
6000000021562311527,Jean,M,Q7521081,resolved by sex
6000000021570935726,Jean,M,Q7521081,resolved by sex
6000000021571110451,Jean,M,Q7521081,resolved by sex
6000000021571554408,Jean,M,Q7521081,resolved by sex
6000000021615980506,Jean,M,Q7521081,resolved by sex
6000000021646240879,Jean,M,Q7521081,resolved by sex
6000000021660463467,Jean,M,Q7521081,resolved by sex
6000000021660463467,Jean,M,Q7521081,resolved by sex
6000000021706588506,Jean,M,Q7521081,resolved by sex
6000000021754780373,Jean,M,Q7521081,resolved by sex
6000000021757052952,Jean,M,Q7521081,resolved by sex
6000000021757797905,Jean,M,Q7521081,resolved by sex
6000000021757853537,Jean,M,Q7521081,resolved by sex
6000000021768388467,Jean,M,Q7521081,resolved by sex
6000000021846362679,Jean,M,Q7521081,resolved by sex
6000000021846726025,Jean,M,Q7521081,resolved by sex
6000000021846859134,Jean,M,Q7521081,resolved by sex
6000000021847294568,Jean,M,Q7521081,resolved by sex
6000000021848552795,Jean,M,Q7521081,resolved by sex
6000000021867339990,Jean,M,Q7521081,resolved by sex
6000000021890555267,Jean,M,Q7521081,resolved by sex
6000000021913810416,Jean,M,Q7521081,resolved by sex
6000000021939386862,Jean,M,Q7521081,resolved by sex
6000000021940288854,Jean,M,Q7521081,resolved by sex
6000000021948257122,Jean,M,Q7521081,resolved by sex
6000000021948424094,Jean,M,Q7521081,resolved by sex
6000000021965754030,Jean,M,Q7521081,resolved by sex
6000000021966137042,Jean,M,Q7521081,resolved by sex
6000000021975890522,Jean,M,Q7521081,resolved by sex
6000000021976334461,Jean,M,Q7521081,resolved by sex
6000000021984285362,Jean,M,Q7521081,resolved by sex
6000000022068965000,Jean,M,Q7521081,resolved by sex
6000000022085892642,Jean,M,Q7521081,resolved by sex
6000000022089798801,Jean,M,Q7521081,resolved by sex
6000000022097787095,Jean,M,Q7521081,resolved by sex
6000000022188386172,Jean,M,Q7521081,resolved by sex
6000000022219414520,Jean,M,Q7521081,resolved by sex
6000000022228673413,Jean,M,Q7521081,resolved by sex
6000000022277371282,Jean,M,Q7521081,resolved by sex
6000000022277468158,Jean,M,Q7521081,resolved by sex
6000000022337977235,Jean,M,Q7521081,resolved by sex
6000000022338056934,Jean,M,Q7521081,resolved by sex
6000000022405391909,Jean,M,Q7521081,resolved by sex
6000000022424974664,Jean,M,Q7521081,resolved by sex
6000000022425169974,Jean,M,Q7521081,resolved by sex
6000000022425346294,Jean,M,Q7521081,resolved by sex
6000000022425559119,Jean,M,Q7521081,resolved by sex
6000000022450437813,Jean,M,Q7521081,resolved by sex
6000000022458851218,Jean,M,Q7521081,resolved by sex
6000000022485308788,Jean,M,Q7521081,resolved by sex
6000000022485796302,Jean,M,Q7521081,resolved by sex
6000000022485886684,Jean,M,Q7521081,resolved by sex
6000000022485983783,Jean,M,Q7521081,resolved by sex
6000000022542877563,Jean,M,Q7521081,resolved by sex
6000000022592264916,Jean,M,Q7521081,resolved by sex
6000000022605411840,Jean,M,Q7521081,resolved by sex
6000000022742086609,Jean,M,Q7521081,resolved by sex
6000000022742317087,Jean,M,Q7521081,resolved by sex
6000000022742765433,Jean,M,Q7521081,resolved by sex
6000000022742939991,Jean,M,Q7521081,resolved by sex
6000000022770516714,Jean,M,Q7521081,resolved by sex
6000000022777649698,Jean,M,Q7521081,resolved by sex
6000000022778128324,Jean,M,Q7521081,resolved by sex
6000000022778310543,Jean,M,Q7521081,resolved by sex
6000000022783365776,Jean,M,Q7521081,resolved by sex
6000000022783608561,Jean,M,Q7521081,resolved by sex
6000000022798379943,Jean,M,Q7521081,resolved by sex
6000000022806269618,Jean,M,Q7521081,resolved by sex
6000000022811122880,Jean,M,Q7521081,resolved by sex
6000000022862497763,Jean,M,Q7521081,resolved by sex
6000000022956776579,Jean,M,Q7521081,resolved by sex
6000000023057989806,Jean,M,Q7521081,resolved by sex
6000000023076793177,Jean,M,Q7521081,resolved by sex
6000000023090582749,Jean,M,Q7521081,resolved by sex
6000000023236475571,Jean,M,Q7521081,resolved by sex
6000000023268587993,Jean,M,Q7521081,resolved by sex
6000000023268998088,Jean,M,Q7521081,resolved by sex
6000000023698640194,Jean,F,Q4160311,resolved by sex
6000000023983370289,Jean,M,Q7521081,resolved by sex
6000000024352046452,Jean,M,Q7521081,resolved by sex
6000000024448482425,Jean,M,Q7521081,resolved by sex
6000000024448627344,Jean,M,Q7521081,resolved by sex
6000000025286025122,Jean,M,Q7521081,resolved by sex
6000000025315764940,Jean,M,Q7521081,resolved by sex
6000000025316169153,Jean,M,Q7521081,resolved by sex
6000000025330060144,Jean,M,Q7521081,resolved by sex
6000000025483539083,Jean,M,Q7521081,resolved by sex
6000000025563639114,Jean,M,Q7521081,resolved by sex
6000000025563726127,Jean,M,Q7521081,resolved by sex
6000000025717823624,Jean,M,Q7521081,resolved by sex
6000000026001165961,Jean,M,Q7521081,resolved by sex
6000000026027723030,Jean,M,Q7521081,resolved by sex
6000000026066441179,Jean,M,Q7521081,resolved by sex
6000000026066805088,Jean,M,Q7521081,resolved by sex
6000000026079692033,Jean,M,Q7521081,resolved by sex
6000000026369244748,Jean,M,Q7521081,resolved by sex
6000000026369452780,Jean,M,Q7521081,resolved by sex
6000000026369788539,Jean,M,Q7521081,resolved by sex
6000000026370128664,Jean,M,Q7521081,resolved by sex
6000000026370324271,Jean,M,Q7521081,resolved by sex
6000000026424119000,Jean,M,Q7521081,resolved by sex
6000000026463394767,Jean,F,Q4160311,resolved by sex
6000000026464573677,Jean,F,Q4160311,resolved by sex
6000000026670297049,Jean,M,Q7521081,resolved by sex
6000000026677829918,Jean,M,Q7521081,resolved by sex
6000000026711243879,Jean,M,Q7521081,resolved by sex
6000000026711254846,Jean,M,Q7521081,resolved by sex
6000000026711326924,Jean,M,Q7521081,resolved by sex
6000000026711476871,Jean,M,Q7521081,resolved by sex
6000000026711938986,Jean,M,Q7521081,resolved by sex
6000000026751577916,Jean,M,Q7521081,resolved by sex
6000000026796844772,Jean,M,Q7521081,resolved by sex
6000000026811170169,Jean,M,Q7521081,resolved by sex
6000000026811249306,Jean,M,Q7521081,resolved by sex
6000000026811419405,Jean,M,Q7521081,resolved by sex
6000000026812109719,Jean,M,Q7521081,resolved by sex
6000000026883915708,Jean,M,Q7521081,resolved by sex
6000000026887325017,Jean,M,Q7521081,resolved by sex
6000000026892047530,Jean,M,Q7521081,resolved by sex
6000000026951720951,Jean,M,Q7521081,resolved by sex
6000000027063195503,Jean,M,Q7521081,resolved by sex
6000000027087159412,Jean,M,Q7521081,resolved by sex
6000000027145717445,Jean,M,Q7521081,resolved by sex
6000000027179547766,Jean,M,Q7521081,resolved by sex
6000000027179553426,Jean,M,Q7521081,resolved by sex
6000000027179642400,Jean,M,Q7521081,resolved by sex
6000000027297732333,Jean,M,Q7521081,resolved by sex
6000000027305332121,Jean,M,Q7521081,resolved by sex
6000000027305338747,Jean,M,Q7521081,resolved by sex
6000000027323465031,Jean,M,Q7521081,resolved by sex
6000000027324380725,Jean,M,Q7521081,resolved by sex
6000000027391519029,Jean,M,Q7521081,resolved by sex
6000000027394694396,Jean,M,Q7521081,resolved by sex
6000000027439182158,Jean,M,Q7521081,resolved by sex
6000000027483387219,Jean,M,Q7521081,resolved by sex
6000000027483598245,Jean,M,Q7521081,resolved by sex
6000000027492194041,Jean,M,Q7521081,resolved by sex
6000000027492217382,Jean,M,Q7521081,resolved by sex
6000000027492242112,Jean,M,Q7521081,resolved by sex
6000000027540034019,Jean,M,Q7521081,resolved by sex
6000000027630724088,Jean,M,Q7521081,resolved by sex
6000000027630746067,Jean,M,Q7521081,resolved by sex
6000000027674550590,Jean,M,Q7521081,resolved by sex
6000000027680207981,Jean,M,Q7521081,resolved by sex
6000000027726992248,Jean,M,Q7521081,resolved by sex
6000000027738479233,Jean,M,Q7521081,resolved by sex
6000000027832506763,Jean,M,Q7521081,resolved by sex
6000000027832506763,Jean,M,Q7521081,resolved by sex
6000000027833205591,Jean,M,Q7521081,resolved by sex
6000000027833285886,Jean,M,Q7521081,resolved by sex
6000000027833413338,Jean,M,Q7521081,resolved by sex
6000000027875591494,Jean,M,Q7521081,resolved by sex
6000000027876045085,Jean,M,Q7521081,resolved by sex
6000000027876110865,Jean,M,Q7521081,resolved by sex
6000000027876110865,Jean,M,Q7521081,resolved by sex
6000000028429098291,Jean,M,Q7521081,resolved by sex
6000000029132130917,Jean,M,Q7521081,resolved by sex
6000000029143881526,Jean,M,Q7521081,resolved by sex
6000000029248720706,Jean,M,Q7521081,resolved by sex
6000000029261817523,Jean,M,Q7521081,resolved by sex
6000000029262100795,Jean,M,Q7521081,resolved by sex
6000000029561976386,Jean,M,Q7521081,resolved by sex
6000000029562161264,Jean,M,Q7521081,resolved by sex
6000000029562555866,Jean,M,Q7521081,resolved by sex
6000000029599464989,Jean,M,Q7521081,resolved by sex
6000000029615032798,Jean,M,Q7521081,resolved by sex
6000000029615400832,Jean,M,Q7521081,resolved by sex
6000000030040828693,Jean,M,Q7521081,resolved by sex
6000000030192830090,Jean,M,Q7521081,resolved by sex
6000000030227598189,Jean,M,Q7521081,resolved by sex
6000000030281062829,Jean,M,Q7521081,resolved by sex
6000000030326772841,Jean,M,Q7521081,resolved by sex
6000000030638670876,Jean,M,Q7521081,resolved by sex
6000000030732519562,Jean,M,Q7521081,resolved by sex
6000000030768187041,Jean,M,Q7521081,resolved by sex
6000000030796068870,Jean,M,Q7521081,resolved by sex
6000000030835395342,Jean,M,Q7521081,resolved by sex
6000000030877997869,Jean,M,Q7521081,resolved by sex
6000000031120179784,Jean,M,Q7521081,resolved by sex
6000000031124706178,Jean,M,Q7521081,resolved by sex
6000000031478650625,Jean,M,Q7521081,resolved by sex
6000000031484291383,Jean,M,Q7521081,resolved by sex
6000000031488850898,Jean,M,Q7521081,resolved by sex
6000000031569516921,Jean,M,Q7521081,resolved by sex
6000000031637444834,Jean,M,Q7521081,resolved by sex
6000000031778711248,Jean,M,Q7521081,resolved by sex
6000000031779016895,Jean,M,Q7521081,resolved by sex
6000000031783768556,Jean,M,Q7521081,resolved by sex
6000000031784076190,Jean,M,Q7521081,resolved by sex
6000000031829511979,Jean,M,Q7521081,resolved by sex
6000000031870499063,Jean,M,Q7521081,resolved by sex
6000000031870567922,Jean,M,Q7521081,resolved by sex
6000000031920915074,Jean,M,Q7521081,resolved by sex
6000000031930098051,Jean,M,Q7521081,resolved by sex
6000000031990693131,Jean,M,Q7521081,resolved by sex
6000000032062327452,Jean,M,Q7521081,resolved by sex
6000000032062400728,Jean,M,Q7521081,resolved by sex
6000000032081320546,Jean,M,Q7521081,resolved by sex
6000000032090574926,Jean,M,Q7521081,resolved by sex
6000000032091535656,Jean,M,Q7521081,resolved by sex
6000000032101607457,Jean,M,Q7521081,resolved by sex
6000000032101761416,Jean,M,Q7521081,resolved by sex
6000000032102194838,Jean,M,Q7521081,resolved by sex
6000000032103087286,Jean,M,Q7521081,resolved by sex
6000000032177596922,Jean,M,Q7521081,resolved by sex
6000000032195464828,Jean,M,Q7521081,resolved by sex
6000000032195555916,Jean,M,Q7521081,resolved by sex
6000000032416760928,Jean,M,Q7521081,resolved by sex
6000000032458208151,Jean,M,Q7521081,resolved by sex
6000000032528799644,Jean,M,Q7521081,resolved by sex
6000000032529536437,Jean,M,Q7521081,resolved by sex
6000000032529987468,Jean,M,Q7521081,resolved by sex
6000000032602432191,Jean,M,Q7521081,resolved by sex
6000000032603471984,Jean,M,Q7521081,resolved by sex
6000000032675132771,Jean,M,Q7521081,resolved by sex
6000000032802359904,Jean,M,Q7521081,resolved by sex
6000000032812782609,Jean,M,Q7521081,resolved by sex
6000000032938002718,Jean,M,Q7521081,resolved by sex
6000000033915952354,Jean,M,Q7521081,resolved by sex
6000000033922115008,Jean,F,Q4160311,resolved by sex
6000000034322471536,Jean,M,Q7521081,resolved by sex
6000000034581831886,Jean,M,Q7521081,resolved by sex
6000000034664383084,Jean,M,Q7521081,resolved by sex
6000000034693129790,Jean,M,Q7521081,resolved by sex
6000000034693129790,Jean,M,Q7521081,resolved by sex
6000000034693482418,Jean,M,Q7521081,resolved by sex
6000000034693482418,Jean,M,Q7521081,resolved by sex
6000000034693773871,Jean,M,Q7521081,resolved by sex
6000000034693773871,Jean,M,Q7521081,resolved by sex
6000000034741260823,Jean,M,Q7521081,resolved by sex
6000000035359150399,Jean,F,Q4160311,resolved by sex
6000000035521610918,Jean,M,Q7521081,resolved by sex
6000000035561083845,Jean,M,Q7521081,resolved by sex
6000000035618087485,Jean,M,Q7521081,resolved by sex
6000000035733882231,Jean,F,Q4160311,resolved by sex
6000000035871592425,Jean,M,Q7521081,resolved by sex
6000000036157163304,Jean,M,Q7521081,resolved by sex
6000000036198263342,Jean,M,Q7521081,resolved by sex
6000000036410130975,Jean,M,Q7521081,resolved by sex
6000000036618905748,Jean,M,Q7521081,resolved by sex
6000000036620505084,Jean,M,Q7521081,resolved by sex
6000000036752720434,Jean,M,Q7521081,resolved by sex
6000000036926491371,Jean,M,Q7521081,resolved by sex
6000000037140070729,Jean,M,Q7521081,resolved by sex
6000000037140228624,Jean,M,Q7521081,resolved by sex
6000000037335357843,Jean,M,Q7521081,resolved by sex
6000000037406338356,Jean,M,Q7521081,resolved by sex
6000000037410184846,Jean,M,Q7521081,resolved by sex
6000000037511932723,Jean,M,Q7521081,resolved by sex
6000000037512887289,Jean,M,Q7521081,resolved by sex
6000000038018331994,Jean,M,Q7521081,resolved by sex
6000000038064482100,Jean,M,Q7521081,resolved by sex
6000000038385635028,Jean,M,Q7521081,resolved by sex
6000000038854785187,Jean,M,Q7521081,resolved by sex
6000000039253095399,Jean,M,Q7521081,resolved by sex
6000000039478227877,Jean,M,Q7521081,resolved by sex
6000000039562955045,Jean,M,Q7521081,resolved by sex
6000000040004917268,Jean,M,Q7521081,resolved by sex
6000000040124440328,Jean,M,Q7521081,resolved by sex
6000000040303546334,Jean,M,Q7521081,resolved by sex
6000000041012377764,Jean,M,Q7521081,resolved by sex
6000000041051581669,Jean,F,Q4160311,resolved by sex
6000000041298767181,Jean,F,Q4160311,resolved by sex
6000000041336769286,Jean,M,Q7521081,resolved by sex
6000000041514179118,Jean,M,Q7521081,resolved by sex
6000000041728562858,Jean,F,Q4160311,resolved by sex
6000000041866717937,Jean,M,Q7521081,resolved by sex
6000000041931416285,Jean,M,Q7521081,resolved by sex
6000000042060454439,Jean,M,Q7521081,resolved by sex
6000000042060989133,Jean,M,Q7521081,resolved by sex
6000000042071122181,Jean,M,Q7521081,resolved by sex
6000000042087875279,Jean,M,Q7521081,resolved by sex
6000000042088041749,Jean,M,Q7521081,resolved by sex
6000000042149516860,Jean,M,Q7521081,resolved by sex
6000000042559206334,Jean,M,Q7521081,resolved by sex
6000000042559543213,Jean,M,Q7521081,resolved by sex
6000000043380071092,Jean,M,Q7521081,resolved by sex
6000000044752948359,Jean,M,Q7521081,resolved by sex
6000000044753810032,Jean,M,Q7521081,resolved by sex
6000000045313436906,Jean,M,Q7521081,resolved by sex
6000000045544352895,Jean,M,Q7521081,resolved by sex
6000000045977180096,Jean,M,Q7521081,resolved by sex
6000000045978588958,Jean,M,Q7521081,resolved by sex
6000000046123281938,Jean,M,Q7521081,resolved by sex
6000000046187386019,Jean,M,Q7521081,resolved by sex
6000000046199316206,Jean,M,Q7521081,resolved by sex
6000000046649397853,Jean,F,Q4160311,resolved by sex
6000000046802755389,Jean,M,Q7521081,resolved by sex
6000000046857945191,Jean,F,Q4160311,resolved by sex
6000000047229765029,Jean,M,Q7521081,resolved by sex
6000000048746001265,Jean,M,Q7521081,resolved by sex
6000000049602704013,Jean,M,Q7521081,resolved by sex
6000000049603137836,Jean,M,Q7521081,resolved by sex
6000000049657741138,Jean,M,Q7521081,resolved by sex
6000000051998022952,Jean,M,Q7521081,resolved by sex
6000000052620676122,Jean,F,Q4160311,resolved by sex
6000000053027394952,Jean,M,Q7521081,resolved by sex
6000000053325910074,Jean,M,Q7521081,resolved by sex
6000000053337710985,Jean,M,Q7521081,resolved by sex
6000000053337995859,Jean,M,Q7521081,resolved by sex
6000000053346655851,Jean,M,Q7521081,resolved by sex
6000000053399678505,Jean,M,Q7521081,resolved by sex
6000000053400481840,Jean,M,Q7521081,resolved by sex
6000000053547768826,Jean,M,Q7521081,resolved by sex
6000000053547768826,Jean,M,Q7521081,resolved by sex
6000000053852979986,Jean,M,Q7521081,resolved by sex
6000000054094951857,Jean,M,Q7521081,resolved by sex
6000000054137706097,Jean,F,Q4160311,resolved by sex
6000000056393656082,Jean,M,Q7521081,resolved by sex
6000000056589328954,Jean,M,Q7521081,resolved by sex
6000000056682811899,Jean,M,Q7521081,resolved by sex
6000000057653360863,Jean,M,Q7521081,resolved by sex
6000000057767828949,Jean,M,Q7521081,resolved by sex
6000000058341862912,Jean,M,Q7521081,resolved by sex
6000000059108556027,Jean,M,Q7521081,resolved by sex
6000000059108556027,Jean,M,Q7521081,resolved by sex
6000000059726074892,Jean,M,Q7521081,resolved by sex
6000000060736407923,Jean,M,Q7521081,resolved by sex
6000000061251507419,Jean,M,Q7521081,resolved by sex
6000000061251707111,Jean,M,Q7521081,resolved by sex
6000000061251779151,Jean,M,Q7521081,resolved by sex
6000000062727552109,Jean,M,Q7521081,resolved by sex
6000000062741114858,Jean,M,Q7521081,resolved by sex
6000000062809588848,Jean,M,Q7521081,resolved by sex
6000000063121180353,Jean,M,Q7521081,resolved by sex
6000000065055838331,Jean,M,Q7521081,resolved by sex
6000000065056107059,Jean,M,Q7521081,resolved by sex
6000000065056729855,Jean,M,Q7521081,resolved by sex
6000000065056741880,Jean,M,Q7521081,resolved by sex
6000000065056770822,Jean,M,Q7521081,resolved by sex
6000000065547515834,Jean,M,Q7521081,resolved by sex
6000000067224700821,Jean,M,Q7521081,resolved by sex
6000000068980781079,Jean,M,Q7521081,resolved by sex
6000000069985143946,Jean,M,Q7521081,resolved by sex
6000000070762141880,Jean,M,Q7521081,resolved by sex
6000000071035031384,Jean,F,Q4160311,resolved by sex
6000000071035350916,Jean,F,Q4160311,resolved by sex
6000000071138852838,Jean,M,Q7521081,resolved by sex
6000000071298158898,Jean,M,Q7521081,resolved by sex
6000000073495653283,Jean,M,Q7521081,resolved by sex
6000000074990768904,Jean,M,Q7521081,resolved by sex
6000000074990768904,Jean,M,Q7521081,resolved by sex
6000000075298508067,Jean,M,Q7521081,resolved by sex
6000000075626339953,Jean,M,Q7521081,resolved by sex
6000000075626339953,Jean,M,Q7521081,resolved by sex
6000000077144273823,Jean,F,Q4160311,resolved by sex
6000000077202075571,Jean,F,Q4160311,resolved by sex
6000000077279433927,Jean,M,Q7521081,resolved by sex
6000000077314068171,Jean,M,Q7521081,resolved by sex
6000000077314495743,Jean,F,Q4160311,resolved by sex
6000000077584795380,Jean,M,Q7521081,resolved by sex
6000000077634698893,Jean,F,Q4160311,resolved by sex
6000000077844706611,Jean,M,Q7521081,resolved by sex
6000000077844706611,Jean,M,Q7521081,resolved by sex
6000000078052937519,Jean,M,Q7521081,resolved by sex
6000000078053639961,Jean,M,Q7521081,resolved by sex
6000000078053710861,Jean,M,Q7521081,resolved by sex
6000000078053786031,Jean,M,Q7521081,resolved by sex
6000000078417730939,Jean,M,Q7521081,resolved by sex
6000000078914675014,Jean,M,Q7521081,resolved by sex
6000000078914675014,Jean,M,Q7521081,resolved by sex
6000000079062659960,Jean,M,Q7521081,resolved by sex
6000000079725675200,Jean,M,Q7521081,resolved by sex
6000000079769078941,Jean,M,Q7521081,resolved by sex
6000000079769078941,Jean,M,Q7521081,resolved by sex
6000000079773937954,Jean,M,Q7521081,resolved by sex
6000000079773937954,Jean,M,Q7521081,resolved by sex
6000000080347601938,Jean,M,Q7521081,resolved by sex
6000000080347601938,Jean,M,Q7521081,resolved by sex
6000000081563555960,Jean,M,Q7521081,resolved by sex
6000000081598761410,Jean,M,Q7521081,resolved by sex
6000000081732960077,Jean,M,Q7521081,resolved by sex
6000000082316241217,Jean,M,Q7521081,resolved by sex
6000000082569793892,Jean,M,Q7521081,resolved by sex
6000000082672401873,Jean,M,Q7521081,resolved by sex
6000000083131184950,Jean,M,Q7521081,resolved by sex
6000000083162841146,Jean,M,Q7521081,resolved by sex
6000000083287736932,Jean,F,Q4160311,resolved by sex
6000000083744449882,Jean,F,Q4160311,resolved by sex
6000000085751983915,Jean,M,Q7521081,resolved by sex
6000000088822033874,Jean,M,Q7521081,resolved by sex
6000000089616939896,Jean,F,Q4160311,resolved by sex
6000000090368549811,Jean,M,Q7521081,resolved by sex
6000000090568569076,Jean,F,Q4160311,resolved by sex
6000000090663893307,Jean,M,Q7521081,resolved by sex
6000000090665071020,Jean,M,Q7521081,resolved by sex
6000000091251465821,Jean,M,Q7521081,resolved by sex
6000000091383183894,Jean,M,Q7521081,resolved by sex
6000000091661710554,Jean,M,Q7521081,resolved by sex
6000000091661710554,Jean,M,Q7521081,resolved by sex
6000000093845907001,Jean,M,Q7521081,resolved by sex
6000000096372530875,Jean,M,Q7521081,resolved by sex
6000000096526688891,Jean,M,Q7521081,resolved by sex
6000000097055236999,Jean,M,Q7521081,resolved by sex
6000000097125931953,Jean,M,Q7521081,resolved by sex
6000000098382944867,Jean,M,Q7521081,resolved by sex
6000000099610229851,Jean,M,Q7521081,resolved by sex
6000000099653584826,Jean,M,Q7521081,resolved by sex
6000000100166899910,Jean,M,Q7521081,resolved by sex
6000000102648757844,Jean,M,Q7521081,resolved by sex
6000000106208400874,Jean,M,Q7521081,resolved by sex
6000000107081307425,Jean,M,Q7521081,resolved by sex
6000000108100556856,Jean,M,Q7521081,resolved by sex
6000000110309072877,Jean,M,Q7521081,resolved by sex
6000000111566375919,Jean,F,Q4160311,resolved by sex
6000000112068282836,Jean,M,Q7521081,resolved by sex
6000000112856246881,Jean,M,Q7521081,resolved by sex
6000000112874798902,Jean,M,Q7521081,resolved by sex
6000000112904977965,Jean,M,Q7521081,resolved by sex
6000000113742215904,Jean,M,Q7521081,resolved by sex
6000000115534446065,Jean,M,Q7521081,resolved by sex
6000000118194855991,Jean,M,Q7521081,resolved by sex
6000000119039207872,Jean,F,Q4160311,resolved by sex
6000000120361320841,Jean,M,Q7521081,resolved by sex
6000000120832865884,Jean,M,Q7521081,resolved by sex
6000000120833881957,Jean,M,Q7521081,resolved by sex
6000000121061443850,Jean,M,Q7521081,resolved by sex
6000000121068503911,Jean,M,Q7521081,resolved by sex
6000000121591966899,Jean,M,Q7521081,resolved by sex
6000000123644828845,Jean,M,Q7521081,resolved by sex
6000000124197697930,Jean,F,Q4160311,resolved by sex
6000000125315236851,Jean,M,Q7521081,resolved by sex
6000000127340403857,Jean,F,Q4160311,resolved by sex
6000000127360885887,Jean,M,Q7521081,resolved by sex
6000000130341574836,Jean,M,Q7521081,resolved by sex
6000000131757359986,Jean,M,Q7521081,resolved by sex
6000000132600998821,Jean,M,Q7521081,resolved by sex
6000000136835513831,Jean,M,Q7521081,resolved by sex
6000000136835513831,Jean,M,Q7521081,resolved by sex
6000000136942308902,Jean,M,Q7521081,resolved by sex
6000000138542752827,Jean,M,Q7521081,resolved by sex
6000000139498213935,Jean,M,Q7521081,resolved by sex
6000000139517542851,Jean,M,Q7521081,resolved by sex
6000000140003178256,Jean,M,Q7521081,resolved by sex
6000000140239327838,Jean,M,Q7521081,resolved by sex
6000000140692737891,Jean,M,Q7521081,resolved by sex
6000000140783183867,Jean,M,Q7521081,resolved by sex
6000000141354086186,Jean,M,Q7521081,resolved by sex
6000000141356048201,Jean,M,Q7521081,resolved by sex
6000000143271523884,Jean,M,Q7521081,resolved by sex
6000000144694440884,Jean,M,Q7521081,resolved by sex
6000000155382720821,Jean,M,Q7521081,resolved by sex
6000000156154823844,Jean,M,Q7521081,resolved by sex
6000000156544862856,Jean,M,Q7521081,resolved by sex
6000000156858282821,Jean,M,Q7521081,resolved by sex
6000000157165889821,Jean,M,Q7521081,resolved by sex
6000000157270031822,Jean,M,Q7521081,resolved by sex
6000000157601978887,Jean,M,Q7521081,resolved by sex
6000000159304179833,Jean,M,Q7521081,resolved by sex
6000000162282685821,Jean,M,Q7521081,resolved by sex
6000000163457700848,Jean,M,Q7521081,resolved by sex
6000000166879970828,Jean,M,Q7521081,resolved by sex
6000000167339425919,Jean,M,Q7521081,resolved by sex
6000000172262595855,Jean,F,Q4160311,resolved by sex
6000000173199636849,Jean,M,Q7521081,resolved by sex
6000000173199921063,Jean,M,Q7521081,resolved by sex
6000000173220963548,Jean,M,Q7521081,resolved by sex
6000000173671365870,Jean,M,Q7521081,resolved by sex
6000000174095811973,Jean,M,Q7521081,resolved by sex
6000000174096212921,Jean,M,Q7521081,resolved by sex
6000000174096627931,Jean,M,Q7521081,resolved by sex
6000000174530307810,Jean,M,Q7521081,resolved by sex
6000000174756887051,Jean,M,Q7521081,resolved by sex
6000000174791867880,Jean,M,Q7521081,resolved by sex
6000000174863018362,Jean,M,Q7521081,resolved by sex
6000000175017217951,Jean,F,Q4160311,resolved by sex
6000000175361972241,Jean,M,Q7521081,resolved by sex
6000000175885649884,Jean,F,Q4160311,resolved by sex
6000000175922344881,Jean,M,Q7521081,resolved by sex
6000000175922344881,Jean,M,Q7521081,resolved by sex
6000000175954006828,Jean,F,Q4160311,resolved by sex
6000000176087966831,Jean,M,Q7521081,resolved by sex
6000000176389198848,Jean,M,Q7521081,resolved by sex
6000000176389198848,Jean,M,Q7521081,resolved by sex
6000000176464662828,Jean,M,Q7521081,resolved by sex
6000000176971287867,Jean,M,Q7521081,resolved by sex
6000000176971287867,Jean,M,Q7521081,resolved by sex
6000000176972020829,Jean,M,Q7521081,resolved by sex
6000000176972020829,Jean,M,Q7521081,resolved by sex
6000000177487757857,Jean,M,Q7521081,resolved by sex
6000000177487757857,Jean,M,Q7521081,resolved by sex
6000000177766097826,Jean,M,Q7521081,resolved by sex
6000000177793771838,Jean,M,Q7521081,resolved by sex
6000000177793771838,Jean,M,Q7521081,resolved by sex
6000000177820297883,Jean,F,Q4160311,resolved by sex
6000000177922423822,Jean,F,Q4160311,resolved by sex
6000000178018352821,Jean,M,Q7521081,resolved by sex
6000000178018352821,Jean,M,Q7521081,resolved by sex
6000000178166754990,Jean,M,Q7521081,resolved by sex
6000000178330195826,Jean,M,Q7521081,resolved by sex
6000000178498349837,Jean,M,Q7521081,resolved by sex
6000000178938740853,Jean,M,Q7521081,resolved by sex
6000000180015576832,Jean,M,Q7521081,resolved by sex
6000000181195659242,Jean,F,Q4160311,resolved by sex
6000000182222607873,Jean,M,Q7521081,resolved by sex
6000000182222607873,Jean,M,Q7521081,resolved by sex
6000000183758450822,Jean,M,Q7521081,resolved by sex
6000000184332723859,Jean,M,Q7521081,resolved by sex
6000000185143557061,Jean,M,Q7521081,resolved by sex
6000000185833360841,Jean,M,Q7521081,resolved by sex
6000000185833360841,Jean,M,Q7521081,resolved by sex
6000000185978271928,Jean,M,Q7521081,resolved by sex
6000000186237265876,Jean,M,Q7521081,resolved by sex
6000000186656510822,Jean,M,Q7521081,resolved by sex
6000000186704141894,Jean,M,Q7521081,resolved by sex
6000000186885501858,Jean,M,Q7521081,resolved by sex
6000000186886260852,Jean,M,Q7521081,resolved by sex
6000000186886273821,Jean,M,Q7521081,resolved by sex
6000000186886463839,Jean,M,Q7521081,resolved by sex
6000000186912684860,Jean,M,Q7521081,resolved by sex
6000000186912857833,Jean,M,Q7521081,resolved by sex
6000000187060323835,Jean,M,Q7521081,resolved by sex
6000000187060371847,Jean,M,Q7521081,resolved by sex
6000000187645669821,Jean,M,Q7521081,resolved by sex
6000000187645669821,Jean,M,Q7521081,resolved by sex
6000000188011552851,Jean,M,Q7521081,resolved by sex
6000000188011676821,Jean,M,Q7521081,resolved by sex
6000000188190349831,Jean,M,Q7521081,resolved by sex
6000000188323565835,Jean,M,Q7521081,resolved by sex
6000000188354085852,Jean,M,Q7521081,resolved by sex
6000000188354236842,Jean,M,Q7521081,resolved by sex
6000000188494753823,Jean,M,Q7521081,resolved by sex
6000000188495039862,Jean,M,Q7521081,resolved by sex
6000000188495408859,Jean,M,Q7521081,resolved by sex
6000000188522938858,Jean,M,Q7521081,resolved by sex
6000000188524087848,Jean,M,Q7521081,resolved by sex
6000000188530632823,Jean,M,Q7521081,resolved by sex
6000000189216378881,Jean,M,Q7521081,resolved by sex
6000000189240380827,Jean,M,Q7521081,resolved by sex
6000000189431176831,Jean,M,Q7521081,resolved by sex
6000000189596026905,Jean,M,Q7521081,resolved by sex
6000000189918683821,Jean,M,Q7521081,resolved by sex
6000000190647137828,Jean,F,Q4160311,resolved by sex
6000000190753461916,Jean,M,Q7521081,resolved by sex
6000000190797043890,Jean,M,Q7521081,resolved by sex
6000000190953572821,Jean,M,Q7521081,resolved by sex
6000000192172124863,Jean,M,Q7521081,resolved by sex
6000000193291753832,Jean,M,Q7521081,resolved by sex
6000000194201754885,Jean,M,Q7521081,resolved by sex
6000000194202244837,Jean,M,Q7521081,resolved by sex
6000000194202424871,Jean,M,Q7521081,resolved by sex
6000000194202483837,Jean,M,Q7521081,resolved by sex
6000000194202504825,Jean,M,Q7521081,resolved by sex
6000000194202540823,Jean,M,Q7521081,resolved by sex
6000000194202669855,Jean,M,Q7521081,resolved by sex
6000000194202917835,Jean,M,Q7521081,resolved by sex
6000000194202945842,Jean,M,Q7521081,resolved by sex
6000000194202981835,Jean,M,Q7521081,resolved by sex
6000000194204675837,Jean,M,Q7521081,resolved by sex
6000000195216473823,Jean,M,Q7521081,resolved by sex
6000000196267420828,Jean,M,Q7521081,resolved by sex
6000000196267420828,Jean,M,Q7521081,resolved by sex
6000000196419052888,Jean,M,Q7521081,resolved by sex
6000000196501659831,Jean,M,Q7521081,resolved by sex
6000000196518579831,Jean,M,Q7521081,resolved by sex
6000000196520219830,Jean,M,Q7521081,resolved by sex
6000000196882277860,Jean,M,Q7521081,resolved by sex
6000000197255046836,Jean,M,Q7521081,resolved by sex
6000000197255046836,Jean,M,Q7521081,resolved by sex
6000000198338978915,Jean,M,Q7521081,resolved by sex
6000000198482858843,Jean,M,Q7521081,resolved by sex
6000000198888508265,Jean,F,Q4160311,resolved by sex
6000000199546633844,Jean,M,Q7521081,resolved by sex
6000000202109772836,Jean,M,Q7521081,resolved by sex
6000000202647988847,Jean,M,Q7521081,resolved by sex
6000000202649089829,Jean,M,Q7521081,resolved by sex
6000000203014717877,Jean,F,Q4160311,resolved by sex
6000000203066886821,Jean,F,Q4160311,resolved by sex
6000000203180603860,Jean,M,Q7521081,resolved by sex
6000000203283389823,Jean,M,Q7521081,resolved by sex
6000000203283389823,Jean,M,Q7521081,resolved by sex
6000000206804649899,Jean,F,Q4160311,resolved by sex
6000000206842769844,Jean,M,Q7521081,resolved by sex
6000000207298344829,Jean,M,Q7521081,resolved by sex
6000000207299386822,Jean,M,Q7521081,resolved by sex
6000000208251414824,Jean,M,Q7521081,resolved by sex
6000000208252499835,Jean,M,Q7521081,resolved by sex
6000000208252518832,Jean,M,Q7521081,resolved by sex
6000000208252548836,Jean,M,Q7521081,resolved by sex
6000000208252598833,Jean,M,Q7521081,resolved by sex
6000000208489697831,Jean,M,Q7521081,resolved by sex
6000000208489697831,Jean,M,Q7521081,resolved by sex
6000000209653588829,Jean,M,Q7521081,resolved by sex
6000000210095530840,Jean,M,Q7521081,resolved by sex
6000000210095615830,Jean,M,Q7521081,resolved by sex
6000000210095635822,Jean,M,Q7521081,resolved by sex
6000000210413486889,Jean,M,Q7521081,resolved by sex
6000000210666966843,Jean,M,Q7521081,resolved by sex
6000000210865518858,Jean,M,Q7521081,resolved by sex
6000000210865562835,Jean,M,Q7521081,resolved by sex
6000000211453460842,Jean,M,Q7521081,resolved by sex
6000000211453690822,Jean,M,Q7521081,resolved by sex
6000000211453817821,Jean,M,Q7521081,resolved by sex
6000000211603374870,Jean,M,Q7521081,resolved by sex
6000000214480593840,Jean,M,Q7521081,resolved by sex
6000000215627840874,Jean,F,Q4160311,resolved by sex
6000000215766925821,Jean,M,Q7521081,resolved by sex
6000000215952135825,Jean,M,Q7521081,resolved by sex
6000000216014650823,Jean,M,Q7521081,resolved by sex
6000000216738533862,Jean,M,Q7521081,resolved by sex
6000000216738736824,Jean,M,Q7521081,resolved by sex
6000000217368182838,Jean,M,Q7521081,resolved by sex
6000000217513436852,Jean,M,Q7521081,resolved by sex
6000000217563842825,Jean,M,Q7521081,resolved by sex
6000000217908707850,Jean,M,Q7521081,resolved by sex
6000000218160068866,Jean,M,Q7521081,resolved by sex
6000000218920662858,Jean,M,Q7521081,resolved by sex
6000000221217430891,Jean,M,Q7521081,resolved by sex
6000000222519776822,Jean,M,Q7521081,resolved by sex
6000000222519776822,Jean,M,Q7521081,resolved by sex
6000000222537140848,Jean,M,Q7521081,resolved by sex
6000000222537156847,Jean,M,Q7521081,resolved by sex
6000000222844958952,Jean,M,Q7521081,resolved by sex
6000000223030469869,Jean,M,Q7521081,resolved by sex
6000000223030607836,Jean,M,Q7521081,resolved by sex
6000000223030634831,Jean,M,Q7521081,resolved by sex
6000000223697006920,Jean,M,Q7521081,resolved by sex
6000000223697006920,Jean,M,Q7521081,resolved by sex
6000000223702512988,Jean,M,Q7521081,resolved by sex
6000000223702546832,Jean,M,Q7521081,resolved by sex
6000000223702645831,Jean,M,Q7521081,resolved by sex
6000000224155904835,Jean,M,Q7521081,resolved by sex
6000000224155904835,Jean,M,Q7521081,resolved by sex
6000000224175930906,Jean,M,Q7521081,resolved by sex
6000000224205111987,Jean,F,Q4160311,resolved by sex
6000000224258009956,Jean,F,Q4160311,resolved by sex
6000000224275505842,Jean,M,Q7521081,resolved by sex
6000000224643172904,Jean,M,Q7521081,resolved by sex
6000000224643290905,Jean,M,Q7521081,resolved by sex
6000000224643352821,Jean,M,Q7521081,resolved by sex
6000000224764057065,Jean,F,Q4160311,resolved by sex
6000000224800053848,Jean,M,Q7521081,resolved by sex
6000000224800053848,Jean,M,Q7521081,resolved by sex
6000000224805787868,Jean,M,Q7521081,resolved by sex
6000000224895749869,Jean,M,Q7521081,resolved by sex
6000000224963302825,Jean,M,Q7521081,resolved by sex
6000000224963306826,Jean,M,Q7521081,resolved by sex
6000000225003469858,Jean,M,Q7521081,resolved by sex
6000000225018267845,Jean,M,Q7521081,resolved by sex
6000000225133084837,Jean,M,Q7521081,resolved by sex
6000000225290575898,Jean,M,Q7521081,resolved by sex
6000000225290784821,Jean,M,Q7521081,resolved by sex
6000000225356129865,Jean,M,Q7521081,resolved by sex
6000000225813806825,Jean,M,Q7521081,resolved by sex
6000000225816792879,Jean,M,Q7521081,resolved by sex
6000000225816879854,Jean,M,Q7521081,resolved by sex
6000000225816881821,Jean,M,Q7521081,resolved by sex
6000000225817186886,Jean,M,Q7521081,resolved by sex
6000000225923039830,Jean,M,Q7521081,resolved by sex
6000000226389298872,Jean,M,Q7521081,resolved by sex
4605058,Jehan,M,Q19800591,resolved by sex
6000000000536954038,Jehan,M,Q19800591,resolved by sex
6000000000536954493,Jehan,M,Q19800591,resolved by sex
6000000000536954493,Jehan,M,Q19800591,resolved by sex
6000000000537041906,Jehan,M,Q19800591,resolved by sex
6000000009304961505,Jehan,M,Q19800591,resolved by sex
6000000009305189306,Jehan,M,Q19800591,resolved by sex
6000000013054763684,Jehan,M,Q19800591,resolved by sex
6000000014873459829,Jehan,M,Q19800591,resolved by sex
6000000015730857767,Jehan,M,Q19800591,resolved by sex
6000000015730907612,Jehan,M,Q19800591,resolved by sex
6000000016741676583,Jehan,M,Q19800591,resolved by sex
6000000017549107875,Jehan,M,Q19800591,resolved by sex
6000000019354562676,Jehan,M,Q19800591,resolved by sex
6000000019354796534,Jehan,M,Q19800591,resolved by sex
6000000021303510484,Jehan,M,Q19800591,resolved by sex
6000000021492890956,Jehan,M,Q19800591,resolved by sex
6000000022770470817,Jehan,M,Q19800591,resolved by sex
6000000027062991593,Jehan,M,Q19800591,resolved by sex
6000000031434960218,Jehan,M,Q19800591,resolved by sex
6000000031434960218,Jehan,M,Q19800591,resolved by sex
6000000031973201887,Jehan,M,Q19800591,resolved by sex
6000000049657295181,Jehan,M,Q19800591,resolved by sex
6000000081278250927,Jehan,M,Q19800591,resolved by sex
6000000140006203888,Jehan,M,Q19800591,resolved by sex
6000000140006203888,Jehan,M,Q19800591,resolved by sex
6000000141074473879,Jehan,M,Q19800591,resolved by sex
6000000172929625042,Jehan,M,Q19800591,resolved by sex
6000000173853857558,Jehan,M,Q19800591,resolved by sex
6000000191884682847,Jehan,M,Q19800591,resolved by sex
6000000196475445834,Jehan,M,Q19800591,resolved by sex
6000000196475465826,Jehan,M,Q19800591,resolved by sex
6000000202110490821,Jehan,M,Q19800591,resolved by sex
6000000207299386822,Jehan,M,Q19800591,resolved by sex
6000000207299403822,Jehan,M,Q19800591,resolved by sex
6000000014652352135,Jenni,F,Q18657207,resolved by sex
6000000025068452982,Jenni,F,Q18657207,resolved by sex
6000000033070925154,Jenni,F,Q18657207,resolved by sex
6000000147100977838,Jenni,F,Q18657207,resolved by sex
6000000200735949823,Jenni,F,Q18657207,resolved by sex
4500249229690020838,Jesus,F,Q66827303,resolved by sex
6000000005395757817,Jesus,F,Q66827303,resolved by sex
6000000005598942321,Jesus,F,Q66827303,resolved by sex
6000000005747683598,Jesus,M,Q1158269,resolved by sex
6000000007913012404,Jesus,M,Q1158269,resolved by sex
6000000011045928010,Jesus,F,Q66827303,resolved by sex
6000000011264346145,Jesus,F,Q66827303,resolved by sex
6000000013443246829,Jesus,F,Q66827303,resolved by sex
6000000014467283814,Jesus,M,Q1158269,resolved by sex
6000000014579311697,Jesus,F,Q66827303,resolved by sex
6000000014579564953,Jesus,F,Q66827303,resolved by sex
6000000014645550014,Jesus,F,Q66827303,resolved by sex
6000000015120553662,Jesus,F,Q66827303,resolved by sex
6000000015774248386,Jesus,M,Q1158269,resolved by sex
6000000016521545655,Jesus,F,Q66827303,resolved by sex
6000000018727274037,Jesus,F,Q66827303,resolved by sex
6000000018999884290,Jesus,M,Q1158269,resolved by sex
6000000019005037325,Jesus,F,Q66827303,resolved by sex
6000000019006137236,Jesus,M,Q1158269,resolved by sex
6000000021490488741,Jesus,F,Q66827303,resolved by sex
6000000021580370355,Jesus,F,Q66827303,resolved by sex
6000000023272640929,Jesus,F,Q66827303,resolved by sex
6000000023911146102,Jesus,M,Q1158269,resolved by sex
6000000025445693268,Jesus,F,Q66827303,resolved by sex
6000000025446224273,Jesus,F,Q66827303,resolved by sex
6000000025834338640,Jesus,F,Q66827303,resolved by sex
6000000026749709858,Jesus,M,Q1158269,resolved by sex
6000000028563289009,Jesus,F,Q66827303,resolved by sex
6000000029903804090,Jesus,F,Q66827303,resolved by sex
6000000041620632218,Jesus,F,Q66827303,resolved by sex
6000000041885889566,Jesus,F,Q66827303,resolved by sex
6000000050288743928,Jesus,F,Q66827303,resolved by sex
6000000052376260107,Jesus,F,Q66827303,resolved by sex
6000000054139117864,Jesus,M,Q1158269,resolved by sex
6000000054139414823,Jesus,F,Q66827303,resolved by sex
6000000058174607030,Jesus,F,Q66827303,resolved by sex
6000000074806282964,Jesus,F,Q66827303,resolved by sex
6000000080872264689,Jesus,F,Q66827303,resolved by sex
6000000081492845040,Jesus,F,Q66827303,resolved by sex
6000000082634244001,Jesus,F,Q66827303,resolved by sex
6000000083074408658,Jesus,F,Q66827303,resolved by sex
6000000084593695947,Jesus,F,Q66827303,resolved by sex
6000000093629285848,Jesus,F,Q66827303,resolved by sex
6000000094758910019,Jesus,M,Q1158269,resolved by sex
6000000104703821997,Jesus,M,Q1158269,resolved by sex
6000000109050630843,Jesus,F,Q66827303,resolved by sex
6000000113507664845,Jesus,M,Q1158269,resolved by sex
6000000115415614904,Jesus,F,Q66827303,resolved by sex
6000000120739290130,Jesus,F,Q66827303,resolved by sex
6000000137168050824,Jesus,F,Q66827303,resolved by sex
6000000141801138833,Jesus,F,Q66827303,resolved by sex
6000000152691136836,Jesus,M,Q1158269,resolved by sex
6000000159857301944,Jesus,F,Q66827303,resolved by sex
6000000167050153857,Jesus,F,Q66827303,resolved by sex
6000000167050526113,Jesus,F,Q66827303,resolved by sex
6000000170750602840,Jesus,F,Q66827303,resolved by sex
6000000174356819863,Jesus,M,Q1158269,resolved by sex
6000000175283179004,Jesus,F,Q66827303,resolved by sex
6000000175851854908,Jesus,M,Q1158269,resolved by sex
6000000175852140848,Jesus,M,Q1158269,resolved by sex
6000000178685409822,Jesus,M,Q1158269,resolved by sex
6000000180036295012,Jesus,F,Q66827303,resolved by sex
6000000186630471833,Jesus,M,Q1158269,resolved by sex
6000000186986488131,Jesus,M,Q1158269,resolved by sex
6000000186986488146,Jesus,F,Q66827303,resolved by sex
6000000186988656092,Jesus,F,Q66827303,resolved by sex
6000000189521620242,Jesus,M,Q1158269,resolved by sex
6000000196442186951,Jesus,F,Q66827303,resolved by sex
6000000196442186951,Jesus,F,Q66827303,resolved by sex
6000000196893170146,Jesus,M,Q1158269,resolved by sex
6000000199714722169,Jesus,F,Q66827303,resolved by sex
6000000204538221026,Jesus,F,Q66827303,resolved by sex
6000000205169809391,Jesus,F,Q66827303,resolved by sex
6000000206791068852,Jesus,M,Q1158269,resolved by sex
6000000206791068897,Jesus,M,Q1158269,resolved by sex
6000000207707665776,Jesus,F,Q66827303,resolved by sex
6000000208493445972,Jesus,M,Q1158269,resolved by sex
6000000219032379822,Jesus,F,Q66827303,resolved by sex
6000000223231482716,Jesus,M,Q1158269,resolved by sex
6000000223231618402,Jesus,F,Q66827303,resolved by sex
6000000223231881296,Jesus,F,Q66827303,resolved by sex
6000000223233101833,Jesus,F,Q66827303,resolved by sex
6000000223233342148,Jesus,M,Q1158269,resolved by sex
6000000223649521977,Jesus,F,Q66827303,resolved by sex
6000000223697895903,Jesus,M,Q1158269,resolved by sex
6000000223715849012,Jesus,F,Q66827303,resolved by sex
6000000223789184021,Jesus,M,Q1158269,resolved by sex
6000000223789764940,Jesus,F,Q66827303,resolved by sex
6000000223795922300,Jesus,M,Q1158269,resolved by sex
6000000223797016261,Jesus,M,Q1158269,resolved by sex
6000000223808011241,Jesus,F,Q66827303,resolved by sex
6000000223809952117,Jesus,F,Q66827303,resolved by sex
6000000223823773946,Jesus,F,Q66827303,resolved by sex
6000000223843052216,Jesus,F,Q66827303,resolved by sex
6000000224981650532,Jesus,F,Q66827303,resolved by sex
350606221370001163,Joan,F,Q1484457,resolved by sex
377174371500011174,Joan,F,Q1484457,resolved by sex
4431640482510128854,Joan,F,Q1484457,resolved by sex
4442927651420026365,Joan,F,Q1484457,resolved by sex
4482091854560083092,Joan,F,Q1484457,resolved by sex
4991979716490082699,Joan,F,Q1484457,resolved by sex
5099313239530029297,Joan,F,Q1484457,resolved by sex
5099313239530029297,Joan,F,Q1484457,resolved by sex
5202009888810053546,Joan,F,Q1484457,resolved by sex
5233416830080054925,Joan,F,Q1484457,resolved by sex
5234988542950043306,Joan,F,Q1484457,resolved by sex
5366053834650040358,Joan,F,Q1484457,resolved by sex
6000000000020542201,Joan,F,Q1484457,resolved by sex
6000000000077812500,Joan,F,Q1484457,resolved by sex
6000000000151718860,Joan,F,Q1484457,resolved by sex
6000000000152116931,Joan,F,Q1484457,resolved by sex
6000000000172523588,Joan,F,Q1484457,resolved by sex
6000000000192063893,Joan,F,Q1484457,resolved by sex
6000000000424969793,Joan,F,Q1484457,resolved by sex
6000000000474673508,Joan,F,Q1484457,resolved by sex
6000000000484631489,Joan,F,Q1484457,resolved by sex
6000000000491127767,Joan,F,Q1484457,resolved by sex
6000000000591576201,Joan,F,Q1484457,resolved by sex
6000000000595941084,Joan,F,Q1484457,resolved by sex
6000000000629612094,Joan,F,Q1484457,resolved by sex
6000000000743955206,Joan,F,Q1484457,resolved by sex
6000000000769902468,Joan,F,Q1484457,resolved by sex
6000000000796830314,Joan,F,Q1484457,resolved by sex
6000000000804995015,Joan,F,Q1484457,resolved by sex
6000000000806383800,Joan,F,Q1484457,resolved by sex
6000000000969897663,Joan,F,Q1484457,resolved by sex
6000000001140272001,Joan,F,Q1484457,resolved by sex
6000000001299393475,Joan,F,Q1484457,resolved by sex
6000000001351707767,Joan,F,Q1484457,resolved by sex
6000000001365258699,Joan,F,Q1484457,resolved by sex
6000000001462706010,Joan,M,Q1484457,resolved by sex
6000000001500835185,Joan,M,Q1484457,resolved by sex
6000000001500893379,Joan,F,Q1484457,resolved by sex
6000000001501032497,Joan,F,Q1484457,resolved by sex
6000000001550313674,Joan,F,Q1484457,resolved by sex
6000000001578884732,Joan,F,Q1484457,resolved by sex
6000000001611675939,Joan,F,Q1484457,resolved by sex
6000000001670277765,Joan,F,Q1484457,resolved by sex
6000000001874628657,Joan,F,Q1484457,resolved by sex
6000000001877498238,Joan,F,Q1484457,resolved by sex
6000000001877498246,Joan,F,Q1484457,resolved by sex
6000000001914340744,Joan,F,Q1484457,resolved by sex
6000000001986178053,Joan,F,Q1484457,resolved by sex
6000000002106127137,Joan,F,Q1484457,resolved by sex
6000000002135221885,Joan,F,Q1484457,resolved by sex
6000000002135307788,Joan,F,Q1484457,resolved by sex
6000000002172958965,Joan,F,Q1484457,resolved by sex
6000000002188458911,Joan,F,Q1484457,resolved by sex
6000000002188569608,Joan,F,Q1484457,resolved by sex
6000000002219501052,Joan,F,Q1484457,resolved by sex
6000000002247959690,Joan,F,Q1484457,resolved by sex
6000000002311764756,Joan,F,Q1484457,resolved by sex
6000000002447199567,Joan,F,Q1484457,resolved by sex
6000000002447336383,Joan,F,Q1484457,resolved by sex
6000000002447351144,Joan,F,Q1484457,resolved by sex
6000000002574464859,Joan,F,Q1484457,resolved by sex
6000000002603651549,Joan,F,Q1484457,resolved by sex
6000000002603676392,Joan,F,Q1484457,resolved by sex
6000000002603760203,Joan,F,Q1484457,resolved by sex
6000000002664294564,Joan,F,Q1484457,resolved by sex
6000000002665734907,Joan,F,Q1484457,resolved by sex
6000000002702618937,Joan,F,Q1484457,resolved by sex
6000000002702636643,Joan,F,Q1484457,resolved by sex
6000000002766854677,Joan,F,Q1484457,resolved by sex
6000000002890591600,Joan,F,Q1484457,resolved by sex
6000000002908662328,Joan,F,Q1484457,resolved by sex
6000000002987897019,Joan,F,Q1484457,resolved by sex
6000000002991937285,Joan,F,Q1484457,resolved by sex
6000000002991937344,Joan,F,Q1484457,resolved by sex
6000000003087098675,Joan,F,Q1484457,resolved by sex
6000000003098031092,Joan,F,Q1484457,resolved by sex
6000000003098332257,Joan,F,Q1484457,resolved by sex
6000000003104857003,Joan,F,Q1484457,resolved by sex
6000000003177759124,Joan,F,Q1484457,resolved by sex
6000000003177905081,Joan,F,Q1484457,resolved by sex
6000000003210403901,Joan,F,Q1484457,resolved by sex
6000000003216044236,Joan,F,Q1484457,resolved by sex
6000000003216090647,Joan,F,Q1484457,resolved by sex
6000000003243285404,Joan,F,Q1484457,resolved by sex
6000000003243285565,Joan,F,Q1484457,resolved by sex
6000000003243290817,Joan,F,Q1484457,resolved by sex
6000000003243328652,Joan,F,Q1484457,resolved by sex
6000000003243427377,Joan,F,Q1484457,resolved by sex
6000000003271593867,Joan,F,Q1484457,resolved by sex
6000000003408652699,Joan,F,Q1484457,resolved by sex
6000000003409053197,Joan,F,Q1484457,resolved by sex
6000000003429945558,Joan,F,Q1484457,resolved by sex
6000000003435773376,Joan,F,Q1484457,resolved by sex
6000000003439691336,Joan,F,Q1484457,resolved by sex
6000000003615754949,Joan,F,Q1484457,resolved by sex
6000000003615836727,Joan,F,Q1484457,resolved by sex
6000000003615987148,Joan,F,Q1484457,resolved by sex
6000000003649666259,Joan,F,Q1484457,resolved by sex
6000000003649742216,Joan,F,Q1484457,resolved by sex
6000000003702255920,Joan,F,Q1484457,resolved by sex
6000000003714071705,Joan,F,Q1484457,resolved by sex
6000000003827579371,Joan,F,Q1484457,resolved by sex
6000000003827590019,Joan,F,Q1484457,resolved by sex
6000000003827885745,Joan,F,Q1484457,resolved by sex
6000000003828179534,Joan,F,Q1484457,resolved by sex
6000000003853564932,Joan,F,Q1484457,resolved by sex
6000000003853841080,Joan,F,Q1484457,resolved by sex
6000000003853869044,Joan,F,Q1484457,resolved by sex
6000000003890954181,Joan,F,Q1484457,resolved by sex
6000000003977061954,Joan,M,Q1484457,resolved by sex
6000000003977061954,Joan,M,Q1484457,resolved by sex
6000000004094686141,Joan,F,Q1484457,resolved by sex
6000000004287066261,Joan,F,Q1484457,resolved by sex
6000000004287083189,Joan,F,Q1484457,resolved by sex
6000000004303275587,Joan,F,Q1484457,resolved by sex
6000000004334950032,Joan,F,Q1484457,resolved by sex
6000000004369428853,Joan,F,Q1484457,resolved by sex
6000000004532600932,Joan,F,Q1484457,resolved by sex
6000000004539069302,Joan,F,Q1484457,resolved by sex
6000000004631006000,Joan,F,Q1484457,resolved by sex
6000000004631009018,Joan,F,Q1484457,resolved by sex
6000000004662218899,Joan,F,Q1484457,resolved by sex
6000000004990919585,Joan,F,Q1484457,resolved by sex
6000000005076956262,Joan,F,Q1484457,resolved by sex
6000000005081881525,Joan,F,Q1484457,resolved by sex
6000000005081932094,Joan,F,Q1484457,resolved by sex
6000000005082068201,Joan,F,Q1484457,resolved by sex
6000000005082277559,Joan,F,Q1484457,resolved by sex
6000000005360237249,Joan,F,Q1484457,resolved by sex
6000000005792996899,Joan,F,Q1484457,resolved by sex
6000000006087463248,Joan,F,Q1484457,resolved by sex
6000000006100839591,Joan,F,Q1484457,resolved by sex
6000000006110683005,Joan,F,Q1484457,resolved by sex
6000000006150431957,Joan,F,Q1484457,resolved by sex
6000000006420967728,Joan,F,Q1484457,resolved by sex
6000000006444052481,Joan,F,Q1484457,resolved by sex
6000000006444130842,Joan,F,Q1484457,resolved by sex
6000000006444171245,Joan,F,Q1484457,resolved by sex
6000000006444220958,Joan,F,Q1484457,resolved by sex
6000000006444226265,Joan,F,Q1484457,resolved by sex
6000000006444235111,Joan,F,Q1484457,resolved by sex
6000000006444278362,Joan,F,Q1484457,resolved by sex
6000000006444283833,Joan,F,Q1484457,resolved by sex
6000000006444391271,Joan,F,Q1484457,resolved by sex
6000000006444392907,Joan,F,Q1484457,resolved by sex
6000000006444632820,Joan,F,Q1484457,resolved by sex
6000000006444652101,Joan,F,Q1484457,resolved by sex
6000000006444665995,Joan,F,Q1484457,resolved by sex
6000000006444679521,Joan,F,Q1484457,resolved by sex
6000000006444730439,Joan,F,Q1484457,resolved by sex
6000000006444790083,Joan,F,Q1484457,resolved by sex
6000000006567141957,Joan,F,Q1484457,resolved by sex
6000000006589406117,Joan,F,Q1484457,resolved by sex
6000000006596558501,Joan,F,Q1484457,resolved by sex
6000000006598973938,Joan,F,Q1484457,resolved by sex
6000000006727926508,Joan,F,Q1484457,resolved by sex
6000000006900951412,Joan,F,Q1484457,resolved by sex
6000000006906844226,Joan,F,Q1484457,resolved by sex
6000000006963953318,Joan,F,Q1484457,resolved by sex
6000000007004236133,Joan,F,Q1484457,resolved by sex
6000000007104378952,Joan,F,Q1484457,resolved by sex
6000000007320500743,Joan,M,Q1484457,resolved by sex
6000000007336914855,Joan,F,Q1484457,resolved by sex
6000000007355744400,Joan,M,Q1484457,resolved by sex
6000000007418395468,Joan,F,Q1484457,resolved by sex
6000000007605755021,Joan,F,Q1484457,resolved by sex
6000000007606027563,Joan,F,Q1484457,resolved by sex
6000000007606071508,Joan,F,Q1484457,resolved by sex
6000000007606420727,Joan,F,Q1484457,resolved by sex
6000000007758448400,Joan,M,Q1484457,resolved by sex
6000000007775914086,Joan,F,Q1484457,resolved by sex
6000000007913052547,Joan,F,Q1484457,resolved by sex
6000000008018558706,Joan,F,Q1484457,resolved by sex
6000000008027865615,Joan,F,Q1484457,resolved by sex
6000000008062045754,Joan,F,Q1484457,resolved by sex
6000000008147558057,Joan,F,Q1484457,resolved by sex
6000000008176795162,Joan,F,Q1484457,resolved by sex
6000000008204424740,Joan,F,Q1484457,resolved by sex
6000000008320131066,Joan,F,Q1484457,resolved by sex
6000000008630696706,Joan,F,Q1484457,resolved by sex
6000000008863429135,Joan,F,Q1484457,resolved by sex
6000000008863681676,Joan,F,Q1484457,resolved by sex
6000000008873953217,Joan,F,Q1484457,resolved by sex
6000000009617345509,Joan,F,Q1484457,resolved by sex
6000000010132051687,Joan,F,Q1484457,resolved by sex
6000000010529511845,Joan,M,Q1484457,resolved by sex
6000000010841633369,Joan,F,Q1484457,resolved by sex
6000000010868688164,Joan,F,Q1484457,resolved by sex
6000000010895617809,Joan,M,Q1484457,resolved by sex
6000000010924941635,Joan,F,Q1484457,resolved by sex
6000000011035379847,Joan,M,Q1484457,resolved by sex
6000000011101464020,Joan,F,Q1484457,resolved by sex
6000000011583827223,Joan,F,Q1484457,resolved by sex
6000000011984775796,Joan,F,Q1484457,resolved by sex
6000000012168538590,Joan,F,Q1484457,resolved by sex
6000000012384366632,Joan,F,Q1484457,resolved by sex
6000000012418522309,Joan,M,Q1484457,resolved by sex
6000000012526974847,Joan,F,Q1484457,resolved by sex
6000000012738036784,Joan,M,Q1484457,resolved by sex
6000000012750796657,Joan,M,Q1484457,resolved by sex
6000000012764102753,Joan,M,Q1484457,resolved by sex
6000000012876944061,Joan,F,Q1484457,resolved by sex
6000000012982663250,Joan,F,Q1484457,resolved by sex
6000000013397760747,Joan,F,Q1484457,resolved by sex
6000000013433064378,Joan,F,Q1484457,resolved by sex
6000000013745393711,Joan,M,Q1484457,resolved by sex
6000000014121133464,Joan,F,Q1484457,resolved by sex
6000000014126222164,Joan,F,Q1484457,resolved by sex
6000000014484860951,Joan,F,Q1484457,resolved by sex
6000000014651619088,Joan,F,Q1484457,resolved by sex
6000000014969591514,Joan,F,Q1484457,resolved by sex
6000000015066183249,Joan,F,Q1484457,resolved by sex
6000000015474886131,Joan,F,Q1484457,resolved by sex
6000000016225064353,Joan,F,Q1484457,resolved by sex
6000000016481650380,Joan,M,Q1484457,resolved by sex
6000000017627834985,Joan,F,Q1484457,resolved by sex
6000000017771755074,Joan,F,Q1484457,resolved by sex
6000000018308796827,Joan,F,Q1484457,resolved by sex
6000000018496114233,Joan,F,Q1484457,resolved by sex
6000000018623047780,Joan,F,Q1484457,resolved by sex
6000000019165728539,Joan,F,Q1484457,resolved by sex
6000000019806671828,Joan,F,Q1484457,resolved by sex
6000000020138630415,Joan,F,Q1484457,resolved by sex
6000000020266560380,Joan,F,Q1484457,resolved by sex
6000000020279057586,Joan,F,Q1484457,resolved by sex
6000000020759872754,Joan,F,Q1484457,resolved by sex
6000000020948983443,Joan,F,Q1484457,resolved by sex
6000000020985340374,Joan,F,Q1484457,resolved by sex
6000000021514653577,Joan,M,Q1484457,resolved by sex
6000000021514940942,Joan,M,Q1484457,resolved by sex
6000000021986617939,Joan,M,Q1484457,resolved by sex
6000000022164650527,Joan,F,Q1484457,resolved by sex
6000000022351277991,Joan,F,Q1484457,resolved by sex
6000000022407835020,Joan,F,Q1484457,resolved by sex
6000000023205974998,Joan,F,Q1484457,resolved by sex
6000000023666976068,Joan,F,Q1484457,resolved by sex
6000000023909556980,Joan,F,Q1484457,resolved by sex
6000000024142290049,Joan,F,Q1484457,resolved by sex
6000000024198428765,Joan,F,Q1484457,resolved by sex
6000000024252929367,Joan,F,Q1484457,resolved by sex
6000000024333917706,Joan,F,Q1484457,resolved by sex
6000000024447581404,Joan,F,Q1484457,resolved by sex
6000000024448867570,Joan,F,Q1484457,resolved by sex
6000000024461137511,Joan,F,Q1484457,resolved by sex
6000000024462343245,Joan,F,Q1484457,resolved by sex
6000000025188894759,Joan,F,Q1484457,resolved by sex
6000000025308371805,Joan,F,Q1484457,resolved by sex
6000000025330199108,Joan,F,Q1484457,resolved by sex
6000000026093963209,Joan,M,Q1484457,resolved by sex
6000000026891257129,Joan,F,Q1484457,resolved by sex
6000000027026922097,Joan,F,Q1484457,resolved by sex
6000000028392676803,Joan,F,Q1484457,resolved by sex
6000000028911918105,Joan,F,Q1484457,resolved by sex
6000000030547519137,Joan,F,Q1484457,resolved by sex
6000000030602797819,Joan,F,Q1484457,resolved by sex
6000000031850777306,Joan,F,Q1484457,resolved by sex
6000000032042680899,Joan,F,Q1484457,resolved by sex
6000000032042697906,Joan,F,Q1484457,resolved by sex
6000000033347680068,Joan,F,Q1484457,resolved by sex
6000000034123897089,Joan,F,Q1484457,resolved by sex
6000000035141768978,Joan,F,Q1484457,resolved by sex
6000000035373156822,Joan,F,Q1484457,resolved by sex
6000000035944766343,Joan,M,Q1484457,resolved by sex
6000000039404510460,Joan,F,Q1484457,resolved by sex
6000000040833828033,Joan,F,Q1484457,resolved by sex
6000000041572504335,Joan,F,Q1484457,resolved by sex
6000000042188396080,Joan,F,Q1484457,resolved by sex
6000000043124880221,Joan,F,Q1484457,resolved by sex
6000000044312331687,Joan,F,Q1484457,resolved by sex
6000000044365399022,Joan,F,Q1484457,resolved by sex
6000000044520180226,Joan,F,Q1484457,resolved by sex
6000000046864057294,Joan,F,Q1484457,resolved by sex
6000000047052383942,Joan,F,Q1484457,resolved by sex
6000000051436683871,Joan,F,Q1484457,resolved by sex
6000000051489771895,Joan,F,Q1484457,resolved by sex
6000000052015713337,Joan,M,Q1484457,resolved by sex
6000000055148898004,Joan,F,Q1484457,resolved by sex
6000000055390577096,Joan,F,Q1484457,resolved by sex
6000000055391205829,Joan,F,Q1484457,resolved by sex
6000000055807078843,Joan,F,Q1484457,resolved by sex
6000000057206225921,Joan,F,Q1484457,resolved by sex
6000000062015178921,Joan,F,Q1484457,resolved by sex
6000000067610917906,Joan,F,Q1484457,resolved by sex
6000000072231082860,Joan,F,Q1484457,resolved by sex
6000000073212589159,Joan,M,Q1484457,resolved by sex
6000000073224571963,Joan,F,Q1484457,resolved by sex
6000000073396373832,Joan,F,Q1484457,resolved by sex
6000000073591224367,Joan,F,Q1484457,resolved by sex
6000000073816285168,Joan,F,Q1484457,resolved by sex
6000000074358891297,Joan,F,Q1484457,resolved by sex
6000000075252560873,Joan,F,Q1484457,resolved by sex
6000000075299327928,Joan,F,Q1484457,resolved by sex
6000000075404046892,Joan,F,Q1484457,resolved by sex
6000000077047707768,Joan,F,Q1484457,resolved by sex
6000000077628698607,Joan,F,Q1484457,resolved by sex
6000000079036395109,Joan,F,Q1484457,resolved by sex
6000000079790149167,Joan,F,Q1484457,resolved by sex
6000000085261386856,Joan,F,Q1484457,resolved by sex
6000000089414141917,Joan,F,Q1484457,resolved by sex
6000000089812733050,Joan,F,Q1484457,resolved by sex
6000000089910318985,Joan,F,Q1484457,resolved by sex
6000000097520993045,Joan,F,Q1484457,resolved by sex
6000000102533342986,Joan,M,Q1484457,resolved by sex
6000000105856744887,Joan,F,Q1484457,resolved by sex
6000000120546002880,Joan,F,Q1484457,resolved by sex
6000000124461694998,Joan,F,Q1484457,resolved by sex
6000000138654076849,Joan,F,Q1484457,resolved by sex
6000000164382117821,Joan,M,Q1484457,resolved by sex
6000000165720915833,Joan,M,Q1484457,resolved by sex
6000000173865792259,Joan,F,Q1484457,resolved by sex
6000000174459760937,Joan,F,Q1484457,resolved by sex
6000000174480961823,Joan,F,Q1484457,resolved by sex
6000000175584897848,Joan,F,Q1484457,resolved by sex
6000000177921458899,Joan,F,Q1484457,resolved by sex
6000000177921458899,Joan,F,Q1484457,resolved by sex
6000000181195659081,Joan,F,Q1484457,resolved by sex
6000000182668136834,Joan,F,Q1484457,resolved by sex
6000000186014882612,Joan,F,Q1484457,resolved by sex
6000000186016496028,Joan,F,Q1484457,resolved by sex
6000000186110043826,Joan,M,Q1484457,resolved by sex
6000000186111084831,Joan,M,Q1484457,resolved by sex
6000000186195101909,Joan,M,Q1484457,resolved by sex
6000000186207034027,Joan,M,Q1484457,resolved by sex
6000000188141815908,Joan,F,Q1484457,resolved by sex
6000000190028176830,Joan,M,Q1484457,resolved by sex
6000000192722883856,Joan,F,Q1484457,resolved by sex
6000000194622633897,Joan,F,Q1484457,resolved by sex
6000000196763972009,Joan,F,Q1484457,resolved by sex
6000000197010400835,Joan,F,Q1484457,resolved by sex
6000000199252151845,Joan,F,Q1484457,resolved by sex
6000000201937979856,Joan,F,Q1484457,resolved by sex
6000000203020102826,Joan,F,Q1484457,resolved by sex
6000000203064338882,Joan,F,Q1484457,resolved by sex
6000000204849702854,Joan,F,Q1484457,resolved by sex
6000000206510928827,Joan,F,Q1484457,resolved by sex
6000000209749294847,Joan,F,Q1484457,resolved by sex
6000000211464958821,Joan,F,Q1484457,resolved by sex
6000000213005362847,Joan,F,Q1484457,resolved by sex
6000000213250972837,Joan,F,Q1484457,resolved by sex
6000000213253985867,Joan,F,Q1484457,resolved by sex
6000000214304676821,Joan,F,Q1484457,resolved by sex
6000000218502009855,Joan,F,Q1484457,resolved by sex
6000000218505795836,Joan,F,Q1484457,resolved by sex
6000000218774513821,Joan,F,Q1484457,resolved by sex
6000000220615294528,Joan,F,Q1484457,resolved by sex
6000000222972438843,Joan,F,Q1484457,resolved by sex
6000000223483976852,Joan,F,Q1484457,resolved by sex
6000000223756659847,Joan,F,Q1484457,resolved by sex
6000000225896375484,Joan,F,Q1484457,resolved by sex
6000000225896375505,Joan,F,Q1484457,resolved by sex
6000000226596715831,Joan,F,Q1484457,resolved by sex
6000000226747113839,Joan,F,Q1484457,resolved by sex
6000000003858799578,Joann,M,Q132582447,resolved by sex
6000000187276997281,Joann,F,Q20898997,resolved by sex
2083781,Jose,M,Q19801116,resolved by sex
2147370,Jose,M,Q19801116,resolved by sex
2147423,Jose,M,Q19801116,resolved by sex
2341441,Jose,M,Q19801116,resolved by sex
299006296890003709,Jose,M,Q19801116,resolved by sex
321752517110004866,Jose,M,Q19801116,resolved by sex
321928351660002343,Jose,M,Q19801116,resolved by sex
383457005640012389,Jose,M,Q19801116,resolved by sex
383646128820012460,Jose,M,Q19801116,resolved by sex
383646128820012460,Jose,M,Q19801116,resolved by sex
383646982530013555,Jose,M,Q19801116,resolved by sex
383653662840011454,Jose,M,Q19801116,resolved by sex
383661468020002240,Jose,M,Q19801116,resolved by sex
383661468020002240,Jose,M,Q19801116,resolved by sex
3996130,Jose,M,Q19801116,resolved by sex
3996174,Jose,M,Q19801116,resolved by sex
4104912028970036893,Jose,M,Q19801116,resolved by sex
4238076132180058811,Jose,M,Q19801116,resolved by sex
4322249105850054962,Jose,M,Q19801116,resolved by sex
4322278010990068526,Jose,M,Q19801116,resolved by sex
4325073903340069379,Jose,M,Q19801116,resolved by sex
4447579124480032873,Jose,M,Q19801116,resolved by sex
4447741687250120176,Jose,M,Q19801116,resolved by sex
4448328745290026851,Jose,M,Q19801116,resolved by sex
4448490345930033127,Jose,M,Q19801116,resolved by sex
4523876074720061773,Jose,M,Q19801116,resolved by sex
4596204281630126469,Jose,M,Q19801116,resolved by sex
4704288853130123198,Jose,M,Q19801116,resolved by sex
4715861859980126215,Jose,M,Q19801116,resolved by sex
4728811292570126422,Jose,M,Q19801116,resolved by sex
5268641073880102741,Jose,M,Q19801116,resolved by sex
6000000000307815315,Jose,M,Q19801116,resolved by sex
6000000000400710215,Jose,M,Q19801116,resolved by sex
6000000000400742289,Jose,M,Q19801116,resolved by sex
6000000000400773733,Jose,M,Q19801116,resolved by sex
6000000000401588441,Jose,M,Q19801116,resolved by sex
6000000000478914810,Jose,M,Q19801116,resolved by sex
6000000000596393363,Jose,M,Q19801116,resolved by sex
6000000000839775022,Jose,M,Q19801116,resolved by sex
6000000000844016178,Jose,M,Q19801116,resolved by sex
6000000000844398207,Jose,M,Q19801116,resolved by sex
6000000000866921085,Jose,M,Q19801116,resolved by sex
6000000000907430983,Jose,M,Q19801116,resolved by sex
6000000000907470102,Jose,M,Q19801116,resolved by sex
6000000000907477631,Jose,M,Q19801116,resolved by sex
6000000000972698391,Jose,M,Q19801116,resolved by sex
6000000001256900495,Jose,M,Q19801116,resolved by sex
6000000001327488747,Jose,M,Q19801116,resolved by sex
6000000001404833525,Jose,M,Q19801116,resolved by sex
6000000001500760026,Jose,M,Q19801116,resolved by sex
6000000001500794031,Jose,M,Q19801116,resolved by sex
6000000001511489556,Jose,M,Q19801116,resolved by sex
6000000001579468273,Jose,M,Q19801116,resolved by sex
6000000001579468640,Jose,M,Q19801116,resolved by sex
6000000001667843986,Jose,M,Q19801116,resolved by sex
6000000001699545053,Jose,M,Q19801116,resolved by sex
6000000001781698310,Jose,M,Q19801116,resolved by sex
6000000001781704421,Jose,M,Q19801116,resolved by sex
6000000001781704488,Jose,M,Q19801116,resolved by sex
6000000003187880274,Jose,M,Q19801116,resolved by sex
6000000003422672337,Jose,M,Q19801116,resolved by sex
6000000003624314520,Jose,M,Q19801116,resolved by sex
6000000003638486150,Jose,F,Q66827733,resolved by sex
6000000004069207094,Jose,M,Q19801116,resolved by sex
6000000004271557332,Jose,M,Q19801116,resolved by sex
6000000005102158065,Jose,M,Q19801116,resolved by sex
6000000005384857599,Jose,M,Q19801116,resolved by sex
6000000005385543289,Jose,M,Q19801116,resolved by sex
6000000005391964383,Jose,M,Q19801116,resolved by sex
6000000005392067509,Jose,M,Q19801116,resolved by sex
6000000005438898792,Jose,M,Q19801116,resolved by sex
6000000005525804001,Jose,M,Q19801116,resolved by sex
6000000006093581043,Jose,M,Q19801116,resolved by sex
6000000006129620028,Jose,M,Q19801116,resolved by sex
6000000006129620137,Jose,M,Q19801116,resolved by sex
6000000006129620469,Jose,M,Q19801116,resolved by sex
6000000006129620821,Jose,M,Q19801116,resolved by sex
6000000006907257316,Jose,F,Q66827733,resolved by sex
6000000007305657262,Jose,M,Q19801116,resolved by sex
6000000007305657462,Jose,M,Q19801116,resolved by sex
6000000007305657462,Jose,M,Q19801116,resolved by sex
6000000007305657668,Jose,M,Q19801116,resolved by sex
6000000007305657898,Jose,M,Q19801116,resolved by sex
6000000007305657967,Jose,M,Q19801116,resolved by sex
6000000007305661497,Jose,M,Q19801116,resolved by sex
6000000007384777401,Jose,M,Q19801116,resolved by sex
6000000007384777401,Jose,M,Q19801116,resolved by sex
6000000007435960222,Jose,M,Q19801116,resolved by sex
6000000007576944602,Jose,M,Q19801116,resolved by sex
6000000007711689941,Jose,M,Q19801116,resolved by sex
6000000007711689946,Jose,M,Q19801116,resolved by sex
6000000007711689956,Jose,M,Q19801116,resolved by sex
6000000007712019352,Jose,M,Q19801116,resolved by sex
6000000007712047227,Jose,M,Q19801116,resolved by sex
6000000007912962724,Jose,M,Q19801116,resolved by sex
6000000008137798515,Jose,M,Q19801116,resolved by sex
6000000008593414203,Jose,M,Q19801116,resolved by sex
6000000008642119084,Jose,M,Q19801116,resolved by sex
6000000008642343693,Jose,M,Q19801116,resolved by sex
6000000008642569374,Jose,M,Q19801116,resolved by sex
6000000008642990006,Jose,M,Q19801116,resolved by sex
6000000008643095837,Jose,M,Q19801116,resolved by sex
6000000008643109765,Jose,F,Q66827733,resolved by sex
6000000008643111327,Jose,M,Q19801116,resolved by sex
6000000008643784407,Jose,M,Q19801116,resolved by sex
6000000008937164071,Jose,M,Q19801116,resolved by sex
6000000009459130384,Jose,M,Q19801116,resolved by sex
6000000009689399288,Jose,M,Q19801116,resolved by sex
6000000009812143631,Jose,M,Q19801116,resolved by sex
6000000009939376225,Jose,M,Q19801116,resolved by sex
6000000010050163513,Jose,M,Q19801116,resolved by sex
6000000010072086070,Jose,M,Q19801116,resolved by sex
6000000010123089759,Jose,M,Q19801116,resolved by sex
6000000010134481379,Jose,M,Q19801116,resolved by sex
6000000010154347090,Jose,M,Q19801116,resolved by sex
6000000010198516349,Jose,M,Q19801116,resolved by sex
6000000010198609360,Jose,M,Q19801116,resolved by sex
6000000010218410572,Jose,M,Q19801116,resolved by sex
6000000010223174686,Jose,M,Q19801116,resolved by sex
6000000010453637845,Jose,M,Q19801116,resolved by sex
6000000010453939492,Jose,M,Q19801116,resolved by sex
6000000010563310128,Jose,M,Q19801116,resolved by sex
6000000010564026632,Jose,M,Q19801116,resolved by sex
6000000010573390805,Jose,M,Q19801116,resolved by sex
6000000010576476012,Jose,M,Q19801116,resolved by sex
6000000010576476012,Jose,M,Q19801116,resolved by sex
6000000010640198935,Jose,M,Q19801116,resolved by sex
6000000010722427343,Jose,M,Q19801116,resolved by sex
6000000010819699780,Jose,M,Q19801116,resolved by sex
6000000010832419159,Jose,M,Q19801116,resolved by sex
6000000010833113280,Jose,M,Q19801116,resolved by sex
6000000010926098141,Jose,M,Q19801116,resolved by sex
6000000011106387119,Jose,M,Q19801116,resolved by sex
6000000011152051920,Jose,M,Q19801116,resolved by sex
6000000011163534133,Jose,M,Q19801116,resolved by sex
6000000011264431990,Jose,M,Q19801116,resolved by sex
6000000011264431990,Jose,M,Q19801116,resolved by sex
6000000011264431990,Jose,M,Q19801116,resolved by sex
6000000011266130449,Jose,M,Q19801116,resolved by sex
6000000011276300014,Jose,M,Q19801116,resolved by sex
6000000011277290204,Jose,M,Q19801116,resolved by sex
6000000011278094531,Jose,M,Q19801116,resolved by sex
6000000011367368827,Jose,M,Q19801116,resolved by sex
6000000012140553537,Jose,M,Q19801116,resolved by sex
6000000012184335101,Jose,M,Q19801116,resolved by sex
6000000012287706934,Jose,M,Q19801116,resolved by sex
6000000012381262765,Jose,M,Q19801116,resolved by sex
6000000012402633559,Jose,M,Q19801116,resolved by sex
6000000012472281094,Jose,M,Q19801116,resolved by sex
6000000012472321771,Jose,M,Q19801116,resolved by sex
6000000012472393746,Jose,M,Q19801116,resolved by sex
6000000012472577619,Jose,M,Q19801116,resolved by sex
6000000012507859259,Jose,M,Q19801116,resolved by sex
6000000012643394594,Jose,M,Q19801116,resolved by sex
6000000012737417289,Jose,M,Q19801116,resolved by sex
6000000012737437292,Jose,M,Q19801116,resolved by sex
6000000013052289489,Jose,M,Q19801116,resolved by sex
6000000013335008681,Jose,M,Q19801116,resolved by sex
6000000013517189754,Jose,M,Q19801116,resolved by sex
6000000013573223024,Jose,M,Q19801116,resolved by sex
6000000013625624835,Jose,M,Q19801116,resolved by sex
6000000013627551318,Jose,M,Q19801116,resolved by sex
6000000013716523553,Jose,F,Q66827733,resolved by sex
6000000013762160023,Jose,M,Q19801116,resolved by sex
6000000013762468231,Jose,M,Q19801116,resolved by sex
6000000014075806169,Jose,M,Q19801116,resolved by sex
6000000014294104646,Jose,M,Q19801116,resolved by sex
6000000014294544029,Jose,M,Q19801116,resolved by sex
6000000014295005472,Jose,M,Q19801116,resolved by sex
6000000014352344396,Jose,M,Q19801116,resolved by sex
6000000014441392935,Jose,M,Q19801116,resolved by sex
6000000014453654587,Jose,M,Q19801116,resolved by sex
6000000014467283814,Jose,M,Q19801116,resolved by sex
6000000014577518394,Jose,M,Q19801116,resolved by sex
6000000014686670162,Jose,M,Q19801116,resolved by sex
6000000014727130109,Jose,M,Q19801116,resolved by sex
6000000014806201701,Jose,M,Q19801116,resolved by sex
6000000014860987436,Jose,M,Q19801116,resolved by sex
6000000014862575413,Jose,M,Q19801116,resolved by sex
6000000014866925953,Jose,M,Q19801116,resolved by sex
6000000015119728039,Jose,M,Q19801116,resolved by sex
6000000015134079390,Jose,M,Q19801116,resolved by sex
6000000015356429988,Jose,M,Q19801116,resolved by sex
6000000015379553057,Jose,M,Q19801116,resolved by sex
6000000015774248386,Jose,M,Q19801116,resolved by sex
6000000015905153208,Jose,M,Q19801116,resolved by sex
6000000016292408552,Jose,M,Q19801116,resolved by sex
6000000016465631546,Jose,M,Q19801116,resolved by sex
6000000016577421104,Jose,M,Q19801116,resolved by sex
6000000017400542210,Jose,M,Q19801116,resolved by sex
6000000017518569893,Jose,M,Q19801116,resolved by sex
6000000017637178231,Jose,M,Q19801116,resolved by sex
6000000017962553172,Jose,M,Q19801116,resolved by sex
6000000017962906868,Jose,M,Q19801116,resolved by sex
6000000017963035129,Jose,M,Q19801116,resolved by sex
6000000018052191080,Jose,M,Q19801116,resolved by sex
6000000018417247966,Jose,M,Q19801116,resolved by sex
6000000018681267107,Jose,M,Q19801116,resolved by sex
6000000018861479964,Jose,M,Q19801116,resolved by sex
6000000018906280554,Jose,M,Q19801116,resolved by sex
6000000018936465819,Jose,M,Q19801116,resolved by sex
6000000018962478525,Jose,M,Q19801116,resolved by sex
6000000019444836286,Jose,M,Q19801116,resolved by sex
6000000019444918115,Jose,M,Q19801116,resolved by sex
6000000019498506286,Jose,M,Q19801116,resolved by sex
6000000019658770019,Jose,M,Q19801116,resolved by sex
6000000019736714566,Jose,M,Q19801116,resolved by sex
6000000019736714566,Jose,M,Q19801116,resolved by sex
6000000020025782843,Jose,M,Q19801116,resolved by sex
6000000020581022072,Jose,M,Q19801116,resolved by sex
6000000020589663639,Jose,M,Q19801116,resolved by sex
6000000020933724788,Jose,M,Q19801116,resolved by sex
6000000021095505077,Jose,M,Q19801116,resolved by sex
6000000021095505077,Jose,M,Q19801116,resolved by sex
6000000021119460646,Jose,M,Q19801116,resolved by sex
6000000021164563686,Jose,M,Q19801116,resolved by sex
6000000021164972295,Jose,M,Q19801116,resolved by sex
6000000021569202101,Jose,M,Q19801116,resolved by sex
6000000021705010831,Jose,M,Q19801116,resolved by sex
6000000022410725323,Jose,M,Q19801116,resolved by sex
6000000022875665741,Jose,M,Q19801116,resolved by sex
6000000023000503080,Jose,M,Q19801116,resolved by sex
6000000023237731456,Jose,M,Q19801116,resolved by sex
6000000023252152743,Jose,M,Q19801116,resolved by sex
6000000023262652969,Jose,M,Q19801116,resolved by sex
6000000023329689890,Jose,M,Q19801116,resolved by sex
6000000023710503137,Jose,M,Q19801116,resolved by sex
6000000023911146102,Jose,M,Q19801116,resolved by sex
6000000023911241078,Jose,M,Q19801116,resolved by sex
6000000023911858679,Jose,M,Q19801116,resolved by sex
6000000024321749282,Jose,M,Q19801116,resolved by sex
6000000024374890682,Jose,M,Q19801116,resolved by sex
6000000024375158970,Jose,M,Q19801116,resolved by sex
6000000024570988518,Jose,M,Q19801116,resolved by sex
6000000024571007253,Jose,M,Q19801116,resolved by sex
6000000024612443681,Jose,M,Q19801116,resolved by sex
6000000025083546554,Jose,M,Q19801116,resolved by sex
6000000025086415904,Jose,M,Q19801116,resolved by sex
6000000025228335660,Jose,M,Q19801116,resolved by sex
6000000025228531331,Jose,M,Q19801116,resolved by sex
6000000025228726043,Jose,M,Q19801116,resolved by sex
6000000025228820149,Jose,M,Q19801116,resolved by sex
6000000025258720745,Jose,M,Q19801116,resolved by sex
6000000025298430697,Jose,M,Q19801116,resolved by sex
6000000025298780362,Jose,M,Q19801116,resolved by sex
6000000025298826278,Jose,M,Q19801116,resolved by sex
6000000025415739137,Jose,M,Q19801116,resolved by sex
6000000025417336878,Jose,M,Q19801116,resolved by sex
6000000025445369818,Jose,M,Q19801116,resolved by sex
6000000025446148377,Jose,M,Q19801116,resolved by sex
6000000025446241804,Jose,M,Q19801116,resolved by sex
6000000025514183305,Jose,M,Q19801116,resolved by sex
6000000026054903230,Jose,M,Q19801116,resolved by sex
6000000026283087863,Jose,M,Q19801116,resolved by sex
6000000026355707698,Jose,M,Q19801116,resolved by sex
6000000026393632196,Jose,M,Q19801116,resolved by sex
6000000026715412087,Jose,M,Q19801116,resolved by sex
6000000026716430444,Jose,M,Q19801116,resolved by sex
6000000026716430464,Jose,M,Q19801116,resolved by sex
6000000026744760740,Jose,M,Q19801116,resolved by sex
6000000026767084871,Jose,M,Q19801116,resolved by sex
6000000026782398920,Jose,M,Q19801116,resolved by sex
6000000026797264289,Jose,M,Q19801116,resolved by sex
6000000026997061036,Jose,M,Q19801116,resolved by sex
6000000027019140420,Jose,M,Q19801116,resolved by sex
6000000027420920203,Jose,M,Q19801116,resolved by sex
6000000027421149946,Jose,M,Q19801116,resolved by sex
6000000027468466805,Jose,M,Q19801116,resolved by sex
6000000027468466805,Jose,M,Q19801116,resolved by sex
6000000027470404536,Jose,M,Q19801116,resolved by sex
6000000027470707141,Jose,M,Q19801116,resolved by sex
6000000027510256852,Jose,M,Q19801116,resolved by sex
6000000027520794171,Jose,M,Q19801116,resolved by sex
6000000027525699276,Jose,M,Q19801116,resolved by sex
6000000027525743973,Jose,M,Q19801116,resolved by sex
6000000027525743973,Jose,M,Q19801116,resolved by sex
6000000027578632080,Jose,M,Q19801116,resolved by sex
6000000027627045166,Jose,M,Q19801116,resolved by sex
6000000027627045172,Jose,M,Q19801116,resolved by sex
6000000027627166259,Jose,M,Q19801116,resolved by sex
6000000027647266233,Jose,M,Q19801116,resolved by sex
6000000027741773703,Jose,M,Q19801116,resolved by sex
6000000027929175149,Jose,M,Q19801116,resolved by sex
6000000028128682934,Jose,M,Q19801116,resolved by sex
6000000028128722359,Jose,M,Q19801116,resolved by sex
6000000028504936893,Jose,M,Q19801116,resolved by sex
6000000028563288997,Jose,M,Q19801116,resolved by sex
6000000029267364080,Jose,M,Q19801116,resolved by sex
6000000029341770436,Jose,M,Q19801116,resolved by sex
6000000029341790145,Jose,M,Q19801116,resolved by sex
6000000029829415015,Jose,M,Q19801116,resolved by sex
6000000030477499984,Jose,M,Q19801116,resolved by sex
6000000030572170967,Jose,M,Q19801116,resolved by sex
6000000030572182642,Jose,M,Q19801116,resolved by sex
6000000030626639343,Jose,M,Q19801116,resolved by sex
6000000030626639343,Jose,M,Q19801116,resolved by sex
6000000031011085287,Jose,M,Q19801116,resolved by sex
6000000031483633005,Jose,M,Q19801116,resolved by sex
6000000031871569821,Jose,M,Q19801116,resolved by sex
6000000032608456584,Jose,M,Q19801116,resolved by sex
6000000033268162491,Jose,M,Q19801116,resolved by sex
6000000034084524431,Jose,M,Q19801116,resolved by sex
6000000034497962686,Jose,M,Q19801116,resolved by sex
6000000034498523141,Jose,M,Q19801116,resolved by sex
6000000034703499055,Jose,M,Q19801116,resolved by sex
6000000035346386460,Jose,M,Q19801116,resolved by sex
6000000036182625432,Jose,M,Q19801116,resolved by sex
6000000037543338253,Jose,M,Q19801116,resolved by sex
6000000038246312533,Jose,M,Q19801116,resolved by sex
6000000038261569652,Jose,M,Q19801116,resolved by sex
6000000038261981202,Jose,M,Q19801116,resolved by sex
6000000038294626257,Jose,M,Q19801116,resolved by sex
6000000039077649432,Jose,M,Q19801116,resolved by sex
6000000039155351549,Jose,M,Q19801116,resolved by sex
6000000039275505887,Jose,M,Q19801116,resolved by sex
6000000039275505887,Jose,M,Q19801116,resolved by sex
6000000039403234351,Jose,M,Q19801116,resolved by sex
6000000039568499505,Jose,M,Q19801116,resolved by sex
6000000039788216833,Jose,M,Q19801116,resolved by sex
6000000039891700266,Jose,M,Q19801116,resolved by sex
6000000040110297222,Jose,M,Q19801116,resolved by sex
6000000040114390717,Jose,M,Q19801116,resolved by sex
6000000040309298964,Jose,M,Q19801116,resolved by sex
6000000040508931039,Jose,M,Q19801116,resolved by sex
6000000041168146274,Jose,M,Q19801116,resolved by sex
6000000041390251305,Jose,M,Q19801116,resolved by sex
6000000041526073025,Jose,M,Q19801116,resolved by sex
6000000041937133157,Jose,M,Q19801116,resolved by sex
6000000042196224965,Jose,M,Q19801116,resolved by sex
6000000042444467763,Jose,M,Q19801116,resolved by sex
6000000042650350705,Jose,M,Q19801116,resolved by sex
6000000044466684105,Jose,M,Q19801116,resolved by sex
6000000046246070213,Jose,M,Q19801116,resolved by sex
6000000046301336186,Jose,M,Q19801116,resolved by sex
6000000047517011938,Jose,M,Q19801116,resolved by sex
6000000048518288044,Jose,M,Q19801116,resolved by sex
6000000050334842935,Jose,M,Q19801116,resolved by sex
6000000050978171854,Jose,M,Q19801116,resolved by sex
6000000051190689833,Jose,M,Q19801116,resolved by sex
6000000051705568880,Jose,M,Q19801116,resolved by sex
6000000051763985845,Jose,M,Q19801116,resolved by sex
6000000052360098185,Jose,M,Q19801116,resolved by sex
6000000052436069062,Jose,M,Q19801116,resolved by sex
6000000052530578876,Jose,M,Q19801116,resolved by sex
6000000052823561095,Jose,M,Q19801116,resolved by sex
6000000052826732870,Jose,M,Q19801116,resolved by sex
6000000054138823002,Jose,M,Q19801116,resolved by sex
6000000054138985838,Jose,M,Q19801116,resolved by sex
6000000055466376980,Jose,M,Q19801116,resolved by sex
6000000056394961950,Jose,M,Q19801116,resolved by sex
6000000056945132958,Jose,M,Q19801116,resolved by sex
6000000057160913920,Jose,M,Q19801116,resolved by sex
6000000057598285534,Jose,M,Q19801116,resolved by sex
6000000057930351959,Jose,M,Q19801116,resolved by sex
6000000058174794878,Jose,M,Q19801116,resolved by sex
6000000058175363860,Jose,M,Q19801116,resolved by sex
6000000058937932985,Jose,M,Q19801116,resolved by sex
6000000059655729821,Jose,M,Q19801116,resolved by sex
6000000059783287074,Jose,M,Q19801116,resolved by sex
6000000065063166358,Jose,M,Q19801116,resolved by sex
6000000065066057017,Jose,M,Q19801116,resolved by sex
6000000065658651828,Jose,M,Q19801116,resolved by sex
6000000066191611866,Jose,M,Q19801116,resolved by sex
6000000068154222908,Jose,M,Q19801116,resolved by sex
6000000068154222908,Jose,M,Q19801116,resolved by sex
6000000069540390242,Jose,M,Q19801116,resolved by sex
6000000069776884009,Jose,M,Q19801116,resolved by sex
6000000071000211888,Jose,M,Q19801116,resolved by sex
6000000073145090905,Jose,M,Q19801116,resolved by sex
6000000073146275849,Jose,M,Q19801116,resolved by sex
6000000074805934226,Jose,M,Q19801116,resolved by sex
6000000074859068841,Jose,M,Q19801116,resolved by sex
6000000074861603821,Jose,M,Q19801116,resolved by sex
6000000075015857811,Jose,M,Q19801116,resolved by sex
6000000075017174971,Jose,M,Q19801116,resolved by sex
6000000075864366561,Jose,M,Q19801116,resolved by sex
6000000075864551292,Jose,M,Q19801116,resolved by sex
6000000076978752220,Jose,M,Q19801116,resolved by sex
6000000077834358845,Jose,M,Q19801116,resolved by sex
6000000077857704101,Jose,M,Q19801116,resolved by sex
6000000077862306291,Jose,M,Q19801116,resolved by sex
6000000077862929941,Jose,M,Q19801116,resolved by sex
6000000077863008965,Jose,M,Q19801116,resolved by sex
6000000077863092907,Jose,M,Q19801116,resolved by sex
6000000077918714432,Jose,M,Q19801116,resolved by sex
6000000077919282365,Jose,M,Q19801116,resolved by sex
6000000077988090704,Jose,M,Q19801116,resolved by sex
6000000078008606474,Jose,M,Q19801116,resolved by sex
6000000078175937985,Jose,M,Q19801116,resolved by sex
6000000078257953192,Jose,M,Q19801116,resolved by sex
6000000078428912887,Jose,M,Q19801116,resolved by sex
6000000078883731995,Jose,M,Q19801116,resolved by sex
6000000081959411156,Jose,M,Q19801116,resolved by sex
6000000081968142297,Jose,M,Q19801116,resolved by sex
6000000082165888821,Jose,M,Q19801116,resolved by sex
6000000082450115868,Jose,M,Q19801116,resolved by sex
6000000082512687840,Jose,M,Q19801116,resolved by sex
6000000082633590956,Jose,M,Q19801116,resolved by sex
6000000082810453858,Jose,M,Q19801116,resolved by sex
6000000083133253929,Jose,M,Q19801116,resolved by sex
6000000083155719640,Jose,M,Q19801116,resolved by sex
6000000083185831549,Jose,M,Q19801116,resolved by sex
6000000083185831549,Jose,M,Q19801116,resolved by sex
6000000083883582998,Jose,M,Q19801116,resolved by sex
6000000083964561637,Jose,M,Q19801116,resolved by sex
6000000083979276393,Jose,M,Q19801116,resolved by sex
6000000084273678128,Jose,M,Q19801116,resolved by sex
6000000084645168065,Jose,M,Q19801116,resolved by sex
6000000084645168065,Jose,M,Q19801116,resolved by sex
6000000085707395931,Jose,M,Q19801116,resolved by sex
6000000087186671994,Jose,M,Q19801116,resolved by sex
6000000087499849842,Jose,M,Q19801116,resolved by sex
6000000088142744875,Jose,M,Q19801116,resolved by sex
6000000089667221830,Jose,M,Q19801116,resolved by sex
6000000089774569963,Jose,M,Q19801116,resolved by sex
6000000091120293917,Jose,M,Q19801116,resolved by sex
6000000091718794402,Jose,M,Q19801116,resolved by sex
6000000092503643821,Jose,M,Q19801116,resolved by sex
6000000092564539822,Jose,M,Q19801116,resolved by sex
6000000094168136828,Jose,M,Q19801116,resolved by sex
6000000094329474874,Jose,M,Q19801116,resolved by sex
6000000094758910002,Jose,M,Q19801116,resolved by sex
6000000094759005895,Jose,M,Q19801116,resolved by sex
6000000094759005898,Jose,M,Q19801116,resolved by sex
6000000096715646858,Jose,M,Q19801116,resolved by sex
6000000097081572829,Jose,M,Q19801116,resolved by sex
6000000098059079003,Jose,M,Q19801116,resolved by sex
6000000100117603580,Jose,M,Q19801116,resolved by sex
6000000100120950947,Jose,M,Q19801116,resolved by sex
6000000102497708998,Jose,M,Q19801116,resolved by sex
6000000103298661837,Jose,M,Q19801116,resolved by sex
6000000103299538862,Jose,M,Q19801116,resolved by sex
6000000103531549862,Jose,M,Q19801116,resolved by sex
6000000103566757860,Jose,M,Q19801116,resolved by sex
6000000103566757870,Jose,M,Q19801116,resolved by sex
6000000104703822009,Jose,M,Q19801116,resolved by sex
6000000107283830825,Jose,M,Q19801116,resolved by sex
6000000108588412980,Jose,M,Q19801116,resolved by sex
6000000108588412980,Jose,M,Q19801116,resolved by sex
6000000108588719980,Jose,M,Q19801116,resolved by sex
6000000109047776069,Jose,M,Q19801116,resolved by sex
6000000109047833836,Jose,M,Q19801116,resolved by sex
6000000109047833887,Jose,M,Q19801116,resolved by sex
6000000109047878920,Jose,M,Q19801116,resolved by sex
6000000109047878929,Jose,M,Q19801116,resolved by sex
6000000109047987882,Jose,M,Q19801116,resolved by sex
6000000109048406904,Jose,M,Q19801116,resolved by sex
6000000109048633862,Jose,M,Q19801116,resolved by sex
6000000109049469931,Jose,M,Q19801116,resolved by sex
6000000109049875869,Jose,M,Q19801116,resolved by sex
6000000109051084847,Jose,M,Q19801116,resolved by sex
6000000109051339895,Jose,M,Q19801116,resolved by sex
6000000109051841906,Jose,M,Q19801116,resolved by sex
6000000109051841950,Jose,M,Q19801116,resolved by sex
6000000109051841956,Jose,M,Q19801116,resolved by sex
6000000109051973840,Jose,M,Q19801116,resolved by sex
6000000109052148947,Jose,M,Q19801116,resolved by sex
6000000109052148992,Jose,M,Q19801116,resolved by sex
6000000109052149006,Jose,M,Q19801116,resolved by sex
6000000109054291831,Jose,M,Q19801116,resolved by sex
6000000109054291845,Jose,M,Q19801116,resolved by sex
6000000109054398827,Jose,M,Q19801116,resolved by sex
6000000109054398838,Jose,M,Q19801116,resolved by sex
6000000109054428822,Jose,M,Q19801116,resolved by sex
6000000109054536847,Jose,M,Q19801116,resolved by sex
6000000109055123832,Jose,M,Q19801116,resolved by sex
6000000109055143859,Jose,M,Q19801116,resolved by sex
6000000109055266841,Jose,M,Q19801116,resolved by sex
6000000109055266851,Jose,M,Q19801116,resolved by sex
6000000112929715847,Jose,M,Q19801116,resolved by sex
6000000114616919885,Jose,M,Q19801116,resolved by sex
6000000114690644911,Jose,M,Q19801116,resolved by sex
6000000114690831827,Jose,M,Q19801116,resolved by sex
6000000114812690835,Jose,M,Q19801116,resolved by sex
6000000115826039859,Jose,M,Q19801116,resolved by sex
6000000116313266899,Jose,M,Q19801116,resolved by sex
6000000117366650136,Jose,M,Q19801116,resolved by sex
6000000117451168823,Jose,M,Q19801116,resolved by sex
6000000120647599272,Jose,M,Q19801116,resolved by sex
6000000120739290124,Jose,M,Q19801116,resolved by sex
6000000120739290139,Jose,M,Q19801116,resolved by sex
6000000120739290166,Jose,M,Q19801116,resolved by sex
6000000120739290175,Jose,M,Q19801116,resolved by sex
6000000123456443952,Jose,M,Q19801116,resolved by sex
6000000123456443972,Jose,M,Q19801116,resolved by sex
6000000123456443993,Jose,M,Q19801116,resolved by sex
6000000123456444009,Jose,M,Q19801116,resolved by sex
6000000123456444018,Jose,M,Q19801116,resolved by sex
6000000123456444135,Jose,M,Q19801116,resolved by sex
6000000123466558865,Jose,M,Q19801116,resolved by sex
6000000123688835822,Jose,M,Q19801116,resolved by sex
6000000124483919861,Jose,M,Q19801116,resolved by sex
6000000130830574902,Jose,M,Q19801116,resolved by sex
6000000132410736895,Jose,M,Q19801116,resolved by sex
6000000134623919828,Jose,M,Q19801116,resolved by sex
6000000135181412833,Jose,M,Q19801116,resolved by sex
6000000135396276831,Jose,M,Q19801116,resolved by sex
6000000135771509945,Jose,M,Q19801116,resolved by sex
6000000139290944822,Jose,M,Q19801116,resolved by sex
6000000139464031893,Jose,M,Q19801116,resolved by sex
6000000139810435821,Jose,M,Q19801116,resolved by sex
6000000146007836894,Jose,M,Q19801116,resolved by sex
6000000148235932908,Jose,M,Q19801116,resolved by sex
6000000148760383838,Jose,M,Q19801116,resolved by sex
6000000149081343825,Jose,M,Q19801116,resolved by sex
6000000150895915132,Jose,M,Q19801116,resolved by sex
6000000152651555868,Jose,F,Q66827733,resolved by sex
6000000152651556013,Jose,M,Q19801116,resolved by sex
6000000152651556020,Jose,M,Q19801116,resolved by sex
6000000152653681902,Jose,M,Q19801116,resolved by sex
6000000152654979999,Jose,M,Q19801116,resolved by sex
6000000152657074842,Jose,M,Q19801116,resolved by sex
6000000152657143034,Jose,M,Q19801116,resolved by sex
6000000152662785896,Jose,M,Q19801116,resolved by sex
6000000152664075890,Jose,M,Q19801116,resolved by sex
6000000152664257931,Jose,M,Q19801116,resolved by sex
6000000152667802893,Jose,M,Q19801116,resolved by sex
6000000152667803122,Jose,M,Q19801116,resolved by sex
6000000152667803160,Jose,M,Q19801116,resolved by sex
6000000152667958030,Jose,M,Q19801116,resolved by sex
6000000152667958129,Jose,M,Q19801116,resolved by sex
6000000152667958137,Jose,M,Q19801116,resolved by sex
6000000152668379034,Jose,M,Q19801116,resolved by sex
6000000152668379416,Jose,M,Q19801116,resolved by sex
6000000152668615830,Jose,M,Q19801116,resolved by sex
6000000152668615904,Jose,M,Q19801116,resolved by sex
6000000152668615928,Jose,M,Q19801116,resolved by sex
6000000152668910111,Jose,M,Q19801116,resolved by sex
6000000152668910147,Jose,M,Q19801116,resolved by sex
6000000152668960895,Jose,M,Q19801116,resolved by sex
6000000152669014885,Jose,M,Q19801116,resolved by sex
6000000152669015139,Jose,M,Q19801116,resolved by sex
6000000152669015165,Jose,M,Q19801116,resolved by sex
6000000152669015312,Jose,M,Q19801116,resolved by sex
6000000152669015540,Jose,M,Q19801116,resolved by sex
6000000152669015563,Jose,M,Q19801116,resolved by sex
6000000152669787831,Jose,M,Q19801116,resolved by sex
6000000152669787839,Jose,M,Q19801116,resolved by sex
6000000152669787875,Jose,M,Q19801116,resolved by sex
6000000152669787915,Jose,M,Q19801116,resolved by sex
6000000152669788019,Jose,M,Q19801116,resolved by sex
6000000152669788051,Jose,M,Q19801116,resolved by sex
6000000152669788125,Jose,M,Q19801116,resolved by sex
6000000152669788183,Jose,M,Q19801116,resolved by sex
6000000152669788231,Jose,M,Q19801116,resolved by sex
6000000152669788291,Jose,M,Q19801116,resolved by sex
6000000152669788343,Jose,M,Q19801116,resolved by sex
6000000152669963868,Jose,M,Q19801116,resolved by sex
6000000152670044873,Jose,M,Q19801116,resolved by sex
6000000152670617898,Jose,M,Q19801116,resolved by sex
6000000152670841925,Jose,M,Q19801116,resolved by sex
6000000152670841999,Jose,M,Q19801116,resolved by sex
6000000152670842077,Jose,M,Q19801116,resolved by sex
6000000152670842195,Jose,M,Q19801116,resolved by sex
6000000152670842277,Jose,M,Q19801116,resolved by sex
6000000152670842338,Jose,M,Q19801116,resolved by sex
6000000152671467155,Jose,M,Q19801116,resolved by sex
6000000152671467176,Jose,M,Q19801116,resolved by sex
6000000152672446860,Jose,M,Q19801116,resolved by sex
6000000152672447084,Jose,M,Q19801116,resolved by sex
6000000152672868834,Jose,M,Q19801116,resolved by sex
6000000152673015126,Jose,M,Q19801116,resolved by sex
6000000152673510843,Jose,M,Q19801116,resolved by sex
6000000152673658868,Jose,M,Q19801116,resolved by sex
6000000152673740836,Jose,M,Q19801116,resolved by sex
6000000152676828858,Jose,M,Q19801116,resolved by sex
6000000152676828873,Jose,M,Q19801116,resolved by sex
6000000152677278958,Jose,M,Q19801116,resolved by sex
6000000152677867437,Jose,M,Q19801116,resolved by sex
6000000152677867446,Jose,M,Q19801116,resolved by sex
6000000152678286873,Jose,M,Q19801116,resolved by sex
6000000152678603857,Jose,M,Q19801116,resolved by sex
6000000152679983843,Jose,M,Q19801116,resolved by sex
6000000152687193857,Jose,M,Q19801116,resolved by sex
6000000152688916822,Jose,M,Q19801116,resolved by sex
6000000152689955974,Jose,M,Q19801116,resolved by sex
6000000152690097833,Jose,M,Q19801116,resolved by sex
6000000152690645842,Jose,M,Q19801116,resolved by sex
6000000152690645857,Jose,M,Q19801116,resolved by sex
6000000152690645876,Jose,M,Q19801116,resolved by sex
6000000152693388822,Jose,M,Q19801116,resolved by sex
6000000152693671836,Jose,M,Q19801116,resolved by sex
6000000152693671909,Jose,M,Q19801116,resolved by sex
6000000152693671995,Jose,F,Q66827733,resolved by sex
6000000152693838845,Jose,M,Q19801116,resolved by sex
6000000152694160837,Jose,M,Q19801116,resolved by sex
6000000152712929869,Jose,M,Q19801116,resolved by sex
6000000154019930838,Jose,M,Q19801116,resolved by sex
6000000154686332883,Jose,M,Q19801116,resolved by sex
6000000154764302858,Jose,M,Q19801116,resolved by sex
6000000156762659246,Jose,M,Q19801116,resolved by sex
6000000156762783180,Jose,M,Q19801116,resolved by sex
6000000156762783191,Jose,M,Q19801116,resolved by sex
6000000156762994841,Jose,M,Q19801116,resolved by sex
6000000156763122907,Jose,M,Q19801116,resolved by sex
6000000156763122922,Jose,M,Q19801116,resolved by sex
6000000156763311157,Jose,M,Q19801116,resolved by sex
6000000156763398906,Jose,M,Q19801116,resolved by sex
6000000156763499843,Jose,M,Q19801116,resolved by sex
6000000156763499890,Jose,M,Q19801116,resolved by sex
6000000156763557841,Jose,M,Q19801116,resolved by sex
6000000156763558089,Jose,M,Q19801116,resolved by sex
6000000156763558126,Jose,M,Q19801116,resolved by sex
6000000158409501822,Jose,M,Q19801116,resolved by sex
6000000159856209909,Jose,M,Q19801116,resolved by sex
6000000159856210153,Jose,M,Q19801116,resolved by sex
6000000159856210177,Jose,M,Q19801116,resolved by sex
6000000159856365015,Jose,M,Q19801116,resolved by sex
6000000159856807848,Jose,M,Q19801116,resolved by sex
6000000159856807912,Jose,M,Q19801116,resolved by sex
6000000159856807956,Jose,M,Q19801116,resolved by sex
6000000159856807970,Jose,M,Q19801116,resolved by sex
6000000159857035910,Jose,M,Q19801116,resolved by sex
6000000159857301950,Jose,M,Q19801116,resolved by sex
6000000159857302092,Jose,M,Q19801116,resolved by sex
6000000162001166901,Jose,M,Q19801116,resolved by sex
6000000164281913917,Jose,M,Q19801116,resolved by sex
6000000164282008260,Jose,M,Q19801116,resolved by sex
6000000164909246446,Jose,M,Q19801116,resolved by sex
6000000164909246446,Jose,M,Q19801116,resolved by sex
6000000167050153962,Jose,M,Q19801116,resolved by sex
6000000167050153962,Jose,M,Q19801116,resolved by sex
6000000167050153983,Jose,M,Q19801116,resolved by sex
6000000167050526055,Jose,M,Q19801116,resolved by sex
6000000167050556010,Jose,M,Q19801116,resolved by sex
6000000167050556015,Jose,M,Q19801116,resolved by sex
6000000167050556026,Jose,M,Q19801116,resolved by sex
6000000167050615893,Jose,M,Q19801116,resolved by sex
6000000167050615898,Jose,M,Q19801116,resolved by sex
6000000167050674851,Jose,M,Q19801116,resolved by sex
6000000167050674872,Jose,M,Q19801116,resolved by sex
6000000167050674977,Jose,M,Q19801116,resolved by sex
6000000167050743822,Jose,M,Q19801116,resolved by sex
6000000167050743941,Jose,M,Q19801116,resolved by sex
6000000168497819865,Jose,M,Q19801116,resolved by sex
6000000169034762823,Jose,M,Q19801116,resolved by sex
6000000169321513873,Jose,M,Q19801116,resolved by sex
6000000171355292861,Jose,M,Q19801116,resolved by sex
6000000172449820904,Jose,M,Q19801116,resolved by sex
6000000172499996253,Jose,M,Q19801116,resolved by sex
6000000172539758871,Jose,M,Q19801116,resolved by sex
6000000173810306916,Jose,M,Q19801116,resolved by sex
6000000173810306916,Jose,M,Q19801116,resolved by sex
6000000175320454978,Jose,M,Q19801116,resolved by sex
6000000175320455002,Jose,M,Q19801116,resolved by sex
6000000175320455048,Jose,M,Q19801116,resolved by sex
6000000175320455056,Jose,M,Q19801116,resolved by sex
6000000175320455071,Jose,M,Q19801116,resolved by sex
6000000175457426834,Jose,M,Q19801116,resolved by sex
6000000175465635929,Jose,M,Q19801116,resolved by sex
6000000175465847828,Jose,M,Q19801116,resolved by sex
6000000175709783950,Jose,M,Q19801116,resolved by sex
6000000175709783990,Jose,M,Q19801116,resolved by sex
6000000175709783999,Jose,M,Q19801116,resolved by sex
6000000175835835822,Jose,M,Q19801116,resolved by sex
6000000175851764033,Jose,M,Q19801116,resolved by sex
6000000175851854860,Jose,M,Q19801116,resolved by sex
6000000175851854866,Jose,M,Q19801116,resolved by sex
6000000175851854913,Jose,M,Q19801116,resolved by sex
6000000175851855036,Jose,M,Q19801116,resolved by sex
6000000175851855066,Jose,M,Q19801116,resolved by sex
6000000175851855071,Jose,M,Q19801116,resolved by sex
6000000175851855151,Jose,M,Q19801116,resolved by sex
6000000175851891868,Jose,M,Q19801116,resolved by sex
6000000175851891904,Jose,M,Q19801116,resolved by sex
6000000175852011036,Jose,M,Q19801116,resolved by sex
6000000175852118888,Jose,M,Q19801116,resolved by sex
6000000175852118898,Jose,M,Q19801116,resolved by sex
6000000175852118949,Jose,M,Q19801116,resolved by sex
6000000175852146864,Jose,M,Q19801116,resolved by sex
6000000175852146896,Jose,M,Q19801116,resolved by sex
6000000175852147010,Jose,M,Q19801116,resolved by sex
6000000175852205895,Jose,M,Q19801116,resolved by sex
6000000175852246033,Jose,M,Q19801116,resolved by sex
6000000175852268911,Jose,M,Q19801116,resolved by sex
6000000175852283971,Jose,M,Q19801116,resolved by sex
6000000175852301974,Jose,M,Q19801116,resolved by sex
6000000175852330847,Jose,M,Q19801116,resolved by sex
6000000175852797932,Jose,M,Q19801116,resolved by sex
6000000175852883935,Jose,M,Q19801116,resolved by sex
6000000175852898849,Jose,M,Q19801116,resolved by sex
6000000175852898882,Jose,M,Q19801116,resolved by sex
6000000175852977910,Jose,M,Q19801116,resolved by sex
6000000175856663822,Jose,M,Q19801116,resolved by sex
6000000175858047822,Jose,M,Q19801116,resolved by sex
6000000175859439822,Jose,M,Q19801116,resolved by sex
6000000175859450823,Jose,M,Q19801116,resolved by sex
6000000175859490822,Jose,M,Q19801116,resolved by sex
6000000175859750822,Jose,M,Q19801116,resolved by sex
6000000175862592827,Jose,M,Q19801116,resolved by sex
6000000175862784833,Jose,M,Q19801116,resolved by sex
6000000176291687995,Jose,M,Q19801116,resolved by sex
6000000176426013897,Jose,M,Q19801116,resolved by sex
6000000176474470889,Jose,M,Q19801116,resolved by sex
6000000177360278958,Jose,M,Q19801116,resolved by sex
6000000177360278958,Jose,M,Q19801116,resolved by sex
6000000178421546847,Jose,M,Q19801116,resolved by sex
6000000178421546847,Jose,M,Q19801116,resolved by sex
6000000178683572954,Jose,M,Q19801116,resolved by sex
6000000178685141849,Jose,M,Q19801116,resolved by sex
6000000178696442846,Jose,M,Q19801116,resolved by sex
6000000180207110839,Jose,M,Q19801116,resolved by sex
6000000180267466895,Jose,M,Q19801116,resolved by sex
6000000180971754855,Jose,M,Q19801116,resolved by sex
6000000182343984859,Jose,M,Q19801116,resolved by sex
6000000182343984937,Jose,M,Q19801116,resolved by sex
6000000182344074831,Jose,M,Q19801116,resolved by sex
6000000182344155900,Jose,M,Q19801116,resolved by sex
6000000182344369896,Jose,M,Q19801116,resolved by sex
6000000182612818830,Jose,M,Q19801116,resolved by sex
6000000182815229837,Jose,M,Q19801116,resolved by sex
6000000182963897825,Jose,M,Q19801116,resolved by sex
6000000182965021070,Jose,M,Q19801116,resolved by sex
6000000182965021306,Jose,M,Q19801116,resolved by sex
6000000182965145155,Jose,M,Q19801116,resolved by sex
6000000182965241949,Jose,M,Q19801116,resolved by sex
6000000182965529851,Jose,M,Q19801116,resolved by sex
6000000182965899830,Jose,M,Q19801116,resolved by sex
6000000182965900204,Jose,M,Q19801116,resolved by sex
6000000182965900247,Jose,M,Q19801116,resolved by sex
6000000182967307075,Jose,M,Q19801116,resolved by sex
6000000182967307097,Jose,M,Q19801116,resolved by sex
6000000182967351871,Jose,M,Q19801116,resolved by sex
6000000182967351916,Jose,M,Q19801116,resolved by sex
6000000182982842823,Jose,M,Q19801116,resolved by sex
6000000183003918829,Jose,M,Q19801116,resolved by sex
6000000183573079990,Jose,M,Q19801116,resolved by sex
6000000184307625831,Jose,M,Q19801116,resolved by sex
6000000184510780821,Jose,M,Q19801116,resolved by sex
6000000184538348844,Jose,M,Q19801116,resolved by sex
6000000185140116967,Jose,M,Q19801116,resolved by sex
6000000185140978855,Jose,M,Q19801116,resolved by sex
6000000185143557061,Jose,M,Q19801116,resolved by sex
6000000185144399936,Jose,M,Q19801116,resolved by sex
6000000186184895687,Jose,M,Q19801116,resolved by sex
6000000186768017094,Jose,M,Q19801116,resolved by sex
6000000186768240994,Jose,M,Q19801116,resolved by sex
6000000186768241012,Jose,M,Q19801116,resolved by sex
6000000186776591856,Jose,M,Q19801116,resolved by sex
6000000186985869817,Jose,M,Q19801116,resolved by sex
6000000186986488178,Jose,M,Q19801116,resolved by sex
6000000186986488233,Jose,M,Q19801116,resolved by sex
6000000186986488255,Jose,M,Q19801116,resolved by sex
6000000186987019369,Jose,M,Q19801116,resolved by sex
6000000186987019497,Jose,M,Q19801116,resolved by sex
6000000186987581356,Jose,M,Q19801116,resolved by sex
6000000186987973604,Jose,M,Q19801116,resolved by sex
6000000186987973788,Jose,M,Q19801116,resolved by sex
6000000186988156421,Jose,M,Q19801116,resolved by sex
6000000186988896011,Jose,M,Q19801116,resolved by sex
6000000186989177823,Jose,M,Q19801116,resolved by sex
6000000186989198103,Jose,M,Q19801116,resolved by sex
6000000187854135825,Jose,M,Q19801116,resolved by sex
6000000188175851864,Jose,M,Q19801116,resolved by sex
6000000189409838881,Jose,M,Q19801116,resolved by sex
6000000189409838881,Jose,M,Q19801116,resolved by sex
6000000190272068751,Jose,M,Q19801116,resolved by sex
6000000190272068761,Jose,M,Q19801116,resolved by sex
6000000191111540833,Jose,M,Q19801116,resolved by sex
6000000191166448827,Jose,M,Q19801116,resolved by sex
6000000192713109901,Jose,M,Q19801116,resolved by sex
6000000192845041854,Jose,M,Q19801116,resolved by sex
6000000192988526829,Jose,M,Q19801116,resolved by sex
6000000193082907992,Jose,M,Q19801116,resolved by sex
6000000193172836830,Jose,M,Q19801116,resolved by sex
6000000193197016834,Jose,M,Q19801116,resolved by sex
6000000193339652823,Jose,M,Q19801116,resolved by sex
6000000194413029873,Jose,M,Q19801116,resolved by sex
6000000194439264883,Jose,M,Q19801116,resolved by sex
6000000195000532947,Jose,M,Q19801116,resolved by sex
6000000195978343132,Jose,M,Q19801116,resolved by sex
6000000196297954607,Jose,M,Q19801116,resolved by sex
6000000196297954807,Jose,M,Q19801116,resolved by sex
6000000196297954819,Jose,M,Q19801116,resolved by sex
6000000196300981089,Jose,M,Q19801116,resolved by sex
6000000196301624832,Jose,M,Q19801116,resolved by sex
6000000196831066708,Jose,M,Q19801116,resolved by sex
6000000196831453932,Jose,M,Q19801116,resolved by sex
6000000196831474980,Jose,M,Q19801116,resolved by sex
6000000196831474985,Jose,M,Q19801116,resolved by sex
6000000196831475017,Jose,M,Q19801116,resolved by sex
6000000196831479947,Jose,M,Q19801116,resolved by sex
6000000197609297681,Jose,M,Q19801116,resolved by sex
6000000200825205833,Jose,M,Q19801116,resolved by sex
6000000203275918834,Jose,M,Q19801116,resolved by sex
6000000203963054845,Jose,M,Q19801116,resolved by sex
6000000204500370113,Jose,M,Q19801116,resolved by sex
6000000204515589339,Jose,M,Q19801116,resolved by sex
6000000204522927895,Jose,M,Q19801116,resolved by sex
6000000204542788401,Jose,M,Q19801116,resolved by sex
6000000204580332960,Jose,M,Q19801116,resolved by sex
6000000204580332989,Jose,M,Q19801116,resolved by sex
6000000204580333020,Jose,M,Q19801116,resolved by sex
6000000204665644916,Jose,M,Q19801116,resolved by sex
6000000204665644923,Jose,M,Q19801116,resolved by sex
6000000204824907926,Jose,M,Q19801116,resolved by sex
6000000204908723225,Jose,M,Q19801116,resolved by sex
6000000204928246724,Jose,M,Q19801116,resolved by sex
6000000204929094689,Jose,M,Q19801116,resolved by sex
6000000204929777930,Jose,M,Q19801116,resolved by sex
6000000205068066542,Jose,M,Q19801116,resolved by sex
6000000205068641369,Jose,M,Q19801116,resolved by sex
6000000205068641387,Jose,M,Q19801116,resolved by sex
6000000205379195054,Jose,M,Q19801116,resolved by sex
6000000205644538717,Jose,M,Q19801116,resolved by sex
6000000206033750823,Jose,M,Q19801116,resolved by sex
6000000206062399663,Jose,M,Q19801116,resolved by sex
6000000206064667966,Jose,M,Q19801116,resolved by sex
6000000206064667975,Jose,M,Q19801116,resolved by sex
6000000206064667992,Jose,M,Q19801116,resolved by sex
6000000206064668004,Jose,M,Q19801116,resolved by sex
6000000206564929083,Jose,M,Q19801116,resolved by sex
6000000206564929128,Jose,M,Q19801116,resolved by sex
6000000206645289875,Jose,M,Q19801116,resolved by sex
6000000206645289903,Jose,M,Q19801116,resolved by sex
6000000206906444829,Jose,M,Q19801116,resolved by sex
6000000207225558834,Jose,M,Q19801116,resolved by sex
6000000207710222336,Jose,M,Q19801116,resolved by sex
6000000207710222369,Jose,M,Q19801116,resolved by sex
6000000208458050639,Jose,M,Q19801116,resolved by sex
6000000208462231227,Jose,M,Q19801116,resolved by sex
6000000208492058055,Jose,M,Q19801116,resolved by sex
6000000208492058081,Jose,M,Q19801116,resolved by sex
6000000208493281012,Jose,M,Q19801116,resolved by sex
6000000208493281126,Jose,M,Q19801116,resolved by sex
6000000208493346113,Jose,M,Q19801116,resolved by sex
6000000208493445972,Jose,M,Q19801116,resolved by sex
6000000210262348839,Jose,M,Q19801116,resolved by sex
6000000214030866039,Jose,M,Q19801116,resolved by sex
6000000214481253840,Jose,M,Q19801116,resolved by sex
6000000216649827821,Jose,M,Q19801116,resolved by sex
6000000217290113844,Jose,M,Q19801116,resolved by sex
6000000217357095587,Jose,M,Q19801116,resolved by sex
6000000219030470880,Jose,M,Q19801116,resolved by sex
6000000222816372877,Jose,M,Q19801116,resolved by sex
6000000222816414866,Jose,M,Q19801116,resolved by sex
6000000222816501873,Jose,M,Q19801116,resolved by sex
6000000222844681849,Jose,M,Q19801116,resolved by sex
6000000222844959924,Jose,M,Q19801116,resolved by sex
6000000222847102856,Jose,M,Q19801116,resolved by sex
6000000222860554822,Jose,M,Q19801116,resolved by sex
6000000222864913674,Jose,M,Q19801116,resolved by sex
6000000223230857864,Jose,M,Q19801116,resolved by sex
6000000223231251275,Jose,M,Q19801116,resolved by sex
6000000223231251292,Jose,M,Q19801116,resolved by sex
6000000223231332107,Jose,M,Q19801116,resolved by sex
6000000223231333398,Jose,M,Q19801116,resolved by sex
6000000223231333425,Jose,M,Q19801116,resolved by sex
6000000223231341761,Jose,M,Q19801116,resolved by sex
6000000223231341819,Jose,M,Q19801116,resolved by sex
6000000223231355089,Jose,M,Q19801116,resolved by sex
6000000223231382580,Jose,M,Q19801116,resolved by sex
6000000223231383607,Jose,M,Q19801116,resolved by sex
6000000223231444410,Jose,M,Q19801116,resolved by sex
6000000223231454217,Jose,M,Q19801116,resolved by sex
6000000223231454272,Jose,M,Q19801116,resolved by sex
6000000223231459763,Jose,M,Q19801116,resolved by sex
6000000223231482716,Jose,M,Q19801116,resolved by sex
6000000223231496269,Jose,M,Q19801116,resolved by sex
6000000223231517941,Jose,M,Q19801116,resolved by sex
6000000223231542569,Jose,M,Q19801116,resolved by sex
6000000223231542629,Jose,M,Q19801116,resolved by sex
6000000223231579217,Jose,M,Q19801116,resolved by sex
6000000223231584885,Jose,M,Q19801116,resolved by sex
6000000223231593269,Jose,M,Q19801116,resolved by sex
6000000223231618201,Jose,M,Q19801116,resolved by sex
6000000223231618271,Jose,M,Q19801116,resolved by sex
6000000223231618343,Jose,M,Q19801116,resolved by sex
6000000223231618351,Jose,M,Q19801116,resolved by sex
6000000223231618369,Jose,M,Q19801116,resolved by sex
6000000223231618464,Jose,M,Q19801116,resolved by sex
6000000223231618513,Jose,M,Q19801116,resolved by sex
6000000223231618565,Jose,M,Q19801116,resolved by sex
6000000223231670619,Jose,M,Q19801116,resolved by sex
6000000223231693326,Jose,M,Q19801116,resolved by sex
6000000223231693483,Jose,M,Q19801116,resolved by sex
6000000223231693503,Jose,M,Q19801116,resolved by sex
6000000223231693521,Jose,M,Q19801116,resolved by sex
6000000223231737123,Jose,M,Q19801116,resolved by sex
6000000223231754864,Jose,M,Q19801116,resolved by sex
6000000223231754949,Jose,M,Q19801116,resolved by sex
6000000223231793234,Jose,M,Q19801116,resolved by sex
6000000223231798737,Jose,M,Q19801116,resolved by sex
6000000223231805768,Jose,M,Q19801116,resolved by sex
6000000223231826392,Jose,M,Q19801116,resolved by sex
6000000223231841000,Jose,M,Q19801116,resolved by sex
6000000223231841008,Jose,M,Q19801116,resolved by sex
6000000223231841025,Jose,M,Q19801116,resolved by sex
6000000223231841187,Jose,M,Q19801116,resolved by sex
6000000223231841203,Jose,M,Q19801116,resolved by sex
6000000223231841278,Jose,M,Q19801116,resolved by sex
6000000223231841286,Jose,M,Q19801116,resolved by sex
6000000223231841310,Jose,M,Q19801116,resolved by sex
6000000223231842973,Jose,M,Q19801116,resolved by sex
6000000223231851327,Jose,M,Q19801116,resolved by sex
6000000223231870476,Jose,M,Q19801116,resolved by sex
6000000223231929015,Jose,M,Q19801116,resolved by sex
6000000223231962179,Jose,M,Q19801116,resolved by sex
6000000223231974076,Jose,M,Q19801116,resolved by sex
6000000223231974186,Jose,M,Q19801116,resolved by sex
6000000223232000271,Jose,M,Q19801116,resolved by sex
6000000223232091965,Jose,M,Q19801116,resolved by sex
6000000223232203999,Jose,M,Q19801116,resolved by sex
6000000223232204068,Jose,M,Q19801116,resolved by sex
6000000223232247238,Jose,M,Q19801116,resolved by sex
6000000223232247256,Jose,M,Q19801116,resolved by sex
6000000223232255656,Jose,M,Q19801116,resolved by sex
6000000223232395872,Jose,M,Q19801116,resolved by sex
6000000223232395893,Jose,M,Q19801116,resolved by sex
6000000223232407101,Jose,M,Q19801116,resolved by sex
6000000223232457978,Jose,M,Q19801116,resolved by sex
6000000223232458967,Jose,M,Q19801116,resolved by sex
6000000223232459386,Jose,M,Q19801116,resolved by sex
6000000223232461828,Jose,M,Q19801116,resolved by sex
6000000223232461857,Jose,M,Q19801116,resolved by sex
6000000223232461866,Jose,M,Q19801116,resolved by sex
6000000223232461874,Jose,M,Q19801116,resolved by sex
6000000223232461889,Jose,M,Q19801116,resolved by sex
6000000223232462069,Jose,M,Q19801116,resolved by sex
6000000223232463185,Jose,M,Q19801116,resolved by sex
6000000223232482960,Jose,M,Q19801116,resolved by sex
6000000223232482975,Jose,M,Q19801116,resolved by sex
6000000223232491763,Jose,M,Q19801116,resolved by sex
6000000223232492236,Jose,M,Q19801116,resolved by sex
6000000223232504215,Jose,M,Q19801116,resolved by sex
6000000223232533493,Jose,M,Q19801116,resolved by sex
6000000223232533513,Jose,M,Q19801116,resolved by sex
6000000223232544202,Jose,M,Q19801116,resolved by sex
6000000223232544540,Jose,M,Q19801116,resolved by sex
6000000223232594872,Jose,M,Q19801116,resolved by sex
6000000223232684997,Jose,M,Q19801116,resolved by sex
6000000223232685016,Jose,M,Q19801116,resolved by sex
6000000223232685073,Jose,M,Q19801116,resolved by sex
6000000223232685084,Jose,M,Q19801116,resolved by sex
6000000223232720146,Jose,M,Q19801116,resolved by sex
6000000223232720183,Jose,M,Q19801116,resolved by sex
6000000223232720225,Jose,M,Q19801116,resolved by sex
6000000223232720314,Jose,M,Q19801116,resolved by sex
6000000223232720323,Jose,M,Q19801116,resolved by sex
6000000223232720331,Jose,M,Q19801116,resolved by sex
6000000223232720354,Jose,M,Q19801116,resolved by sex
6000000223232720365,Jose,M,Q19801116,resolved by sex
6000000223232720376,Jose,M,Q19801116,resolved by sex
6000000223232720478,Jose,M,Q19801116,resolved by sex
6000000223232738245,Jose,M,Q19801116,resolved by sex
6000000223232817832,Jose,M,Q19801116,resolved by sex
6000000223232844858,Jose,M,Q19801116,resolved by sex
6000000223232844961,Jose,M,Q19801116,resolved by sex
6000000223232845010,Jose,M,Q19801116,resolved by sex
6000000223232845027,Jose,M,Q19801116,resolved by sex
6000000223232845036,Jose,M,Q19801116,resolved by sex
6000000223232845056,Jose,M,Q19801116,resolved by sex
6000000223232855721,Jose,M,Q19801116,resolved by sex
6000000223232859050,Jose,M,Q19801116,resolved by sex
6000000223233038933,Jose,M,Q19801116,resolved by sex
6000000223233065630,Jose,M,Q19801116,resolved by sex
6000000223233065649,Jose,M,Q19801116,resolved by sex
6000000223233146008,Jose,M,Q19801116,resolved by sex
6000000223233149916,Jose,M,Q19801116,resolved by sex
6000000223233149956,Jose,M,Q19801116,resolved by sex
6000000223233150020,Jose,M,Q19801116,resolved by sex
6000000223233150930,Jose,M,Q19801116,resolved by sex
6000000223233200939,Jose,M,Q19801116,resolved by sex
6000000223233201125,Jose,M,Q19801116,resolved by sex
6000000223233232893,Jose,M,Q19801116,resolved by sex
6000000223233265947,Jose,M,Q19801116,resolved by sex
6000000223233330339,Jose,M,Q19801116,resolved by sex
6000000223233330468,Jose,M,Q19801116,resolved by sex
6000000223233342173,Jose,M,Q19801116,resolved by sex
6000000223233342310,Jose,M,Q19801116,resolved by sex
6000000223233342342,Jose,M,Q19801116,resolved by sex
6000000223233565591,Jose,M,Q19801116,resolved by sex
6000000223233565618,Jose,M,Q19801116,resolved by sex
6000000223233565651,Jose,M,Q19801116,resolved by sex
6000000223233777488,Jose,M,Q19801116,resolved by sex
6000000223233827003,Jose,M,Q19801116,resolved by sex
6000000223233827102,Jose,M,Q19801116,resolved by sex
6000000223233827121,Jose,M,Q19801116,resolved by sex
6000000223233827168,Jose,M,Q19801116,resolved by sex
6000000223233827184,Jose,M,Q19801116,resolved by sex
6000000223234322890,Jose,M,Q19801116,resolved by sex
6000000223234322952,Jose,M,Q19801116,resolved by sex
6000000223234322960,Jose,M,Q19801116,resolved by sex
6000000223234322979,Jose,M,Q19801116,resolved by sex
6000000223234322988,Jose,M,Q19801116,resolved by sex
6000000223234322998,Jose,M,Q19801116,resolved by sex
6000000223311526034,Jose,M,Q19801116,resolved by sex
6000000223352955786,Jose,M,Q19801116,resolved by sex
6000000223353361681,Jose,M,Q19801116,resolved by sex
6000000223353361692,Jose,M,Q19801116,resolved by sex
6000000223353361700,Jose,M,Q19801116,resolved by sex
6000000223353541244,Jose,M,Q19801116,resolved by sex
6000000223354948806,Jose,M,Q19801116,resolved by sex
6000000223355816708,Jose,M,Q19801116,resolved by sex
6000000223355816762,Jose,M,Q19801116,resolved by sex
6000000223355865467,Jose,M,Q19801116,resolved by sex
6000000223355865490,Jose,M,Q19801116,resolved by sex
6000000223356072218,Jose,M,Q19801116,resolved by sex
6000000223356371673,Jose,M,Q19801116,resolved by sex
6000000223356371695,Jose,M,Q19801116,resolved by sex
6000000223356546063,Jose,M,Q19801116,resolved by sex
6000000223356546070,Jose,M,Q19801116,resolved by sex
6000000223356717359,Jose,M,Q19801116,resolved by sex
6000000223356897585,Jose,M,Q19801116,resolved by sex
6000000223356909942,Jose,M,Q19801116,resolved by sex
6000000223356909968,Jose,M,Q19801116,resolved by sex
6000000223357378879,Jose,M,Q19801116,resolved by sex
6000000223649521895,Jose,M,Q19801116,resolved by sex
6000000223674738773,Jose,M,Q19801116,resolved by sex
6000000223676568503,Jose,M,Q19801116,resolved by sex
6000000223676568516,Jose,M,Q19801116,resolved by sex
6000000223676862527,Jose,M,Q19801116,resolved by sex
6000000223684740980,Jose,M,Q19801116,resolved by sex
6000000223685087143,Jose,M,Q19801116,resolved by sex
6000000223685087153,Jose,M,Q19801116,resolved by sex
6000000223693010252,Jose,M,Q19801116,resolved by sex
6000000223696253974,Jose,M,Q19801116,resolved by sex
6000000223697895849,Jose,M,Q19801116,resolved by sex
6000000223710501623,Jose,M,Q19801116,resolved by sex
6000000223710501647,Jose,M,Q19801116,resolved by sex
6000000223710501668,Jose,M,Q19801116,resolved by sex
6000000223710501696,Jose,M,Q19801116,resolved by sex
6000000223710501705,Jose,M,Q19801116,resolved by sex
6000000223713522820,Jose,M,Q19801116,resolved by sex
6000000223714942140,Jose,M,Q19801116,resolved by sex
6000000223714942159,Jose,M,Q19801116,resolved by sex
6000000223715462990,Jose,M,Q19801116,resolved by sex
6000000223715463007,Jose,M,Q19801116,resolved by sex
6000000223715649222,Jose,M,Q19801116,resolved by sex
6000000223715930839,Jose,M,Q19801116,resolved by sex
6000000223716023903,Jose,M,Q19801116,resolved by sex
6000000223716023945,Jose,M,Q19801116,resolved by sex
6000000223716066862,Jose,M,Q19801116,resolved by sex
6000000223716176866,Jose,M,Q19801116,resolved by sex
6000000223716176956,Jose,M,Q19801116,resolved by sex
6000000223724554420,Jose,M,Q19801116,resolved by sex
6000000223724554442,Jose,M,Q19801116,resolved by sex
6000000223724554468,Jose,M,Q19801116,resolved by sex
6000000223767552679,Jose,M,Q19801116,resolved by sex
6000000223768325347,Jose,M,Q19801116,resolved by sex
6000000223773614761,Jose,M,Q19801116,resolved by sex
6000000223774206504,Jose,M,Q19801116,resolved by sex
6000000223774206554,Jose,M,Q19801116,resolved by sex
6000000223774206591,Jose,M,Q19801116,resolved by sex
6000000223774847100,Jose,M,Q19801116,resolved by sex
6000000223775162566,Jose,M,Q19801116,resolved by sex
6000000223775162591,Jose,M,Q19801116,resolved by sex
6000000223775162611,Jose,M,Q19801116,resolved by sex
6000000223775162726,Jose,M,Q19801116,resolved by sex
6000000223775662040,Jose,M,Q19801116,resolved by sex
6000000223775848994,Jose,M,Q19801116,resolved by sex
6000000223775849011,Jose,M,Q19801116,resolved by sex
6000000223776188948,Jose,M,Q19801116,resolved by sex
6000000223776188981,Jose,M,Q19801116,resolved by sex
6000000223787374757,Jose,M,Q19801116,resolved by sex
6000000223787374765,Jose,M,Q19801116,resolved by sex
6000000223788334665,Jose,M,Q19801116,resolved by sex
6000000223788570295,Jose,M,Q19801116,resolved by sex
6000000223788570303,Jose,M,Q19801116,resolved by sex
6000000223788570311,Jose,M,Q19801116,resolved by sex
6000000223789184021,Jose,M,Q19801116,resolved by sex
6000000223789477147,Jose,M,Q19801116,resolved by sex
6000000223789703900,Jose,M,Q19801116,resolved by sex
6000000223789764954,Jose,M,Q19801116,resolved by sex
6000000223790239653,Jose,M,Q19801116,resolved by sex
6000000223790337661,Jose,M,Q19801116,resolved by sex
6000000223790535669,Jose,M,Q19801116,resolved by sex
6000000223790913830,Jose,M,Q19801116,resolved by sex
6000000223792048555,Jose,M,Q19801116,resolved by sex
6000000223792662327,Jose,M,Q19801116,resolved by sex
6000000223794695037,Jose,M,Q19801116,resolved by sex
6000000223795922300,Jose,M,Q19801116,resolved by sex
6000000223796454159,Jose,M,Q19801116,resolved by sex
6000000223797016248,Jose,M,Q19801116,resolved by sex
6000000223797977212,Jose,M,Q19801116,resolved by sex
6000000223797977229,Jose,M,Q19801116,resolved by sex
6000000223799155539,Jose,M,Q19801116,resolved by sex
6000000223800804335,Jose,M,Q19801116,resolved by sex
6000000223801329107,Jose,M,Q19801116,resolved by sex
6000000223801329107,Jose,M,Q19801116,resolved by sex
6000000223803725129,Jose,M,Q19801116,resolved by sex
6000000223803725144,Jose,M,Q19801116,resolved by sex
6000000223803725181,Jose,M,Q19801116,resolved by sex
6000000223803725189,Jose,M,Q19801116,resolved by sex
6000000223806381307,Jose,M,Q19801116,resolved by sex
6000000223806381319,Jose,M,Q19801116,resolved by sex
6000000223806407104,Jose,M,Q19801116,resolved by sex
6000000223806429233,Jose,M,Q19801116,resolved by sex
6000000223806501138,Jose,M,Q19801116,resolved by sex
6000000223806521044,Jose,M,Q19801116,resolved by sex
6000000223806524268,Jose,M,Q19801116,resolved by sex
6000000223806524282,Jose,M,Q19801116,resolved by sex
6000000223806524451,Jose,M,Q19801116,resolved by sex
6000000223806524488,Jose,M,Q19801116,resolved by sex
6000000223806575765,Jose,M,Q19801116,resolved by sex
6000000223806661089,Jose,M,Q19801116,resolved by sex
6000000223806662303,Jose,M,Q19801116,resolved by sex
6000000223806662323,Jose,M,Q19801116,resolved by sex
6000000223806748496,Jose,M,Q19801116,resolved by sex
6000000223807126016,Jose,M,Q19801116,resolved by sex
6000000223807128229,Jose,M,Q19801116,resolved by sex
6000000223807134855,Jose,M,Q19801116,resolved by sex
6000000223807134902,Jose,M,Q19801116,resolved by sex
6000000223807134910,Jose,M,Q19801116,resolved by sex
6000000223807378969,Jose,M,Q19801116,resolved by sex
6000000223807589774,Jose,M,Q19801116,resolved by sex
6000000223807589781,Jose,M,Q19801116,resolved by sex
6000000223807589820,Jose,M,Q19801116,resolved by sex
6000000223807667941,Jose,M,Q19801116,resolved by sex
6000000223807960125,Jose,M,Q19801116,resolved by sex
6000000223808504027,Jose,M,Q19801116,resolved by sex
6000000223808504064,Jose,M,Q19801116,resolved by sex
6000000223808812544,Jose,M,Q19801116,resolved by sex
6000000223809267893,Jose,M,Q19801116,resolved by sex
6000000223809952106,Jose,M,Q19801116,resolved by sex
6000000223820823958,Jose,M,Q19801116,resolved by sex
6000000223822417494,Jose,M,Q19801116,resolved by sex
6000000223822963443,Jose,M,Q19801116,resolved by sex
6000000223823260086,Jose,M,Q19801116,resolved by sex
6000000223823413973,Jose,M,Q19801116,resolved by sex
6000000223823468310,Jose,M,Q19801116,resolved by sex
6000000223823849835,Jose,M,Q19801116,resolved by sex
6000000223824555286,Jose,M,Q19801116,resolved by sex
6000000223824555305,Jose,M,Q19801116,resolved by sex
6000000223824558975,Jose,M,Q19801116,resolved by sex
6000000223824606023,Jose,M,Q19801116,resolved by sex
6000000223825078905,Jose,M,Q19801116,resolved by sex
6000000223825078955,Jose,M,Q19801116,resolved by sex
6000000223825078965,Jose,M,Q19801116,resolved by sex
6000000223868269709,Jose,M,Q19801116,resolved by sex
6000000223868913565,Jose,M,Q19801116,resolved by sex
6000000223868973630,Jose,M,Q19801116,resolved by sex
6000000223868973646,Jose,M,Q19801116,resolved by sex
6000000223868973653,Jose,M,Q19801116,resolved by sex
6000000223868973668,Jose,M,Q19801116,resolved by sex
6000000223871059064,Jose,M,Q19801116,resolved by sex
6000000224035624606,Jose,M,Q19801116,resolved by sex
6000000224190640940,Jose,M,Q19801116,resolved by sex
6000000224418455164,Jose,M,Q19801116,resolved by sex
6000000224464272751,Jose,M,Q19801116,resolved by sex
6000000224812394089,Jose,M,Q19801116,resolved by sex
6000000224990451390,Jose,M,Q19801116,resolved by sex
6000000224990689925,Jose,M,Q19801116,resolved by sex
5067784654650062262,KARNA,M,Q10543969,no recorded sex; generic given-name item
6000000000717690363,Karol,M,Q1446906,resolved by sex
6000000003887736351,Karol,M,Q1446906,resolved by sex
6000000006619121005,Karol,M,Q1446906,resolved by sex
6000000017597642097,Karol,F,Q125542509,resolved by sex
6000000023121772337,Karol,M,Q1446906,resolved by sex
6000000024171741032,Karol,M,Q1446906,resolved by sex
6000000024171741032,Karol,M,Q1446906,resolved by sex
6000000004747123018,Lauri,M,Q1303231,resolved by sex
6000000006127272006,Lauri,M,Q1303231,resolved by sex
6000000008276740308,Lauri,M,Q1303231,resolved by sex
6000000008276740328,Lauri,M,Q1303231,resolved by sex
6000000015954923460,Lauri,M,Q1303231,resolved by sex
6000000022984176098,Lauri,M,Q1303231,resolved by sex
6000000027931638427,Lauri,M,Q1303231,resolved by sex
6000000035162009514,Lauri,M,Q1303231,resolved by sex
6000000035162009514,Lauri,M,Q1303231,resolved by sex
6000000040484930538,Lauri,M,Q1303231,resolved by sex
6000000051511717324,Lauri,M,Q1303231,resolved by sex
6000000071051454864,Lauri,M,Q1303231,resolved by sex
6000000071051454864,Lauri,M,Q1303231,resolved by sex
6000000075971747043,Lauri,M,Q1303231,resolved by sex
6000000086245978921,Lauri,M,Q1303231,resolved by sex
6000000088064376908,Lauri,M,Q1303231,resolved by sex
6000000088064376908,Lauri,M,Q1303231,resolved by sex
6000000107304634943,Lauri,M,Q1303231,resolved by sex
6000000107304634943,Lauri,M,Q1303231,resolved by sex
6000000133915030922,Lauri,M,Q1303231,resolved by sex
6000000142714563834,Lauri,M,Q1303231,resolved by sex
6000000169615485930,Lauri,M,Q1303231,resolved by sex
6000000180494817821,Lauri,M,Q1303231,resolved by sex
6000000188824248835,Lauri,M,Q1303231,resolved by sex
6000000219594809935,Lauri,M,Q1303231,resolved by sex
6000000206280711821,Lawrie,M,Q123471133,resolved by sex
6000000003113395021,Leman,M,Q107625281,resolved by sex
6000000010132551099,Leman,M,Q107625281,resolved by sex
6000000026424726209,Leman,M,Q107625281,resolved by sex
6000000040985671522,Leman,M,Q107625281,resolved by sex
6000000040991630990,Leman,M,Q107625281,resolved by sex
6000000173795900285,Leman,M,Q107625281,resolved by sex
6000000203735027911,Leman,M,Q107625281,resolved by sex
6000000003125274759,Lewin,M,Q21074432,resolved by sex
6000000010963466570,Lewin,M,Q21074432,resolved by sex
6000000014090716304,Lewin,M,Q21074432,resolved by sex
6000000015127170754,Lewin,M,Q21074432,resolved by sex
6000000024184446607,Lewin,F,Q96656600,resolved by sex
6000000026854707225,Lewin,M,Q21074432,resolved by sex
6000000078159544943,Lewin,M,Q21074432,resolved by sex
6000000082496814175,Lewin,M,Q21074432,resolved by sex
6000000086393968885,Lewin,M,Q21074432,resolved by sex
6000000103766399823,Lewin,M,Q21074432,resolved by sex
6000000004566839104,Lili,F,Q10561637,resolved by sex
6000000012166362101,Lili,M,Q96656378,resolved by sex
6000000015108878867,Lili,F,Q10561637,resolved by sex
6000000043241546098,Lili,F,Q10561637,resolved by sex
6000000121007220850,Lili,F,Q10561637,resolved by sex
6000000129854805873,Lili,F,Q10561637,resolved by sex
6000000194574528861,Lili,M,Q96656378,resolved by sex
6000000199171279822,Lili,F,Q10561637,resolved by sex
6000000209511921825,Lili,F,Q10561637,resolved by sex
6000000001483937098,Linn,F,Q4583654,resolved by sex
6000000005609064368,Linn,F,Q4583654,resolved by sex
6000000015423720213,Luca,F,Q66132642,resolved by sex
6000000045038468888,Luca,M,Q12795232,resolved by sex
6000000152671467613,Luca,F,Q66132642,resolved by sex
4196992062820075937,Luís,M,Q19801238,resolved by sex
6000000000157227299,Luís,M,Q19801238,resolved by sex
6000000002188370522,Luís,M,Q19801238,resolved by sex
6000000002188370522,Luís,M,Q19801238,resolved by sex
6000000003230224621,Luís,M,Q19801238,resolved by sex
6000000003230305304,Luís,M,Q19801238,resolved by sex
6000000003242527451,Luís,M,Q19801238,resolved by sex
6000000003245616151,Luís,M,Q19801238,resolved by sex
6000000003978171515,Luís,M,Q19801238,resolved by sex
6000000005006597036,Luís,M,Q19801238,resolved by sex
6000000005250849566,Luís,M,Q19801238,resolved by sex
6000000005250923900,Luís,M,Q19801238,resolved by sex
6000000005251098343,Luís,M,Q19801238,resolved by sex
6000000005400978248,Luís,M,Q19801238,resolved by sex
6000000006862784671,Luís,M,Q19801238,resolved by sex
6000000006862784671,Luís,M,Q19801238,resolved by sex
6000000006995798161,Luís,M,Q19801238,resolved by sex
6000000009657983666,Luís,M,Q19801238,resolved by sex
6000000010219794341,Luís,M,Q19801238,resolved by sex
6000000010220920067,Luís,M,Q19801238,resolved by sex
6000000010221411303,Luís,M,Q19801238,resolved by sex
6000000012644201763,Luís,M,Q19801238,resolved by sex
6000000012759412064,Luís,M,Q19801238,resolved by sex
6000000012759412064,Luís,M,Q19801238,resolved by sex
6000000013883694671,Luís,M,Q19801238,resolved by sex
6000000014189118300,Luís,M,Q19801238,resolved by sex
6000000014348360986,Luís,M,Q19801238,resolved by sex
6000000014504641064,Luís,M,Q19801238,resolved by sex
6000000014640459605,Luís,M,Q19801238,resolved by sex
6000000014756202400,Luís,M,Q19801238,resolved by sex
6000000014756410223,Luís,M,Q19801238,resolved by sex
6000000014783696670,Luís,M,Q19801238,resolved by sex
6000000014807257063,Luís,M,Q19801238,resolved by sex
6000000014951261859,Luís,M,Q19801238,resolved by sex
6000000015230607287,Luís,M,Q19801238,resolved by sex
6000000015280486322,Luís,M,Q19801238,resolved by sex
6000000015280486322,Luís,M,Q19801238,resolved by sex
6000000015903152773,Luís,M,Q19801238,resolved by sex
6000000016072986352,Luís,M,Q19801238,resolved by sex
6000000016111726004,Luís,M,Q19801238,resolved by sex
6000000016175064487,Luís,M,Q19801238,resolved by sex
6000000016175082602,Luís,M,Q19801238,resolved by sex
6000000016186408573,Luís,M,Q19801238,resolved by sex
6000000016218042389,Luís,M,Q19801238,resolved by sex
6000000016264939250,Luís,M,Q19801238,resolved by sex
6000000016288801375,Luís,M,Q19801238,resolved by sex
6000000016407589558,Luís,M,Q19801238,resolved by sex
6000000016445528345,Luís,M,Q19801238,resolved by sex
6000000016544873294,Luís,M,Q19801238,resolved by sex
6000000016607086352,Luís,M,Q19801238,resolved by sex
6000000016682620120,Luís,M,Q19801238,resolved by sex
6000000017063709723,Luís,M,Q19801238,resolved by sex
6000000017108153990,Luís,M,Q19801238,resolved by sex
6000000017108153990,Luís,M,Q19801238,resolved by sex
6000000017145538088,Luís,M,Q19801238,resolved by sex
6000000017439108905,Luís,M,Q19801238,resolved by sex
6000000017459205195,Luís,M,Q19801238,resolved by sex
6000000017548172256,Luís,M,Q19801238,resolved by sex
6000000017568033969,Luís,M,Q19801238,resolved by sex
6000000017616518125,Luís,M,Q19801238,resolved by sex
6000000017738087516,Luís,M,Q19801238,resolved by sex
6000000017888834326,Luís,M,Q19801238,resolved by sex
6000000017889341175,Luís,M,Q19801238,resolved by sex
6000000017994712368,Luís,M,Q19801238,resolved by sex
6000000018012668327,Luís,M,Q19801238,resolved by sex
6000000018021969983,Luís,M,Q19801238,resolved by sex
6000000018021969983,Luís,M,Q19801238,resolved by sex
6000000018263032352,Luís,M,Q19801238,resolved by sex
6000000019819138669,Luís,M,Q19801238,resolved by sex
6000000019897791085,Luís,M,Q19801238,resolved by sex
6000000020469978881,Luís,M,Q19801238,resolved by sex
6000000020735562937,Luís,M,Q19801238,resolved by sex
6000000021077429823,Luís,M,Q19801238,resolved by sex
6000000021093028432,Luís,M,Q19801238,resolved by sex
6000000021426486712,Luís,M,Q19801238,resolved by sex
6000000021441246884,Luís,M,Q19801238,resolved by sex
6000000021503806830,Luís,M,Q19801238,resolved by sex
6000000021504839515,Luís,M,Q19801238,resolved by sex
6000000021517373716,Luís,M,Q19801238,resolved by sex
6000000021852081416,Luís,M,Q19801238,resolved by sex
6000000021852243393,Luís,M,Q19801238,resolved by sex
6000000022333796345,Luís,M,Q19801238,resolved by sex
6000000023199006167,Luís,M,Q19801238,resolved by sex
6000000024008432195,Luís,M,Q19801238,resolved by sex
6000000024034930377,Luís,M,Q19801238,resolved by sex
6000000024276898260,Luís,M,Q19801238,resolved by sex
6000000024713803810,Luís,M,Q19801238,resolved by sex
6000000024714362929,Luís,M,Q19801238,resolved by sex
6000000024714415897,Luís,M,Q19801238,resolved by sex
6000000024714597280,Luís,M,Q19801238,resolved by sex
6000000027453577686,Luís,M,Q19801238,resolved by sex
6000000029855631757,Luís,M,Q19801238,resolved by sex
6000000040837657331,Luís,M,Q19801238,resolved by sex
6000000041813899962,Luís,M,Q19801238,resolved by sex
6000000046093178487,Luís,M,Q19801238,resolved by sex
6000000050701696417,Luís,M,Q19801238,resolved by sex
6000000051754024081,Luís,M,Q19801238,resolved by sex
6000000071717381017,Luís,M,Q19801238,resolved by sex
6000000071872688843,Luís,M,Q19801238,resolved by sex
6000000072119686835,Luís,M,Q19801238,resolved by sex
6000000074372122991,Luís,M,Q19801238,resolved by sex
6000000078931355988,Luís,M,Q19801238,resolved by sex
6000000078937433136,Luís,M,Q19801238,resolved by sex
6000000080100531851,Luís,M,Q19801238,resolved by sex
6000000081469250438,Luís,M,Q19801238,resolved by sex
6000000081537375224,Luís,M,Q19801238,resolved by sex
6000000083943553417,Luís,M,Q19801238,resolved by sex
6000000085064617843,Luís,M,Q19801238,resolved by sex
6000000087335790997,Luís,M,Q19801238,resolved by sex
6000000088958764958,Luís,M,Q19801238,resolved by sex
6000000091155023840,Luís,M,Q19801238,resolved by sex
6000000091213495828,Luís,M,Q19801238,resolved by sex
6000000095342675170,Luís,M,Q19801238,resolved by sex
6000000095692881061,Luís,M,Q19801238,resolved by sex
6000000095695225241,Luís,M,Q19801238,resolved by sex
6000000095696840942,Luís,M,Q19801238,resolved by sex
6000000140435709838,Luís,M,Q19801238,resolved by sex
6000000166191465138,Luís,M,Q19801238,resolved by sex
6000000185672104824,Luís,M,Q19801238,resolved by sex
6000000188311337864,Luís,M,Q19801238,resolved by sex
6000000188712386829,Luís,M,Q19801238,resolved by sex
6000000191480522841,Luís,M,Q19801238,resolved by sex
6000000191840233824,Luís,M,Q19801238,resolved by sex
6000000197217464845,Luís,M,Q19801238,resolved by sex
6000000197546983825,Luís,M,Q19801238,resolved by sex
6000000205013024855,Luís,M,Q19801238,resolved by sex
6000000205077215834,Luís,M,Q19801238,resolved by sex
6000000207917615855,Luís,M,Q19801238,resolved by sex
6000000222354488900,Luís,M,Q19801238,resolved by sex
6000000222354488900,Luís,M,Q19801238,resolved by sex
6000000041052515814,MARÍA,F,Q18088640,resolved by sex
6000000081139782824,MARÍA,F,Q18088640,resolved by sex
6000000081139782824,MARÍA,F,Q18088640,resolved by sex
6000000181792312844,MARÍA,F,Q18088640,resolved by sex
6000000003230989689,Macan,F,Q94032839,no recorded sex; generic given-name item
6000000026270246400,Macan,M,Q96653553,resolved by sex
6000000039037305936,Macan,M,Q96653553,resolved by sex
5200353694150105739,Mackay,M,Q105437204,resolved by sex
6000000001842981293,Mackay,M,Q105437204,resolved by sex
6000000001842981377,Mackay,M,Q105437204,resolved by sex
6000000002207688622,Mackay,M,Q105437204,resolved by sex
6000000054083924911,Mackay,M,Q105437204,resolved by sex
6000000008980868744,Maj,M,Q12795434,resolved by sex
6000000019501535823,Maj,F,Q16421734,resolved by sex
6000000023682506137,Maj,F,Q16421734,resolved by sex
6000000047624679941,Maj,M,Q12795434,resolved by sex
6000000047702092005,Maj,M,Q12795434,resolved by sex
6000000194142877839,Maj,F,Q16421734,resolved by sex
6000000204254051858,Maj,F,Q16421734,resolved by sex
6000000220874837405,Maj,F,Q16421734,resolved by sex
6000000223231870476,Maj,M,Q12795434,resolved by sex
6000000223232483054,Maj,M,Q12795434,resolved by sex
6000000003636060858,Mann,M,Q93437461,resolved by sex
6000000006167522101,Mann,M,Q93437461,resolved by sex
6000000034515536477,Mann,M,Q93437461,resolved by sex
6000000151861196990,Mann,M,Q93437461,resolved by sex
6000000203745639837,Mann,F,Q125555223,resolved by sex
6000000082614080888,Mare,M,Q12754900,resolved by sex
6000000182073582872,Mare,M,Q12754900,resolved by sex
383363629910003171,Mari,M,Q16421882,resolved by sex
4482087067250014992,Mari,F,Q138028596,resolved by sex
4850236092500086224,Mari,F,Q138028596,resolved by sex
4889789957600128654,Mari,F,Q138028596,resolved by sex
4889789957600128654,Mari,F,Q138028596,resolved by sex
4915537518240033108,Mari,F,Q138028596,resolved by sex
5200336173260062227,Mari,F,Q138028596,resolved by sex
5528688995880051257,Mari,F,Q138028596,resolved by sex
6000000000348850434,Mari,M,Q16421882,resolved by sex
6000000000348850449,Mari,F,Q138028596,resolved by sex
6000000000348876558,Mari,F,Q138028596,resolved by sex
6000000000348889168,Mari,M,Q16421882,resolved by sex
6000000000434365315,Mari,F,Q138028596,resolved by sex
6000000001169235895,Mari,F,Q138028596,resolved by sex
6000000001169235940,Mari,F,Q138028596,resolved by sex
6000000001491924881,Mari,F,Q138028596,resolved by sex
6000000001499175499,Mari,F,Q138028596,resolved by sex
6000000001499188892,Mari,F,Q138028596,resolved by sex
6000000001781692227,Mari,F,Q138028596,resolved by sex
6000000001781692227,Mari,F,Q138028596,resolved by sex
6000000002090091604,Mari,F,Q138028596,resolved by sex
6000000002187920079,Mari,M,Q16421882,resolved by sex
6000000002225834342,Mari,F,Q138028596,resolved by sex
6000000002374539778,Mari,F,Q138028596,resolved by sex
6000000002446895661,Mari,F,Q138028596,resolved by sex
6000000002665034939,Mari,F,Q138028596,resolved by sex
6000000002809600201,Mari,F,Q138028596,resolved by sex
6000000002847661365,Mari,F,Q138028596,resolved by sex
6000000002893473783,Mari,F,Q138028596,resolved by sex
6000000002893473783,Mari,F,Q138028596,resolved by sex
6000000003094989000,Mari,F,Q138028596,resolved by sex
6000000003094992284,Mari,F,Q138028596,resolved by sex
6000000003299065436,Mari,F,Q138028596,resolved by sex
6000000003319474103,Mari,F,Q138028596,resolved by sex
6000000003492022876,Mari,F,Q138028596,resolved by sex
6000000003492072268,Mari,F,Q138028596,resolved by sex
6000000003495148202,Mari,M,Q16421882,resolved by sex
6000000003495148225,Mari,M,Q16421882,resolved by sex
6000000003875720994,Mari,F,Q138028596,resolved by sex
6000000005573729083,Mari,F,Q138028596,resolved by sex
6000000005607082821,Mari,F,Q138028596,resolved by sex
6000000005607187973,Mari,F,Q138028596,resolved by sex
6000000005607326267,Mari,F,Q138028596,resolved by sex
6000000005607475374,Mari,F,Q138028596,resolved by sex
6000000005607524517,Mari,F,Q138028596,resolved by sex
6000000005609571077,Mari,F,Q138028596,resolved by sex
6000000006272744486,Mari,F,Q138028596,resolved by sex
6000000006300475703,Mari,F,Q138028596,resolved by sex
6000000006301176343,Mari,F,Q138028596,resolved by sex
6000000006411920888,Mari,F,Q138028596,resolved by sex
6000000006412386019,Mari,F,Q138028596,resolved by sex
6000000006502318009,Mari,F,Q138028596,resolved by sex
6000000006836233839,Mari,F,Q138028596,resolved by sex
6000000007224278389,Mari,F,Q138028596,resolved by sex
6000000007247830286,Mari,F,Q138028596,resolved by sex
6000000007247830286,Mari,F,Q138028596,resolved by sex
6000000007247830286,Mari,F,Q138028596,resolved by sex
6000000007333659353,Mari,F,Q138028596,resolved by sex
6000000007391664355,Mari,F,Q138028596,resolved by sex
6000000007401308746,Mari,F,Q138028596,resolved by sex
6000000007442999424,Mari,F,Q138028596,resolved by sex
6000000007635997636,Mari,F,Q138028596,resolved by sex
6000000007853166453,Mari,F,Q138028596,resolved by sex
6000000007860844297,Mari,F,Q138028596,resolved by sex
6000000007884668045,Mari,F,Q138028596,resolved by sex
6000000007905101329,Mari,F,Q138028596,resolved by sex
6000000007980773303,Mari,F,Q138028596,resolved by sex
6000000008648520683,Mari,F,Q138028596,resolved by sex
6000000008648520683,Mari,F,Q138028596,resolved by sex
6000000008685850767,Mari,F,Q138028596,resolved by sex
6000000009326727373,Mari,F,Q138028596,resolved by sex
6000000009368271181,Mari,F,Q138028596,resolved by sex
6000000009428740509,Mari,F,Q138028596,resolved by sex
6000000009479244055,Mari,F,Q138028596,resolved by sex
6000000010371849160,Mari,F,Q138028596,resolved by sex
6000000010695957630,Mari,F,Q138028596,resolved by sex
6000000010806756263,Mari,F,Q138028596,resolved by sex
6000000011057373292,Mari,F,Q138028596,resolved by sex
6000000011400645728,Mari,F,Q138028596,resolved by sex
6000000011515494070,Mari,F,Q138028596,resolved by sex
6000000011748525248,Mari,F,Q138028596,resolved by sex
6000000011904737780,Mari,F,Q138028596,resolved by sex
6000000012071869651,Mari,F,Q138028596,resolved by sex
6000000012071869651,Mari,F,Q138028596,resolved by sex
6000000012559323219,Mari,F,Q138028596,resolved by sex
6000000012559323219,Mari,F,Q138028596,resolved by sex
6000000013927427447,Mari,F,Q138028596,resolved by sex
6000000014262144040,Mari,F,Q138028596,resolved by sex
6000000014262144040,Mari,F,Q138028596,resolved by sex
6000000014567161019,Mari,F,Q138028596,resolved by sex
6000000014586503450,Mari,F,Q138028596,resolved by sex
6000000014643382742,Mari,F,Q138028596,resolved by sex
6000000015539685251,Mari,F,Q138028596,resolved by sex
6000000015549681032,Mari,F,Q138028596,resolved by sex
6000000015700268252,Mari,F,Q138028596,resolved by sex
6000000016432153456,Mari,F,Q138028596,resolved by sex
6000000016881769431,Mari,M,Q16421882,resolved by sex
6000000017153834102,Mari,F,Q138028596,resolved by sex
6000000017178028146,Mari,M,Q16421882,resolved by sex
6000000018451651516,Mari,F,Q138028596,resolved by sex
6000000018649635056,Mari,F,Q138028596,resolved by sex
6000000018972843124,Mari,F,Q138028596,resolved by sex
6000000018977899286,Mari,F,Q138028596,resolved by sex
6000000019063489164,Mari,F,Q138028596,resolved by sex
6000000019082775687,Mari,M,Q16421882,resolved by sex
6000000019185019643,Mari,F,Q138028596,resolved by sex
6000000019347732353,Mari,F,Q138028596,resolved by sex
6000000019366226560,Mari,F,Q138028596,resolved by sex
6000000019368965753,Mari,F,Q138028596,resolved by sex
6000000019397227942,Mari,F,Q138028596,resolved by sex
6000000019404498297,Mari,F,Q138028596,resolved by sex
6000000019866379214,Mari,F,Q138028596,resolved by sex
6000000019883611943,Mari,F,Q138028596,resolved by sex
6000000020150242929,Mari,M,Q16421882,resolved by sex
6000000020451353601,Mari,F,Q138028596,resolved by sex
6000000020516332817,Mari,F,Q138028596,resolved by sex
6000000021503536474,Mari,F,Q138028596,resolved by sex
6000000022278527670,Mari,F,Q138028596,resolved by sex
6000000022554273906,Mari,F,Q138028596,resolved by sex
6000000022554999396,Mari,F,Q138028596,resolved by sex
6000000022808942781,Mari,F,Q138028596,resolved by sex
6000000022866200359,Mari,F,Q138028596,resolved by sex
6000000023158740551,Mari,F,Q138028596,resolved by sex
6000000023171471323,Mari,F,Q138028596,resolved by sex
6000000023605253898,Mari,F,Q138028596,resolved by sex
6000000023661191330,Mari,F,Q138028596,resolved by sex
6000000023680611675,Mari,F,Q138028596,resolved by sex
6000000023695440339,Mari,F,Q138028596,resolved by sex
6000000023699869072,Mari,F,Q138028596,resolved by sex
6000000024275907786,Mari,F,Q138028596,resolved by sex
6000000024387755595,Mari,F,Q138028596,resolved by sex
6000000024935232588,Mari,F,Q138028596,resolved by sex
6000000025310672240,Mari,F,Q138028596,resolved by sex
6000000025835317894,Mari,F,Q138028596,resolved by sex
6000000026109856984,Mari,F,Q138028596,resolved by sex
6000000026436324708,Mari,F,Q138028596,resolved by sex
6000000026648026382,Mari,F,Q138028596,resolved by sex
6000000027309297108,Mari,F,Q138028596,resolved by sex
6000000028073038686,Mari,F,Q138028596,resolved by sex
6000000028106115737,Mari,F,Q138028596,resolved by sex
6000000029181372080,Mari,F,Q138028596,resolved by sex
6000000029503692021,Mari,F,Q138028596,resolved by sex
6000000030685042671,Mari,F,Q138028596,resolved by sex
6000000034455114003,Mari,F,Q138028596,resolved by sex
6000000034455114003,Mari,F,Q138028596,resolved by sex
6000000035621992622,Mari,F,Q138028596,resolved by sex
6000000036180641386,Mari,F,Q138028596,resolved by sex
6000000037336585001,Mari,F,Q138028596,resolved by sex
6000000037376502180,Mari,F,Q138028596,resolved by sex
6000000037641126832,Mari,F,Q138028596,resolved by sex
6000000037792806718,Mari,F,Q138028596,resolved by sex
6000000038127316091,Mari,F,Q138028596,resolved by sex
6000000038503480018,Mari,F,Q138028596,resolved by sex
6000000040407536928,Mari,F,Q138028596,resolved by sex
6000000040411576100,Mari,F,Q138028596,resolved by sex
6000000040464115018,Mari,F,Q138028596,resolved by sex
6000000040464798958,Mari,F,Q138028596,resolved by sex
6000000040645495055,Mari,F,Q138028596,resolved by sex
6000000040688813255,Mari,F,Q138028596,resolved by sex
6000000040795326405,Mari,F,Q138028596,resolved by sex
6000000041148910071,Mari,F,Q138028596,resolved by sex
6000000041273619895,Mari,M,Q16421882,resolved by sex
6000000041273630946,Mari,M,Q16421882,resolved by sex
6000000041786611250,Mari,F,Q138028596,resolved by sex
6000000044274096974,Mari,F,Q138028596,resolved by sex
6000000052078102998,Mari,M,Q16421882,resolved by sex
6000000052078511010,Mari,M,Q16421882,resolved by sex
6000000054057746861,Mari,F,Q138028596,resolved by sex
6000000057065457891,Mari,F,Q138028596,resolved by sex
6000000058672516003,Mari,F,Q138028596,resolved by sex
6000000059938086867,Mari,F,Q138028596,resolved by sex
6000000060764754946,Mari,F,Q138028596,resolved by sex
6000000076840914799,Mari,F,Q138028596,resolved by sex
6000000076930487859,Mari,F,Q138028596,resolved by sex
6000000077621487501,Mari,F,Q138028596,resolved by sex
6000000080459707502,Mari,F,Q138028596,resolved by sex
6000000081067017894,Mari,F,Q138028596,resolved by sex
6000000081322471238,Mari,F,Q138028596,resolved by sex
6000000081322471238,Mari,F,Q138028596,resolved by sex
6000000081452260880,Mari,F,Q138028596,resolved by sex
6000000081452260880,Mari,F,Q138028596,resolved by sex
6000000083654417132,Mari,F,Q138028596,resolved by sex
6000000084153311920,Mari,F,Q138028596,resolved by sex
6000000093402583092,Mari,F,Q138028596,resolved by sex
6000000093407369931,Mari,F,Q138028596,resolved by sex
6000000093409415945,Mari,F,Q138028596,resolved by sex
6000000093899982943,Mari,F,Q138028596,resolved by sex
6000000103633328891,Mari,F,Q138028596,resolved by sex
6000000108552114930,Mari,M,Q16421882,resolved by sex
6000000108693614860,Mari,F,Q138028596,resolved by sex
6000000109096812855,Mari,F,Q138028596,resolved by sex
6000000109916092951,Mari,F,Q138028596,resolved by sex
6000000110443810861,Mari,F,Q138028596,resolved by sex
6000000110443810861,Mari,F,Q138028596,resolved by sex
6000000111133237333,Mari,F,Q138028596,resolved by sex
6000000112390638842,Mari,F,Q138028596,resolved by sex
6000000112390638842,Mari,F,Q138028596,resolved by sex
6000000118678979825,Mari,F,Q138028596,resolved by sex
6000000121399519821,Mari,F,Q138028596,resolved by sex
6000000121399519821,Mari,F,Q138028596,resolved by sex
6000000128098276850,Mari,F,Q138028596,resolved by sex
6000000128098276850,Mari,F,Q138028596,resolved by sex
6000000135563928709,Mari,F,Q138028596,resolved by sex
6000000135563928709,Mari,F,Q138028596,resolved by sex
6000000138014353861,Mari,F,Q138028596,resolved by sex
6000000138014476878,Mari,F,Q138028596,resolved by sex
6000000142728277824,Mari,F,Q138028596,resolved by sex
6000000142728277824,Mari,F,Q138028596,resolved by sex
6000000145874910845,Mari,F,Q138028596,resolved by sex
6000000146308319183,Mari,F,Q138028596,resolved by sex
6000000155224955837,Mari,F,Q138028596,resolved by sex
6000000159127840939,Mari,F,Q138028596,resolved by sex
6000000168188309884,Mari,F,Q138028596,resolved by sex
6000000168188372924,Mari,F,Q138028596,resolved by sex
6000000169608513959,Mari,M,Q16421882,resolved by sex
6000000169608820038,Mari,M,Q16421882,resolved by sex
6000000169757759027,Mari,F,Q138028596,resolved by sex
6000000172615880376,Mari,F,Q138028596,resolved by sex
6000000173008362123,Mari,F,Q138028596,resolved by sex
6000000174358256833,Mari,F,Q138028596,resolved by sex
6000000175680912869,Mari,F,Q138028596,resolved by sex
6000000175680912869,Mari,F,Q138028596,resolved by sex
6000000175680912869,Mari,F,Q138028596,resolved by sex
6000000176619033831,Mari,F,Q138028596,resolved by sex
6000000177123898824,Mari,F,Q138028596,resolved by sex
6000000177123906869,Mari,F,Q138028596,resolved by sex
6000000177124727832,Mari,F,Q138028596,resolved by sex
6000000177669356848,Mari,F,Q138028596,resolved by sex
6000000178006048828,Mari,F,Q138028596,resolved by sex
6000000178411638970,Mari,F,Q138028596,resolved by sex
6000000178470759826,Mari,F,Q138028596,resolved by sex
6000000178519147848,Mari,F,Q138028596,resolved by sex
6000000178635781828,Mari,F,Q138028596,resolved by sex
6000000180712589823,Mari,F,Q138028596,resolved by sex
6000000181131324834,Mari,F,Q138028596,resolved by sex
6000000181252737822,Mari,F,Q138028596,resolved by sex
6000000181873740842,Mari,F,Q138028596,resolved by sex
6000000182378135829,Mari,F,Q138028596,resolved by sex
6000000182844337891,Mari,F,Q138028596,resolved by sex
6000000186672303863,Mari,F,Q138028596,resolved by sex
6000000186680425835,Mari,F,Q138028596,resolved by sex
6000000187292630833,Mari,F,Q138028596,resolved by sex
6000000187295413891,Mari,F,Q138028596,resolved by sex
6000000189929039837,Mari,F,Q138028596,resolved by sex
6000000190381497887,Mari,F,Q138028596,resolved by sex
6000000190880097884,Mari,F,Q138028596,resolved by sex
6000000190883060833,Mari,F,Q138028596,resolved by sex
6000000190887398825,Mari,F,Q138028596,resolved by sex
6000000191010935871,Mari,F,Q138028596,resolved by sex
6000000191506606916,Mari,F,Q138028596,resolved by sex
6000000191811314833,Mari,F,Q138028596,resolved by sex
6000000192488822824,Mari,F,Q138028596,resolved by sex
6000000192904001831,Mari,F,Q138028596,resolved by sex
6000000192904001831,Mari,F,Q138028596,resolved by sex
6000000193285412842,Mari,F,Q138028596,resolved by sex
6000000194079054832,Mari,F,Q138028596,resolved by sex
6000000194297673823,Mari,F,Q138028596,resolved by sex
6000000194315568832,Mari,F,Q138028596,resolved by sex
6000000194320026837,Mari,F,Q138028596,resolved by sex
6000000194612759821,Mari,F,Q138028596,resolved by sex
6000000195445719862,Mari,F,Q138028596,resolved by sex
6000000195834886821,Mari,F,Q138028596,resolved by sex
6000000196219471928,Mari,F,Q138028596,resolved by sex
6000000196268734899,Mari,F,Q138028596,resolved by sex
6000000199502597838,Mari,F,Q138028596,resolved by sex
6000000199841850883,Mari,F,Q138028596,resolved by sex
6000000202232268916,Mari,F,Q138028596,resolved by sex
6000000202932076828,Mari,F,Q138028596,resolved by sex
6000000204099890880,Mari,M,Q16421882,resolved by sex
6000000204170784907,Mari,F,Q138028596,resolved by sex
6000000204172177821,Mari,F,Q138028596,resolved by sex
6000000205263302834,Mari,F,Q138028596,resolved by sex
6000000205481046872,Mari,F,Q138028596,resolved by sex
6000000205481209853,Mari,F,Q138028596,resolved by sex
6000000206124999826,Mari,F,Q138028596,resolved by sex
6000000206225036847,Mari,M,Q16421882,resolved by sex
6000000206353416834,Mari,F,Q138028596,resolved by sex
6000000206816677883,Mari,F,Q138028596,resolved by sex
6000000206816754871,Mari,F,Q138028596,resolved by sex
6000000206891658783,Mari,F,Q138028596,resolved by sex
6000000208484825827,Mari,F,Q138028596,resolved by sex
6000000212053828829,Mari,F,Q138028596,resolved by sex
6000000212075475822,Mari,F,Q138028596,resolved by sex
6000000212534317822,Mari,F,Q138028596,resolved by sex
6000000213605706821,Mari,F,Q138028596,resolved by sex
6000000217578497824,Mari,F,Q138028596,resolved by sex
6000000217978121853,Mari,F,Q138028596,resolved by sex
6000000218490601821,Mari,F,Q138028596,resolved by sex
6000000219572289825,Mari,F,Q138028596,resolved by sex
6000000219826529830,Mari,F,Q138028596,resolved by sex
6000000219826529830,Mari,F,Q138028596,resolved by sex
6000000219888604864,Mari,F,Q138028596,resolved by sex
6000000221055000898,Mari,F,Q138028596,resolved by sex
6000000221254506865,Mari,F,Q138028596,resolved by sex
6000000222812379849,Mari,F,Q138028596,resolved by sex
6000000222815220873,Mari,F,Q138028596,resolved by sex
6000000223032623852,Mari,F,Q138028596,resolved by sex
6000000224563943835,Mari,F,Q138028596,resolved by sex
6000000000607214432,Marian,F,Q20155725,resolved by sex
6000000001510517574,Marian,F,Q20155725,resolved by sex
6000000001510517924,Marian,F,Q20155725,resolved by sex
6000000004064336883,Marian,F,Q20155725,resolved by sex
6000000007527125225,Marian,F,Q20155725,resolved by sex
6000000009977311712,Marian,M,Q545486,resolved by sex
6000000015085514401,Marian,F,Q20155725,resolved by sex
6000000016509830654,Marian,F,Q20155725,resolved by sex
6000000018272441167,Marian,F,Q20155725,resolved by sex
6000000025890211604,Marian,F,Q20155725,resolved by sex
6000000029643985510,Marian,F,Q20155725,resolved by sex
6000000031372391302,Marian,F,Q20155725,resolved by sex
6000000063253619897,Marian,F,Q20155725,resolved by sex
6000000063311734004,Marian,F,Q20155725,resolved by sex
6000000076863122049,Marian,M,Q545486,resolved by sex
6000000082588800961,Marian,F,Q20155725,resolved by sex
6000000092236188203,Marian,F,Q20155725,resolved by sex
6000000172592230217,Marian,M,Q545486,resolved by sex
6000000174550982846,Marian,F,Q20155725,resolved by sex
6000000177558712931,Marian,M,Q545486,resolved by sex
6000000177558712931,Marian,M,Q545486,resolved by sex
6000000177558712931,Marian,M,Q545486,resolved by sex
6000000203020328825,Marian,F,Q20155725,resolved by sex
6000000214304676821,Marian,F,Q20155725,resolved by sex
6000000219595614885,Marian,F,Q20155725,resolved by sex
5281548942870059091,Marion,M,Q18689525,resolved by sex
6000000000416707574,Marion,M,Q18689525,resolved by sex
6000000001095903779,Marion,F,Q18686588,resolved by sex
6000000001482656825,Marion,M,Q18689525,resolved by sex
6000000002188035856,Marion,F,Q18686588,resolved by sex
6000000002228935604,Marion,M,Q18689525,resolved by sex
6000000002385906026,Marion,F,Q18686588,resolved by sex
6000000002649954646,Marion,F,Q18686588,resolved by sex
6000000002764431997,Marion,F,Q18686588,resolved by sex
6000000003074346885,Marion,M,Q18689525,resolved by sex
6000000004236517767,Marion,F,Q18686588,resolved by sex
6000000004883079082,Marion,F,Q18686588,resolved by sex
6000000005965721909,Marion,M,Q18689525,resolved by sex
6000000005965812389,Marion,M,Q18689525,resolved by sex
6000000005965953604,Marion,M,Q18689525,resolved by sex
6000000005965995352,Marion,M,Q18689525,resolved by sex
6000000005965995362,Marion,M,Q18689525,resolved by sex
6000000006440130870,Marion,M,Q18689525,resolved by sex
6000000006638231002,Marion,M,Q18689525,resolved by sex
6000000007689985222,Marion,M,Q18689525,resolved by sex
6000000010310458900,Marion,M,Q18689525,resolved by sex
6000000010602045267,Marion,F,Q18686588,resolved by sex
6000000011023670280,Marion,F,Q18686588,resolved by sex
6000000011411419802,Marion,F,Q18686588,resolved by sex
6000000013169720156,Marion,F,Q18686588,resolved by sex
6000000013888570119,Marion,F,Q18686588,resolved by sex
6000000014553270273,Marion,M,Q18689525,resolved by sex
6000000014734532778,Marion,F,Q18686588,resolved by sex
6000000015812042315,Marion,M,Q18689525,resolved by sex
6000000017266090223,Marion,M,Q18689525,resolved by sex
6000000018308725775,Marion,F,Q18686588,resolved by sex
6000000019135762550,Marion,F,Q18686588,resolved by sex
6000000019296812839,Marion,F,Q18686588,resolved by sex
6000000020256493142,Marion,F,Q18686588,resolved by sex
6000000020908414972,Marion,F,Q18686588,resolved by sex
6000000024406407723,Marion,M,Q18689525,resolved by sex
6000000024406672177,Marion,M,Q18689525,resolved by sex
6000000024479315804,Marion,M,Q18689525,resolved by sex
6000000026606472631,Marion,M,Q18689525,resolved by sex
6000000027707639048,Marion,F,Q18686588,resolved by sex
6000000027915943535,Marion,F,Q18686588,resolved by sex
6000000028521996488,Marion,F,Q18686588,resolved by sex
6000000028628312558,Marion,F,Q18686588,resolved by sex
6000000030825365369,Marion,F,Q18686588,resolved by sex
6000000032959486736,Marion,M,Q18689525,resolved by sex
6000000034241736005,Marion,F,Q18686588,resolved by sex
6000000040033842178,Marion,M,Q18689525,resolved by sex
6000000041049995640,Marion,F,Q18686588,resolved by sex
6000000044198380265,Marion,F,Q18686588,resolved by sex
6000000046631331005,Marion,F,Q18686588,resolved by sex
6000000054084217902,Marion,F,Q18686588,resolved by sex
6000000066670152877,Marion,F,Q18686588,resolved by sex
6000000067033625102,Marion,M,Q18689525,resolved by sex
6000000068759312842,Marion,M,Q18689525,resolved by sex
6000000069323511849,Marion,M,Q18689525,resolved by sex
6000000074197551873,Marion,M,Q18689525,resolved by sex
6000000075588929859,Marion,F,Q18686588,resolved by sex
6000000077279534348,Marion,F,Q18686588,resolved by sex
6000000082640792522,Marion,F,Q18686588,resolved by sex
6000000082841302931,Marion,F,Q18686588,resolved by sex
6000000084414422821,Marion,F,Q18686588,resolved by sex
6000000086413373845,Marion,F,Q18686588,resolved by sex
6000000089741598840,Marion,F,Q18686588,resolved by sex
6000000100039792466,Marion,M,Q18689525,resolved by sex
6000000109842509028,Marion,F,Q18686588,resolved by sex
6000000129357297913,Marion,M,Q18689525,resolved by sex
6000000131726030880,Marion,F,Q18686588,resolved by sex
6000000170215855150,Marion,M,Q18689525,resolved by sex
6000000179670236853,Marion,F,Q18686588,resolved by sex
6000000183157820898,Marion,F,Q18686588,resolved by sex
6000000187276997400,Marion,F,Q18686588,resolved by sex
6000000195033173824,Marion,M,Q18689525,resolved by sex
6000000196230314916,Marion,F,Q18686588,resolved by sex
6000000199427513830,Marion,F,Q18686588,resolved by sex
6000000205875231831,Marion,F,Q18686588,resolved by sex
6000000206643085831,Marion,F,Q18686588,resolved by sex
6000000224205112003,Marion,F,Q18686588,resolved by sex
6000000224848896828,Marion,F,Q18686588,resolved by sex
6000000226746313832,Marion,F,Q18686588,resolved by sex
6000000000129100012,María,F,Q18088640,resolved by sex
6000000005392053543,María,F,Q18088640,resolved by sex
6000000006131359555,María,F,Q18088640,resolved by sex
6000000006131361907,María,F,Q18088640,resolved by sex
6000000006131361916,María,F,Q18088640,resolved by sex
6000000006131361932,María,F,Q18088640,resolved by sex
6000000020219750950,María,F,Q18088640,resolved by sex
6000000027046481549,María,F,Q18088640,resolved by sex
6000000027047129671,María,F,Q18088640,resolved by sex
6000000074910712305,Marsden,M,Q104265037,resolved by sex
300340430900007929,María,F,Q18088640,resolved by sex
315857583170008059,María,F,Q18088640,resolved by sex
321916402630001826,María,F,Q18088640,resolved by sex
321928352860006346,María,F,Q18088640,resolved by sex
325783652190006505,María,F,Q18088640,resolved by sex
331623999460002170,María,F,Q18088640,resolved by sex
356633369660007964,María,F,Q18088640,resolved by sex
360600295020005443,María,M,Q109785195,resolved by sex
360602105160005438,María,F,Q18088640,resolved by sex
360604898540011581,María,F,Q18088640,resolved by sex
360636487070013281,María,F,Q18088640,resolved by sex
364590380930005143,María,F,Q18088640,resolved by sex
383500523980003189,María,F,Q18088640,resolved by sex
383609009220002255,María,F,Q18088640,resolved by sex
383609009220002255,María,F,Q18088640,resolved by sex
383610029830012440,María,F,Q18088640,resolved by sex
387193150410010351,María,F,Q18088640,resolved by sex
387974922460010433,María,F,Q18088640,resolved by sex
387974922460010433,María,F,Q18088640,resolved by sex
387974922460010433,María,F,Q18088640,resolved by sex
387980032430004096,María,F,Q18088640,resolved by sex
387980919830003123,María,F,Q18088640,resolved by sex
388745598440010482,María,F,Q18088640,resolved by sex
388933841940012523,María,F,Q18088640,resolved by sex
389693213810006538,María,F,Q18088640,resolved by sex
389706428230004368,María,F,Q18088640,resolved by sex
390661078740006592,María,F,Q18088640,resolved by sex
390661594590003441,María,F,Q18088640,resolved by sex
390662480790005984,María,F,Q18088640,resolved by sex
4050127578160121982,María,M,Q109785195,resolved by sex
4052276399960039032,María,F,Q18088640,resolved by sex
4054753060810046764,María,M,Q109785195,resolved by sex
4085562,María,F,Q18088640,resolved by sex
4104905465850020952,María,F,Q18088640,resolved by sex
4110768511140031959,María,F,Q18088640,resolved by sex
4163485480110010102,María,F,Q18088640,resolved by sex
4171290768010123374,María,F,Q18088640,resolved by sex
4171297782030062093,María,F,Q18088640,resolved by sex
4191625469710042138,María,M,Q109785195,resolved by sex
4191733964140126840,María,F,Q18088640,resolved by sex
4196992194420028659,María,F,Q18088640,resolved by sex
4213198561940021307,María,F,Q18088640,resolved by sex
4231708722890016983,María,F,Q18088640,resolved by sex
4231740445990016989,María,F,Q18088640,resolved by sex
4232124558700016959,María,F,Q18088640,resolved by sex
4285886210190017307,María,F,Q18088640,resolved by sex
4298616377890026746,María,F,Q18088640,resolved by sex
4313745188040012502,María,F,Q18088640,resolved by sex
4313745188040012502,María,F,Q18088640,resolved by sex
4321495910140014251,María,F,Q18088640,resolved by sex
4321495910140014251,María,F,Q18088640,resolved by sex
4321657330090014272,María,F,Q18088640,resolved by sex
4322249120200014256,María,F,Q18088640,resolved by sex
4322260431900014260,María,F,Q18088640,resolved by sex
4325084843010014258,María,F,Q18088640,resolved by sex
4325540882760032928,María,F,Q18088640,resolved by sex
4325540882760032928,María,F,Q18088640,resolved by sex
4395548836060018395,María,F,Q18088640,resolved by sex
4397944816380037104,María,F,Q18088640,resolved by sex
4399057758640037709,María,F,Q18088640,resolved by sex
4399374113380071231,María,F,Q18088640,resolved by sex
4403453178450019783,María,F,Q18088640,resolved by sex
4410985148530010652,María,F,Q18088640,resolved by sex
4423886903320021924,María,F,Q18088640,resolved by sex
4443380170480060172,María,M,Q109785195,resolved by sex
4447978580210058493,María,F,Q18088640,resolved by sex
4450330923100079211,María,F,Q18088640,resolved by sex
4463651205530012103,María,F,Q18088640,resolved by sex
4523835302770031038,María,F,Q18088640,resolved by sex
4524129027160050436,María,F,Q18088640,resolved by sex
4524129027160050436,María,F,Q18088640,resolved by sex
4579254576990122465,María,F,Q18088640,resolved by sex
4584688105970125346,María,F,Q18088640,resolved by sex
4584704094790125826,María,F,Q18088640,resolved by sex
4584704094790125826,María,F,Q18088640,resolved by sex
4584727407100042224,María,F,Q18088640,resolved by sex
4596252178150033929,María,F,Q18088640,resolved by sex
4607406219580035877,María,F,Q18088640,resolved by sex
4607406219580035877,María,F,Q18088640,resolved by sex
4607406219580035877,María,F,Q18088640,resolved by sex
4680194164290129276,María,F,Q18088640,resolved by sex
4716238766350036854,María,F,Q18088640,resolved by sex
4718933563320037223,María,F,Q18088640,resolved by sex
4718933563320037223,María,F,Q18088640,resolved by sex
4728473,María,F,Q18088640,resolved by sex
4861245753540066976,María,F,Q18088640,resolved by sex
4882636405170071076,María,F,Q18088640,resolved by sex
4941199161140041834,María,F,Q18088640,resolved by sex
4941199161140041834,María,F,Q18088640,resolved by sex
4941214937090100201,María,F,Q18088640,resolved by sex
4966205416270069097,María,F,Q18088640,resolved by sex
5004492300770057959,María,F,Q18088640,resolved by sex
5004905080630066470,María,F,Q18088640,resolved by sex
5005110729660138240,María,F,Q18088640,resolved by sex
5009855846520074474,María,F,Q18088640,resolved by sex
5009855846520074474,María,F,Q18088640,resolved by sex
5021631247990035961,María,F,Q18088640,resolved by sex
5021704657930036670,María,F,Q18088640,resolved by sex
5026301757240088796,María,F,Q18088640,resolved by sex
5027356653020040914,María,F,Q18088640,resolved by sex
5034635169300027038,María,F,Q18088640,resolved by sex
5052747735170125860,María,F,Q18088640,resolved by sex
5062954219220114436,María,F,Q18088640,resolved by sex
5063026742350061457,María,F,Q18088640,resolved by sex
5063518899600042026,María,F,Q18088640,resolved by sex
5064645944120126537,María,F,Q18088640,resolved by sex
5090215522000109177,María,F,Q18088640,resolved by sex
5095086601390135375,María,F,Q18088640,resolved by sex
5125539731060023189,María,F,Q18088640,resolved by sex
5125610323280072032,María,F,Q18088640,resolved by sex
5140864138780046191,María,F,Q18088640,resolved by sex
5140864138780046191,María,F,Q18088640,resolved by sex
5140887599100138851,María,F,Q18088640,resolved by sex
5140887599100138851,María,F,Q18088640,resolved by sex
5141388029950072781,María,F,Q18088640,resolved by sex
5147188359530057536,María,F,Q18088640,resolved by sex
5150806382190073816,María,F,Q18088640,resolved by sex
5150806382190073816,María,F,Q18088640,resolved by sex
5181221064340114161,María,F,Q18088640,resolved by sex
5233149575060117457,María,F,Q18088640,resolved by sex
5234122444750033213,María,F,Q18088640,resolved by sex
5268306737780121358,María,F,Q18088640,resolved by sex
5268337929430073387,María,F,Q18088640,resolved by sex
5268624258260085183,María,F,Q18088640,resolved by sex
5271092910610073459,María,F,Q18088640,resolved by sex
5271092910610073459,María,F,Q18088640,resolved by sex
5302678004730076538,María,F,Q18088640,resolved by sex
5302979655890051645,María,F,Q18088640,resolved by sex
5304427411390109554,María,F,Q18088640,resolved by sex
5322546468050109379,María,M,Q109785195,resolved by sex
5335371025180074934,María,F,Q18088640,resolved by sex
5335371025180074934,María,F,Q18088640,resolved by sex
5396494364060128814,María,M,Q109785195,resolved by sex
5396497468190025248,María,F,Q18088640,resolved by sex
5406173232800102121,María,F,Q18088640,resolved by sex
5423474697360130576,María,F,Q18088640,resolved by sex
5426879792460074806,María,F,Q18088640,resolved by sex
5527720607140050803,María,F,Q18088640,resolved by sex
5527720607140050803,María,F,Q18088640,resolved by sex
5527720607140050803,María,F,Q18088640,resolved by sex
5549539513980117796,María,F,Q18088640,resolved by sex
5571622648070084535,María,F,Q18088640,resolved by sex
5627860521160035691,María,F,Q18088640,resolved by sex
6000000000068965205,María,F,Q18088640,resolved by sex
6000000000093930461,María,F,Q18088640,resolved by sex
6000000000093930461,María,F,Q18088640,resolved by sex
6000000000093984346,María,F,Q18088640,resolved by sex
6000000000093984346,María,F,Q18088640,resolved by sex
6000000000109919576,María,F,Q18088640,resolved by sex
6000000000109994747,María,F,Q18088640,resolved by sex
6000000000111045939,María,F,Q18088640,resolved by sex
6000000000111087386,María,F,Q18088640,resolved by sex
6000000000111087386,María,F,Q18088640,resolved by sex
6000000000111114126,María,F,Q18088640,resolved by sex
6000000000123282843,María,F,Q18088640,resolved by sex
6000000000123917621,María,F,Q18088640,resolved by sex
6000000000124104734,María,F,Q18088640,resolved by sex
6000000000124890646,María,F,Q18088640,resolved by sex
6000000000125898312,María,F,Q18088640,resolved by sex
6000000000131121701,María,F,Q18088640,resolved by sex
6000000000148727067,María,F,Q18088640,resolved by sex
6000000000171590346,María,F,Q18088640,resolved by sex
6000000000171986046,María,F,Q18088640,resolved by sex
6000000000182961958,María,F,Q18088640,resolved by sex
6000000000185195799,María,F,Q18088640,resolved by sex
6000000000196705613,María,F,Q18088640,resolved by sex
6000000000196705613,María,F,Q18088640,resolved by sex
6000000000198352351,María,F,Q18088640,resolved by sex
6000000000208977224,María,F,Q18088640,resolved by sex
6000000000218014973,María,F,Q18088640,resolved by sex
6000000000218014973,María,F,Q18088640,resolved by sex
6000000000237427725,María,F,Q18088640,resolved by sex
6000000000248946300,María,F,Q18088640,resolved by sex
6000000000257266427,María,F,Q18088640,resolved by sex
6000000000262216595,María,F,Q18088640,resolved by sex
6000000000262342364,María,F,Q18088640,resolved by sex
6000000000264298849,María,F,Q18088640,resolved by sex
6000000000264298849,María,F,Q18088640,resolved by sex
6000000000264718230,María,F,Q18088640,resolved by sex
6000000000267467119,María,F,Q18088640,resolved by sex
6000000000276500146,María,F,Q18088640,resolved by sex
6000000000277162848,María,F,Q18088640,resolved by sex
6000000000295931583,María,F,Q18088640,resolved by sex
6000000000295931583,María,F,Q18088640,resolved by sex
6000000000307254948,María,F,Q18088640,resolved by sex
6000000000307254948,María,F,Q18088640,resolved by sex
6000000000307812013,María,F,Q18088640,resolved by sex
6000000000307812795,María,F,Q18088640,resolved by sex
6000000000307812795,María,F,Q18088640,resolved by sex
6000000000307813467,María,F,Q18088640,resolved by sex
6000000000307813544,María,F,Q18088640,resolved by sex
6000000000307813544,María,F,Q18088640,resolved by sex
6000000000307815830,María,F,Q18088640,resolved by sex
6000000000307815830,María,F,Q18088640,resolved by sex
6000000000307817965,María,F,Q18088640,resolved by sex
6000000000307817965,María,F,Q18088640,resolved by sex
6000000000307819074,María,F,Q18088640,resolved by sex
6000000000307819074,María,F,Q18088640,resolved by sex
6000000000307819766,María,F,Q18088640,resolved by sex
6000000000307821084,María,F,Q18088640,resolved by sex
6000000000307821084,María,F,Q18088640,resolved by sex
6000000000340735202,María,F,Q18088640,resolved by sex
6000000000368435180,María,F,Q18088640,resolved by sex
6000000000394260974,María,F,Q18088640,resolved by sex
6000000000394260974,María,F,Q18088640,resolved by sex
6000000000398400609,María,F,Q18088640,resolved by sex
6000000000398400609,María,F,Q18088640,resolved by sex
6000000000398400609,María,F,Q18088640,resolved by sex
6000000000398441417,María,F,Q18088640,resolved by sex
6000000000398765703,María,F,Q18088640,resolved by sex
6000000000398765703,María,F,Q18088640,resolved by sex
6000000000398905494,María,F,Q18088640,resolved by sex
6000000000400787670,María,F,Q18088640,resolved by sex
6000000000400798445,María,F,Q18088640,resolved by sex
6000000000401580390,María,F,Q18088640,resolved by sex
6000000000401580747,María,F,Q18088640,resolved by sex
6000000000401580849,María,F,Q18088640,resolved by sex
6000000000401580970,María,F,Q18088640,resolved by sex
6000000000401583326,María,F,Q18088640,resolved by sex
6000000000401585301,María,F,Q18088640,resolved by sex
6000000000401585597,María,F,Q18088640,resolved by sex
6000000000401585628,María,F,Q18088640,resolved by sex
6000000000401585628,María,F,Q18088640,resolved by sex
6000000000401594355,María,F,Q18088640,resolved by sex
6000000000401594371,María,F,Q18088640,resolved by sex
6000000000401594586,María,F,Q18088640,resolved by sex
6000000000401594986,María,F,Q18088640,resolved by sex
6000000000401596021,María,F,Q18088640,resolved by sex
6000000000406157896,María,F,Q18088640,resolved by sex
6000000000406157896,María,F,Q18088640,resolved by sex
6000000000406178272,María,F,Q18088640,resolved by sex
6000000000406288635,María,F,Q18088640,resolved by sex
6000000000406288635,María,F,Q18088640,resolved by sex
6000000000412560935,María,F,Q18088640,resolved by sex
6000000000412569101,María,F,Q18088640,resolved by sex
6000000000412569227,María,F,Q18088640,resolved by sex
6000000000412569227,María,F,Q18088640,resolved by sex
6000000000412569497,María,F,Q18088640,resolved by sex
6000000000412569785,María,F,Q18088640,resolved by sex
6000000000412569785,María,F,Q18088640,resolved by sex
6000000000417344981,María,F,Q18088640,resolved by sex
6000000000422399990,María,F,Q18088640,resolved by sex
6000000000423024008,María,F,Q18088640,resolved by sex
6000000000424667183,María,F,Q18088640,resolved by sex
6000000000424667561,María,F,Q18088640,resolved by sex
6000000000424970784,María,F,Q18088640,resolved by sex
6000000000433428834,María,F,Q18088640,resolved by sex
6000000000436596919,María,F,Q18088640,resolved by sex
6000000000446487396,María,F,Q18088640,resolved by sex
6000000000446620038,María,F,Q18088640,resolved by sex
6000000000456782771,María,F,Q18088640,resolved by sex
6000000000461521954,María,F,Q18088640,resolved by sex
6000000000461683603,María,F,Q18088640,resolved by sex
6000000000461683603,María,F,Q18088640,resolved by sex
6000000000461712521,María,F,Q18088640,resolved by sex
6000000000461712521,María,F,Q18088640,resolved by sex
6000000000462112257,María,F,Q18088640,resolved by sex
6000000000462491267,María,F,Q18088640,resolved by sex
6000000000462726642,María,F,Q18088640,resolved by sex
6000000000462726642,María,F,Q18088640,resolved by sex
6000000000463212260,María,F,Q18088640,resolved by sex
6000000000463212260,María,F,Q18088640,resolved by sex
6000000000467461198,María,F,Q18088640,resolved by sex
6000000000467461198,María,F,Q18088640,resolved by sex
6000000000477457505,María,F,Q18088640,resolved by sex
6000000000477457505,María,F,Q18088640,resolved by sex
6000000000477677694,María,F,Q18088640,resolved by sex
6000000000477761572,María,F,Q18088640,resolved by sex
6000000000477761572,María,F,Q18088640,resolved by sex
6000000000479163036,María,F,Q18088640,resolved by sex
6000000000479294759,María,F,Q18088640,resolved by sex
6000000000490661061,María,F,Q18088640,resolved by sex
6000000000490897849,María,F,Q18088640,resolved by sex
6000000000491342097,María,F,Q18088640,resolved by sex
6000000000493726470,María,M,Q109785195,resolved by sex
6000000000496907039,María,F,Q18088640,resolved by sex
6000000000500527195,María,F,Q18088640,resolved by sex
6000000000505336645,María,F,Q18088640,resolved by sex
6000000000507578172,María,F,Q18088640,resolved by sex
6000000000507578172,María,F,Q18088640,resolved by sex
6000000000508868914,María,F,Q18088640,resolved by sex
6000000000517990468,María,F,Q18088640,resolved by sex
6000000000517990468,María,F,Q18088640,resolved by sex
6000000000525578424,María,F,Q18088640,resolved by sex
6000000000533539177,María,F,Q18088640,resolved by sex
6000000000548946222,María,F,Q18088640,resolved by sex
6000000000548946222,María,F,Q18088640,resolved by sex
6000000000548952459,María,F,Q18088640,resolved by sex
6000000000548952459,María,F,Q18088640,resolved by sex
6000000000565568250,María,F,Q18088640,resolved by sex
6000000000592683514,María,F,Q18088640,resolved by sex
6000000000607976486,María,F,Q18088640,resolved by sex
6000000000607976486,María,F,Q18088640,resolved by sex
6000000000609360022,María,F,Q18088640,resolved by sex
6000000000614406974,María,F,Q18088640,resolved by sex
6000000000614472874,María,F,Q18088640,resolved by sex
6000000000619227829,María,F,Q18088640,resolved by sex
6000000000619227829,María,F,Q18088640,resolved by sex
6000000000636786289,María,M,Q109785195,resolved by sex
6000000000636786289,María,M,Q109785195,resolved by sex
6000000000640391267,María,F,Q18088640,resolved by sex
6000000000640964122,María,F,Q18088640,resolved by sex
6000000000641482409,María,F,Q18088640,resolved by sex
6000000000641604215,María,F,Q18088640,resolved by sex
6000000000647347942,María,F,Q18088640,resolved by sex
6000000000661490966,María,F,Q18088640,resolved by sex
6000000000661490966,María,F,Q18088640,resolved by sex
6000000000667498952,María,F,Q18088640,resolved by sex
6000000000669157474,María,F,Q18088640,resolved by sex
6000000000684076173,María,F,Q18088640,resolved by sex
6000000000689696046,María,F,Q18088640,resolved by sex
6000000000701987442,María,F,Q18088640,resolved by sex
6000000000701987442,María,F,Q18088640,resolved by sex
6000000000741726672,María,F,Q18088640,resolved by sex
6000000000746357783,María,F,Q18088640,resolved by sex
6000000000747244237,María,F,Q18088640,resolved by sex
6000000000750327462,María,F,Q18088640,resolved by sex
6000000000750327462,María,F,Q18088640,resolved by sex
6000000000750327462,María,F,Q18088640,resolved by sex
6000000000750488170,María,M,Q109785195,resolved by sex
6000000000796819061,María,F,Q18088640,resolved by sex
6000000000796819061,María,F,Q18088640,resolved by sex
6000000000819338010,María,F,Q18088640,resolved by sex
6000000000819338671,María,F,Q18088640,resolved by sex
6000000000835043259,María,F,Q18088640,resolved by sex
6000000000850681638,María,F,Q18088640,resolved by sex
6000000000850684196,María,F,Q18088640,resolved by sex
6000000000850684286,María,M,Q109785195,resolved by sex
6000000000850684509,María,F,Q18088640,resolved by sex
6000000000850684542,María,F,Q18088640,resolved by sex
6000000000850684553,María,F,Q18088640,resolved by sex
6000000000850684572,María,F,Q18088640,resolved by sex
6000000000850684586,María,F,Q18088640,resolved by sex
6000000000850684626,María,F,Q18088640,resolved by sex
6000000000850684721,María,F,Q18088640,resolved by sex
6000000000850684762,María,F,Q18088640,resolved by sex
6000000000850684778,María,F,Q18088640,resolved by sex
6000000000850688079,María,F,Q18088640,resolved by sex
6000000000850688106,María,F,Q18088640,resolved by sex
6000000000850688175,María,M,Q109785195,resolved by sex
6000000000850688220,María,F,Q18088640,resolved by sex
6000000000850688231,María,F,Q18088640,resolved by sex
6000000000850688242,María,F,Q18088640,resolved by sex
6000000000850688407,María,F,Q18088640,resolved by sex
6000000000850688434,María,F,Q18088640,resolved by sex
6000000000850688531,María,F,Q18088640,resolved by sex
6000000000850688671,María,F,Q18088640,resolved by sex
6000000000850688701,María,F,Q18088640,resolved by sex
6000000000850688741,María,F,Q18088640,resolved by sex
6000000000850698133,María,F,Q18088640,resolved by sex
6000000000850724539,María,F,Q18088640,resolved by sex
6000000000850730710,María,F,Q18088640,resolved by sex
6000000000850730740,María,M,Q109785195,resolved by sex
6000000000850734119,María,F,Q18088640,resolved by sex
6000000000850739668,María,F,Q18088640,resolved by sex
6000000000868534162,María,F,Q18088640,resolved by sex
6000000000868534747,María,F,Q18088640,resolved by sex
6000000000868536676,María,F,Q18088640,resolved by sex
6000000000868537457,María,F,Q18088640,resolved by sex
6000000000868537697,María,F,Q18088640,resolved by sex
6000000000868540647,María,F,Q18088640,resolved by sex
6000000000868540647,María,F,Q18088640,resolved by sex
6000000000868544873,María,F,Q18088640,resolved by sex
6000000000868544940,María,F,Q18088640,resolved by sex
6000000000868555270,María,F,Q18088640,resolved by sex
6000000000868555270,María,F,Q18088640,resolved by sex
6000000000885287327,María,F,Q18088640,resolved by sex
6000000000907391946,María,F,Q18088640,resolved by sex
6000000000907396524,María,F,Q18088640,resolved by sex
6000000000907403294,María,F,Q18088640,resolved by sex
6000000000907406450,María,F,Q18088640,resolved by sex
6000000000907432005,María,F,Q18088640,resolved by sex
6000000000907432015,María,F,Q18088640,resolved by sex
6000000000907445677,María,F,Q18088640,resolved by sex
6000000000907453484,María,F,Q18088640,resolved by sex
6000000000907453948,María,F,Q18088640,resolved by sex
6000000000907453999,María,F,Q18088640,resolved by sex
6000000000907453999,María,F,Q18088640,resolved by sex
6000000000907455007,María,F,Q18088640,resolved by sex
6000000000907455015,María,F,Q18088640,resolved by sex
6000000000907455023,María,F,Q18088640,resolved by sex
6000000000907455031,María,F,Q18088640,resolved by sex
6000000000907466614,María,F,Q18088640,resolved by sex
6000000000907477638,María,F,Q18088640,resolved by sex
6000000000907489417,María,M,Q109785195,resolved by sex
6000000000907507512,María,F,Q18088640,resolved by sex
6000000000907515477,María,F,Q18088640,resolved by sex
6000000000907516566,María,F,Q18088640,resolved by sex
6000000000907516717,María,F,Q18088640,resolved by sex
6000000000907542307,María,F,Q18088640,resolved by sex
6000000000907553790,María,F,Q18088640,resolved by sex
6000000000916486390,María,F,Q18088640,resolved by sex
6000000000918445535,María,M,Q109785195,resolved by sex
6000000000973136508,María,F,Q18088640,resolved by sex
6000000000976458296,María,F,Q18088640,resolved by sex
6000000000991617023,María,F,Q18088640,resolved by sex
6000000000991617023,María,F,Q18088640,resolved by sex
6000000001000896029,María,F,Q18088640,resolved by sex
6000000001014646556,María,F,Q18088640,resolved by sex
6000000001023174795,María,F,Q18088640,resolved by sex
6000000001023685248,María,F,Q18088640,resolved by sex
6000000001023685248,María,F,Q18088640,resolved by sex
6000000001030755260,María,F,Q18088640,resolved by sex
6000000001031015474,María,F,Q18088640,resolved by sex
6000000001031015474,María,F,Q18088640,resolved by sex
6000000001031852667,María,F,Q18088640,resolved by sex
6000000001031861557,María,F,Q18088640,resolved by sex
6000000001116855238,María,F,Q18088640,resolved by sex
6000000001147683047,María,F,Q18088640,resolved by sex
6000000001148197812,María,F,Q18088640,resolved by sex
6000000001171289301,María,F,Q18088640,resolved by sex
6000000001171672358,María,F,Q18088640,resolved by sex
6000000001188430121,María,F,Q18088640,resolved by sex
6000000001188430121,María,F,Q18088640,resolved by sex
6000000001266689083,María,F,Q18088640,resolved by sex
6000000001275570383,María,F,Q18088640,resolved by sex
6000000001275895152,María,F,Q18088640,resolved by sex
6000000001276575046,María,F,Q18088640,resolved by sex
6000000001277112346,María,F,Q18088640,resolved by sex
6000000001278460165,María,F,Q18088640,resolved by sex
6000000001279066013,María,F,Q18088640,resolved by sex
6000000001287903126,María,F,Q18088640,resolved by sex
6000000001291653469,María,F,Q18088640,resolved by sex
6000000001291721016,María,F,Q18088640,resolved by sex
6000000001315708121,María,F,Q18088640,resolved by sex
6000000001315708121,María,F,Q18088640,resolved by sex
6000000001338179487,María,F,Q18088640,resolved by sex
6000000001338179487,María,F,Q18088640,resolved by sex
6000000001342633370,María,F,Q18088640,resolved by sex
6000000001342633370,María,F,Q18088640,resolved by sex
6000000001368067538,María,F,Q18088640,resolved by sex
6000000001368225001,María,F,Q18088640,resolved by sex
6000000001368243093,María,F,Q18088640,resolved by sex
6000000001382500888,María,F,Q18088640,resolved by sex
6000000001382920113,María,F,Q18088640,resolved by sex
6000000001384794754,María,F,Q18088640,resolved by sex
6000000001412870915,María,F,Q18088640,resolved by sex
6000000001412870915,María,F,Q18088640,resolved by sex
6000000001412933245,María,F,Q18088640,resolved by sex
6000000001415840018,María,F,Q18088640,resolved by sex
6000000001422278852,María,F,Q18088640,resolved by sex
6000000001435426634,María,F,Q18088640,resolved by sex
6000000001435426816,María,M,Q109785195,resolved by sex
6000000001435528094,María,F,Q18088640,resolved by sex
6000000001487277031,María,F,Q18088640,resolved by sex
6000000001500731466,María,F,Q18088640,resolved by sex
6000000001500738170,María,F,Q18088640,resolved by sex
6000000001500743301,María,F,Q18088640,resolved by sex
6000000001500750069,María,F,Q18088640,resolved by sex
6000000001500750079,María,F,Q18088640,resolved by sex
6000000001500768477,María,F,Q18088640,resolved by sex
6000000001500768720,María,F,Q18088640,resolved by sex
6000000001500768984,María,M,Q109785195,resolved by sex
6000000001500768992,María,M,Q109785195,resolved by sex
6000000001500774012,María,F,Q18088640,resolved by sex
6000000001500774020,María,F,Q18088640,resolved by sex
6000000001500774038,María,F,Q18088640,resolved by sex
6000000001500774531,María,F,Q18088640,resolved by sex
6000000001500774759,María,F,Q18088640,resolved by sex
6000000001500774793,María,F,Q18088640,resolved by sex
6000000001500781213,María,F,Q18088640,resolved by sex
6000000001500789973,María,F,Q18088640,resolved by sex
6000000001500792102,María,F,Q18088640,resolved by sex
6000000001500792118,María,F,Q18088640,resolved by sex
6000000001500797469,María,F,Q18088640,resolved by sex
6000000001500797752,María,F,Q18088640,resolved by sex
6000000001500799524,María,F,Q18088640,resolved by sex
6000000001500799607,María,F,Q18088640,resolved by sex
6000000001500799673,María,F,Q18088640,resolved by sex
6000000001500799766,María,F,Q18088640,resolved by sex
6000000001500800736,María,F,Q18088640,resolved by sex
6000000001500803229,María,F,Q18088640,resolved by sex
6000000001500803326,María,F,Q18088640,resolved by sex
6000000001500806459,María,F,Q18088640,resolved by sex
6000000001500807165,María,F,Q18088640,resolved by sex
6000000001500813408,María,F,Q18088640,resolved by sex
6000000001500813933,María,F,Q18088640,resolved by sex
6000000001500817332,María,F,Q18088640,resolved by sex
6000000001500820048,María,F,Q18088640,resolved by sex
6000000001500824361,María,F,Q18088640,resolved by sex
6000000001500824613,María,F,Q18088640,resolved by sex
6000000001500835071,María,F,Q18088640,resolved by sex
6000000001500847071,María,F,Q18088640,resolved by sex
6000000001507352334,María,F,Q18088640,resolved by sex
6000000001544623612,María,F,Q18088640,resolved by sex
6000000001551914036,María,F,Q18088640,resolved by sex
6000000001553724253,María,F,Q18088640,resolved by sex
6000000001563081187,María,F,Q18088640,resolved by sex
6000000001579468245,María,F,Q18088640,resolved by sex
6000000001579468245,María,F,Q18088640,resolved by sex
6000000001655957584,María,F,Q18088640,resolved by sex
6000000001660299428,María,F,Q18088640,resolved by sex
6000000001667305543,María,F,Q18088640,resolved by sex
6000000001667305543,María,F,Q18088640,resolved by sex
6000000001676625324,María,F,Q18088640,resolved by sex
6000000001676625324,María,F,Q18088640,resolved by sex
6000000001699404821,María,F,Q18088640,resolved by sex
6000000001699404821,María,F,Q18088640,resolved by sex
6000000001699450225,María,F,Q18088640,resolved by sex
6000000001699492961,María,F,Q18088640,resolved by sex
6000000001699496970,María,F,Q18088640,resolved by sex
6000000001699565786,María,F,Q18088640,resolved by sex
6000000001699565808,María,F,Q18088640,resolved by sex
6000000001699573368,María,F,Q18088640,resolved by sex
6000000001699584641,María,F,Q18088640,resolved by sex
6000000001699584648,María,F,Q18088640,resolved by sex
6000000001699584734,María,F,Q18088640,resolved by sex
6000000001699584763,María,M,Q109785195,resolved by sex
6000000001726638949,María,F,Q18088640,resolved by sex
6000000001741278498,María,F,Q18088640,resolved by sex
6000000001749069257,María,F,Q18088640,resolved by sex
6000000001754716551,María,F,Q18088640,resolved by sex
6000000001758798398,María,M,Q109785195,resolved by sex
6000000001758873055,María,F,Q18088640,resolved by sex
6000000001758873393,María,F,Q18088640,resolved by sex
6000000001758873393,María,F,Q18088640,resolved by sex
6000000001758933075,María,F,Q18088640,resolved by sex
6000000001758935136,María,F,Q18088640,resolved by sex
6000000001758955216,María,F,Q18088640,resolved by sex
6000000001758955791,María,F,Q18088640,resolved by sex
6000000001758993981,María,F,Q18088640,resolved by sex
6000000001759000095,María,F,Q18088640,resolved by sex
6000000001759002043,María,F,Q18088640,resolved by sex
6000000001759002043,María,F,Q18088640,resolved by sex
6000000001759035142,María,F,Q18088640,resolved by sex
6000000001759046081,María,F,Q18088640,resolved by sex
6000000001759046421,María,F,Q18088640,resolved by sex
6000000001759050785,María,F,Q18088640,resolved by sex
6000000001759050904,María,F,Q18088640,resolved by sex
6000000001759071726,María,F,Q18088640,resolved by sex
6000000001759071726,María,F,Q18088640,resolved by sex
6000000001781692078,María,F,Q18088640,resolved by sex
6000000001781698756,María,F,Q18088640,resolved by sex
6000000001781701385,María,F,Q18088640,resolved by sex
6000000001781701385,María,F,Q18088640,resolved by sex
6000000001781705962,María,F,Q18088640,resolved by sex
6000000001781705962,María,F,Q18088640,resolved by sex
6000000001790849033,María,F,Q18088640,resolved by sex
6000000001818683085,María,F,Q18088640,resolved by sex
6000000001864370598,María,F,Q18088640,resolved by sex
6000000001864373635,María,F,Q18088640,resolved by sex
6000000001888865429,María,F,Q18088640,resolved by sex
6000000001919342278,María,F,Q18088640,resolved by sex
6000000001919342278,María,F,Q18088640,resolved by sex
6000000001930587834,María,F,Q18088640,resolved by sex
6000000001930697401,María,F,Q18088640,resolved by sex
6000000001957244951,María,F,Q18088640,resolved by sex
6000000001969974316,María,F,Q18088640,resolved by sex
6000000002072658678,María,F,Q18088640,resolved by sex
6000000002078730763,María,F,Q18088640,resolved by sex
6000000002078907226,María,F,Q18088640,resolved by sex
6000000002091635593,María,F,Q18088640,resolved by sex
6000000002105211210,María,F,Q18088640,resolved by sex
6000000002105211210,María,F,Q18088640,resolved by sex
6000000002113409463,María,F,Q18088640,resolved by sex
6000000002113448070,María,M,Q109785195,resolved by sex
6000000002113469212,María,F,Q18088640,resolved by sex
6000000002115751441,María,F,Q18088640,resolved by sex
6000000002116910350,María,F,Q18088640,resolved by sex
6000000002117004245,María,F,Q18088640,resolved by sex
6000000002132390777,María,F,Q18088640,resolved by sex
6000000002188386573,María,M,Q109785195,resolved by sex
6000000002188386629,María,F,Q18088640,resolved by sex
6000000002188409104,María,F,Q18088640,resolved by sex
6000000002188559703,María,F,Q18088640,resolved by sex
6000000002188840126,María,F,Q18088640,resolved by sex
6000000002231018223,María,F,Q18088640,resolved by sex
6000000002241090198,María,F,Q18088640,resolved by sex
6000000002244784399,María,F,Q18088640,resolved by sex
6000000002244837032,María,F,Q18088640,resolved by sex
6000000002250820522,María,F,Q18088640,resolved by sex
6000000002250820522,María,F,Q18088640,resolved by sex
6000000002279616944,María,F,Q18088640,resolved by sex
6000000002289809444,María,F,Q18088640,resolved by sex
6000000002311332711,María,F,Q18088640,resolved by sex
6000000002322342639,María,F,Q18088640,resolved by sex
6000000002329761064,María,F,Q18088640,resolved by sex
6000000002343214573,María,F,Q18088640,resolved by sex
6000000002348309254,María,F,Q18088640,resolved by sex
6000000002348309254,María,F,Q18088640,resolved by sex
6000000002399017364,María,F,Q18088640,resolved by sex
6000000002399790366,María,F,Q18088640,resolved by sex
6000000002399790366,María,F,Q18088640,resolved by sex
6000000002399790366,María,F,Q18088640,resolved by sex
6000000002424090655,María,F,Q18088640,resolved by sex
6000000002454835086,María,F,Q18088640,resolved by sex
6000000002483416193,María,F,Q18088640,resolved by sex
6000000002549139261,María,F,Q18088640,resolved by sex
6000000002549294008,María,F,Q18088640,resolved by sex
6000000002591049887,María,F,Q18088640,resolved by sex
6000000002601061552,María,F,Q18088640,resolved by sex
6000000002698489333,María,F,Q18088640,resolved by sex
6000000002734825909,María,F,Q18088640,resolved by sex
6000000002772477611,María,F,Q18088640,resolved by sex
6000000002899075104,María,F,Q18088640,resolved by sex
6000000002939873629,María,F,Q18088640,resolved by sex
6000000003174507748,María,F,Q18088640,resolved by sex
6000000003174687844,María,F,Q18088640,resolved by sex
6000000003174789889,María,F,Q18088640,resolved by sex
6000000003187821231,María,M,Q109785195,resolved by sex
6000000003187821231,María,M,Q109785195,resolved by sex
6000000003199728452,María,F,Q18088640,resolved by sex
6000000003242645705,María,F,Q18088640,resolved by sex
6000000003246759101,María,F,Q18088640,resolved by sex
6000000003251211834,María,M,Q109785195,resolved by sex
6000000003251211839,María,M,Q109785195,resolved by sex
6000000003253049909,María,F,Q18088640,resolved by sex
6000000003253049909,María,F,Q18088640,resolved by sex
6000000003261226978,María,F,Q18088640,resolved by sex
6000000003265385465,María,F,Q18088640,resolved by sex
6000000003265385465,María,F,Q18088640,resolved by sex
6000000003265385465,María,F,Q18088640,resolved by sex
6000000003273174720,María,F,Q18088640,resolved by sex
6000000003273440380,María,F,Q18088640,resolved by sex
6000000003298178268,María,F,Q18088640,resolved by sex
6000000003310434784,María,F,Q18088640,resolved by sex
6000000003311686790,María,F,Q18088640,resolved by sex
6000000003320133342,María,F,Q18088640,resolved by sex
6000000003336184597,María,F,Q18088640,resolved by sex
6000000003366163395,María,F,Q18088640,resolved by sex
6000000003411261233,María,F,Q18088640,resolved by sex
6000000003423046638,María,F,Q18088640,resolved by sex
6000000003459759860,María,F,Q18088640,resolved by sex
6000000003480431119,María,F,Q18088640,resolved by sex
6000000003492387166,María,F,Q18088640,resolved by sex
6000000003492710472,María,F,Q18088640,resolved by sex
6000000003492710472,María,F,Q18088640,resolved by sex
6000000003493116968,María,F,Q18088640,resolved by sex
6000000003493138717,María,F,Q18088640,resolved by sex
6000000003493250719,María,F,Q18088640,resolved by sex
6000000003493266251,María,F,Q18088640,resolved by sex
6000000003493266307,María,F,Q18088640,resolved by sex
6000000003493283805,María,F,Q18088640,resolved by sex
6000000003537730444,María,F,Q18088640,resolved by sex
6000000003538046034,María,F,Q18088640,resolved by sex
6000000003550464518,María,F,Q18088640,resolved by sex
6000000003574172403,María,F,Q18088640,resolved by sex
6000000003584867372,María,F,Q18088640,resolved by sex
6000000003588769960,María,F,Q18088640,resolved by sex
6000000003589669768,María,F,Q18088640,resolved by sex
6000000003593885258,María,F,Q18088640,resolved by sex
6000000003606995565,María,F,Q18088640,resolved by sex
6000000003637306717,María,F,Q18088640,resolved by sex
6000000003637381526,María,F,Q18088640,resolved by sex
6000000003637388392,María,F,Q18088640,resolved by sex
6000000003654208976,María,F,Q18088640,resolved by sex
6000000003654208976,María,F,Q18088640,resolved by sex
6000000003654705814,María,F,Q18088640,resolved by sex
6000000003654832306,María,F,Q18088640,resolved by sex
6000000003654832306,María,F,Q18088640,resolved by sex
6000000003666920497,María,M,Q109785195,resolved by sex
6000000003701739075,María,F,Q18088640,resolved by sex
6000000003703773647,María,F,Q18088640,resolved by sex
6000000003736966147,María,F,Q18088640,resolved by sex
6000000003761389504,María,F,Q18088640,resolved by sex
6000000003802659389,María,F,Q18088640,resolved by sex
6000000003814928966,María,F,Q18088640,resolved by sex
6000000003827280324,María,F,Q18088640,resolved by sex
6000000003827657576,María,F,Q18088640,resolved by sex
6000000003827957493,María,F,Q18088640,resolved by sex
6000000003827957589,María,F,Q18088640,resolved by sex
6000000003914245163,María,M,Q109785195,resolved by sex
6000000003935484952,María,F,Q18088640,resolved by sex
6000000003984764387,María,F,Q18088640,resolved by sex
6000000003984764387,María,F,Q18088640,resolved by sex
6000000003986692212,María,F,Q18088640,resolved by sex
6000000003986692212,María,F,Q18088640,resolved by sex
6000000003989646399,María,F,Q18088640,resolved by sex
6000000004018352397,María,F,Q18088640,resolved by sex
6000000004036298605,María,F,Q18088640,resolved by sex
6000000004036448246,María,F,Q18088640,resolved by sex
6000000004037931821,María,F,Q18088640,resolved by sex
6000000004057824775,María,F,Q18088640,resolved by sex
6000000004064318903,María,F,Q18088640,resolved by sex
6000000004064318903,María,F,Q18088640,resolved by sex
6000000004064445528,María,F,Q18088640,resolved by sex
6000000004068438251,María,F,Q18088640,resolved by sex
6000000004162656462,María,F,Q18088640,resolved by sex
6000000004172106501,María,M,Q109785195,resolved by sex
6000000004250708393,María,F,Q18088640,resolved by sex
6000000004269665437,María,F,Q18088640,resolved by sex
6000000004307144402,María,F,Q18088640,resolved by sex
6000000004370503082,María,F,Q18088640,resolved by sex
6000000004370503082,María,F,Q18088640,resolved by sex
6000000004533414382,María,F,Q18088640,resolved by sex
6000000004550787289,María,F,Q18088640,resolved by sex
6000000004555078076,María,F,Q18088640,resolved by sex
6000000004566365668,María,F,Q18088640,resolved by sex
6000000004570704255,María,F,Q18088640,resolved by sex
6000000004575669057,María,F,Q18088640,resolved by sex
6000000004581159225,María,F,Q18088640,resolved by sex
6000000004588646721,María,F,Q18088640,resolved by sex
6000000004591056036,María,F,Q18088640,resolved by sex
6000000004591056036,María,F,Q18088640,resolved by sex
6000000004629925749,María,F,Q18088640,resolved by sex
6000000004629925749,María,F,Q18088640,resolved by sex
6000000004630090356,María,F,Q18088640,resolved by sex
6000000004638154666,María,F,Q18088640,resolved by sex
6000000004654957929,María,F,Q18088640,resolved by sex
6000000004657220195,María,F,Q18088640,resolved by sex
6000000004660592409,María,F,Q18088640,resolved by sex
6000000004691090590,María,F,Q18088640,resolved by sex
6000000004831804397,María,F,Q18088640,resolved by sex
6000000004847122117,María,F,Q18088640,resolved by sex
6000000004858500448,María,F,Q18088640,resolved by sex
6000000004869146473,María,F,Q18088640,resolved by sex
6000000004957459611,María,F,Q18088640,resolved by sex
6000000004988344492,María,F,Q18088640,resolved by sex
6000000004996244962,María,F,Q18088640,resolved by sex
6000000004996244962,María,F,Q18088640,resolved by sex
6000000004996244962,María,F,Q18088640,resolved by sex
6000000005024502113,María,F,Q18088640,resolved by sex
6000000005024521469,María,F,Q18088640,resolved by sex
6000000005024521498,María,F,Q18088640,resolved by sex
6000000005024521528,María,F,Q18088640,resolved by sex
6000000005051436491,María,F,Q18088640,resolved by sex
6000000005061172792,María,F,Q18088640,resolved by sex
6000000005061172792,María,F,Q18088640,resolved by sex
6000000005070629515,María,F,Q18088640,resolved by sex
6000000005070629515,María,F,Q18088640,resolved by sex
6000000005101943761,María,F,Q18088640,resolved by sex
6000000005106597003,María,F,Q18088640,resolved by sex
6000000005106597003,María,F,Q18088640,resolved by sex
6000000005122390002,María,F,Q18088640,resolved by sex
6000000005122390002,María,F,Q18088640,resolved by sex
6000000005127161043,María,F,Q18088640,resolved by sex
6000000005391948442,María,F,Q18088640,resolved by sex
6000000005391997822,María,F,Q18088640,resolved by sex
6000000005392032328,María,F,Q18088640,resolved by sex
6000000005392037134,María,F,Q18088640,resolved by sex
6000000005392070626,María,F,Q18088640,resolved by sex
6000000005392077090,María,F,Q18088640,resolved by sex
6000000005395757817,María,F,Q18088640,resolved by sex
6000000005406606381,María,F,Q18088640,resolved by sex
6000000005425032730,María,F,Q18088640,resolved by sex
6000000005425061833,María,F,Q18088640,resolved by sex
6000000005439188162,María,F,Q18088640,resolved by sex
6000000005523109003,María,F,Q18088640,resolved by sex
6000000005527752036,María,F,Q18088640,resolved by sex
6000000005565536716,María,F,Q18088640,resolved by sex
6000000005565536716,María,F,Q18088640,resolved by sex
6000000005598770370,María,F,Q18088640,resolved by sex
6000000005598770481,María,F,Q18088640,resolved by sex
6000000005598770494,María,F,Q18088640,resolved by sex
6000000005598770557,María,F,Q18088640,resolved by sex
6000000005598770574,María,F,Q18088640,resolved by sex
6000000005598770586,María,F,Q18088640,resolved by sex
6000000005598770659,María,F,Q18088640,resolved by sex
6000000005598770716,María,F,Q18088640,resolved by sex
6000000005598776439,María,F,Q18088640,resolved by sex
6000000005598839415,María,F,Q18088640,resolved by sex
6000000005598839530,María,F,Q18088640,resolved by sex
6000000005598867760,María,F,Q18088640,resolved by sex
6000000005598872177,María,F,Q18088640,resolved by sex
6000000005598872486,María,F,Q18088640,resolved by sex
6000000005598882201,María,F,Q18088640,resolved by sex
6000000005598888467,María,F,Q18088640,resolved by sex
6000000005598904357,María,F,Q18088640,resolved by sex
6000000005598904394,María,F,Q18088640,resolved by sex
6000000005598936869,María,F,Q18088640,resolved by sex
6000000005598942831,María,F,Q18088640,resolved by sex
6000000005599001861,María,F,Q18088640,resolved by sex
6000000005599019776,María,F,Q18088640,resolved by sex
6000000005599019883,María,F,Q18088640,resolved by sex
6000000005599062062,María,F,Q18088640,resolved by sex
6000000005599087707,María,F,Q18088640,resolved by sex
6000000005599199324,María,F,Q18088640,resolved by sex
6000000005599199324,María,F,Q18088640,resolved by sex
6000000005599209247,María,F,Q18088640,resolved by sex
6000000005599219784,María,F,Q18088640,resolved by sex
6000000005817452002,María,F,Q18088640,resolved by sex
6000000005839387058,María,F,Q18088640,resolved by sex
6000000005839540689,María,F,Q18088640,resolved by sex
6000000005839810002,María,F,Q18088640,resolved by sex
6000000005839810002,María,F,Q18088640,resolved by sex
6000000005842960006,María,F,Q18088640,resolved by sex
6000000005843716004,María,F,Q18088640,resolved by sex
6000000005862494001,María,F,Q18088640,resolved by sex
6000000005929294089,María,F,Q18088640,resolved by sex
6000000005934294182,María,F,Q18088640,resolved by sex
6000000005941090087,María,F,Q18088640,resolved by sex
6000000005956551811,María,F,Q18088640,resolved by sex
6000000005956712110,María,F,Q18088640,resolved by sex
6000000005956716194,María,F,Q18088640,resolved by sex
6000000005962395233,María,F,Q18088640,resolved by sex
6000000006129618136,María,F,Q18088640,resolved by sex
6000000006129618136,María,F,Q18088640,resolved by sex
6000000006129618475,María,F,Q18088640,resolved by sex
6000000006129620023,María,F,Q18088640,resolved by sex
6000000006129620977,María,F,Q18088640,resolved by sex
6000000006131361907,María,F,Q18088640,resolved by sex
6000000006131361916,María,F,Q18088640,resolved by sex
6000000006131369851,María,F,Q18088640,resolved by sex
6000000006131373852,María,F,Q18088640,resolved by sex
6000000006206045066,María,F,Q18088640,resolved by sex
6000000006240097504,María,F,Q18088640,resolved by sex
6000000006277501560,María,F,Q18088640,resolved by sex
6000000006277501852,María,F,Q18088640,resolved by sex
6000000006277501938,María,F,Q18088640,resolved by sex
6000000006281257161,María,F,Q18088640,resolved by sex
6000000006359075371,María,F,Q18088640,resolved by sex
6000000006410804401,María,F,Q18088640,resolved by sex
6000000006410804401,María,F,Q18088640,resolved by sex
6000000006508989001,María,F,Q18088640,resolved by sex
6000000006588800468,María,F,Q18088640,resolved by sex
6000000006588800468,María,F,Q18088640,resolved by sex
6000000006598191380,María,F,Q18088640,resolved by sex
6000000006598191390,María,F,Q18088640,resolved by sex
6000000006707343394,María,F,Q18088640,resolved by sex
6000000006707446254,María,F,Q18088640,resolved by sex
6000000006711911417,María,F,Q18088640,resolved by sex
6000000006712924156,María,F,Q18088640,resolved by sex
6000000006727869124,María,F,Q18088640,resolved by sex
6000000006727876711,María,F,Q18088640,resolved by sex
6000000006757377328,María,F,Q18088640,resolved by sex
6000000006757440126,María,F,Q18088640,resolved by sex
6000000006763568151,María,F,Q18088640,resolved by sex
6000000006776181298,María,F,Q18088640,resolved by sex
6000000006783575928,María,F,Q18088640,resolved by sex
6000000006794006013,María,F,Q18088640,resolved by sex
6000000006794006013,María,F,Q18088640,resolved by sex
6000000006795519086,María,F,Q18088640,resolved by sex
6000000006795519086,María,F,Q18088640,resolved by sex
6000000006796559230,María,F,Q18088640,resolved by sex
6000000006796626309,María,F,Q18088640,resolved by sex
6000000006810172375,María,F,Q18088640,resolved by sex
6000000006810325016,María,F,Q18088640,resolved by sex
6000000006912706168,María,F,Q18088640,resolved by sex
6000000006920443111,María,F,Q18088640,resolved by sex
6000000006988048964,María,F,Q18088640,resolved by sex
6000000006988297553,María,F,Q18088640,resolved by sex
6000000006995544580,María,F,Q18088640,resolved by sex
6000000007026124028,María,F,Q18088640,resolved by sex
6000000007041485135,María,F,Q18088640,resolved by sex
6000000007041485135,María,F,Q18088640,resolved by sex
6000000007125697349,María,F,Q18088640,resolved by sex
6000000007142931600,María,F,Q18088640,resolved by sex
6000000007150889075,María,F,Q18088640,resolved by sex
6000000007165964518,María,F,Q18088640,resolved by sex
6000000007175312879,María,M,Q109785195,resolved by sex
6000000007225703975,María,F,Q18088640,resolved by sex
6000000007225703975,María,F,Q18088640,resolved by sex
6000000007225908589,María,F,Q18088640,resolved by sex
6000000007225908589,María,F,Q18088640,resolved by sex
6000000007240297664,María,F,Q18088640,resolved by sex
6000000007281143548,María,F,Q18088640,resolved by sex
6000000007287435295,María,F,Q18088640,resolved by sex
6000000007288286508,María,F,Q18088640,resolved by sex
6000000007290521769,María,F,Q18088640,resolved by sex
6000000007297817597,María,F,Q18088640,resolved by sex
6000000007305657316,María,F,Q18088640,resolved by sex
6000000007305657325,María,F,Q18088640,resolved by sex
6000000007305657421,María,F,Q18088640,resolved by sex
6000000007305657507,María,F,Q18088640,resolved by sex
6000000007305657535,María,F,Q18088640,resolved by sex
6000000007305657545,María,F,Q18088640,resolved by sex
6000000007305657602,María,F,Q18088640,resolved by sex
6000000007305657698,María,F,Q18088640,resolved by sex
6000000007305657754,María,F,Q18088640,resolved by sex
6000000007305657777,María,F,Q18088640,resolved by sex
6000000007305657777,María,F,Q18088640,resolved by sex
6000000007305657797,María,F,Q18088640,resolved by sex
6000000007305657870,María,F,Q18088640,resolved by sex
6000000007305657870,María,F,Q18088640,resolved by sex
6000000007305657894,María,F,Q18088640,resolved by sex
6000000007305657894,María,F,Q18088640,resolved by sex
6000000007305657904,María,F,Q18088640,resolved by sex
6000000007305658145,María,F,Q18088640,resolved by sex
6000000007305658145,María,F,Q18088640,resolved by sex
6000000007305661201,María,F,Q18088640,resolved by sex
6000000007305661219,María,F,Q18088640,resolved by sex
6000000007305661225,María,F,Q18088640,resolved by sex
6000000007305661225,María,F,Q18088640,resolved by sex
6000000007305661225,María,F,Q18088640,resolved by sex
6000000007305661225,María,F,Q18088640,resolved by sex
6000000007305661245,María,F,Q18088640,resolved by sex
6000000007305661245,María,F,Q18088640,resolved by sex
6000000007305661245,María,F,Q18088640,resolved by sex
6000000007305661274,María,F,Q18088640,resolved by sex
6000000007305661274,María,F,Q18088640,resolved by sex
6000000007305661337,María,F,Q18088640,resolved by sex
6000000007305661349,María,F,Q18088640,resolved by sex
6000000007305661349,María,F,Q18088640,resolved by sex
6000000007305661359,María,F,Q18088640,resolved by sex
6000000007305661391,María,F,Q18088640,resolved by sex
6000000007305661461,María,F,Q18088640,resolved by sex
6000000007305661461,María,F,Q18088640,resolved by sex
6000000007305661580,María,F,Q18088640,resolved by sex
6000000007305661629,María,F,Q18088640,resolved by sex
6000000007305661629,María,F,Q18088640,resolved by sex
6000000007305661644,María,F,Q18088640,resolved by sex
6000000007305661644,María,F,Q18088640,resolved by sex
6000000007305661668,María,M,Q109785195,resolved by sex
6000000007305661805,María,F,Q18088640,resolved by sex
6000000007305661805,María,F,Q18088640,resolved by sex
6000000007305661858,María,F,Q18088640,resolved by sex
6000000007305661867,María,F,Q18088640,resolved by sex
6000000007305662031,María,F,Q18088640,resolved by sex
6000000007305662040,María,F,Q18088640,resolved by sex
6000000007305662142,María,F,Q18088640,resolved by sex
6000000007305670340,María,F,Q18088640,resolved by sex
6000000007305670378,María,F,Q18088640,resolved by sex
6000000007305670378,María,F,Q18088640,resolved by sex
6000000007305670388,María,F,Q18088640,resolved by sex
6000000007305670447,María,F,Q18088640,resolved by sex
6000000007305670447,María,F,Q18088640,resolved by sex
6000000007305670513,María,F,Q18088640,resolved by sex
6000000007305670660,María,F,Q18088640,resolved by sex
6000000007305670660,María,F,Q18088640,resolved by sex
6000000007305670944,María,F,Q18088640,resolved by sex
6000000007305670952,María,F,Q18088640,resolved by sex
6000000007305670952,María,F,Q18088640,resolved by sex
6000000007305676249,María,F,Q18088640,resolved by sex
6000000007305676249,María,F,Q18088640,resolved by sex
6000000007305676345,María,F,Q18088640,resolved by sex
6000000007305676345,María,F,Q18088640,resolved by sex
6000000007323560333,María,F,Q18088640,resolved by sex
6000000007323560333,María,F,Q18088640,resolved by sex
6000000007329503253,María,F,Q18088640,resolved by sex
6000000007335906838,María,F,Q18088640,resolved by sex
6000000007335906838,María,F,Q18088640,resolved by sex
6000000007346800616,María,F,Q18088640,resolved by sex
6000000007363215636,María,F,Q18088640,resolved by sex
6000000007377454354,María,F,Q18088640,resolved by sex
6000000007377454354,María,F,Q18088640,resolved by sex
6000000007377454354,María,F,Q18088640,resolved by sex
6000000007384550134,María,F,Q18088640,resolved by sex
6000000007384790310,María,F,Q18088640,resolved by sex
6000000007385429088,María,F,Q18088640,resolved by sex
6000000007385429088,María,F,Q18088640,resolved by sex
6000000007385763321,María,F,Q18088640,resolved by sex
6000000007386927659,María,F,Q18088640,resolved by sex
6000000007386995526,María,F,Q18088640,resolved by sex
6000000007386995526,María,F,Q18088640,resolved by sex
6000000007387096731,María,F,Q18088640,resolved by sex
6000000007394785319,María,F,Q18088640,resolved by sex
6000000007394785319,María,F,Q18088640,resolved by sex
6000000007394808250,María,F,Q18088640,resolved by sex
6000000007408425432,María,F,Q18088640,resolved by sex
6000000007425219456,María,F,Q18088640,resolved by sex
6000000007425219456,María,F,Q18088640,resolved by sex
6000000007435870861,María,F,Q18088640,resolved by sex
6000000007435974260,María,F,Q18088640,resolved by sex
6000000007435974260,María,F,Q18088640,resolved by sex
6000000007436076547,María,F,Q18088640,resolved by sex
6000000007436117315,María,F,Q18088640,resolved by sex
6000000007436467967,María,F,Q18088640,resolved by sex
6000000007437078086,María,F,Q18088640,resolved by sex
6000000007442914738,María,F,Q18088640,resolved by sex
6000000007442914738,María,F,Q18088640,resolved by sex
6000000007462870097,María,F,Q18088640,resolved by sex
6000000007490535579,María,F,Q18088640,resolved by sex
6000000007498552304,María,F,Q18088640,resolved by sex
6000000007521157206,María,F,Q18088640,resolved by sex
6000000007529129244,María,F,Q18088640,resolved by sex
6000000007529143039,María,F,Q18088640,resolved by sex
6000000007535277260,María,M,Q109785195,resolved by sex
6000000007576383138,María,F,Q18088640,resolved by sex
6000000007576383138,María,F,Q18088640,resolved by sex
6000000007576847449,María,F,Q18088640,resolved by sex
6000000007576876315,María,F,Q18088640,resolved by sex
6000000007576876315,María,F,Q18088640,resolved by sex
6000000007576878378,María,F,Q18088640,resolved by sex
6000000007576878378,María,F,Q18088640,resolved by sex
6000000007576915388,María,F,Q18088640,resolved by sex
6000000007577104267,María,F,Q18088640,resolved by sex
6000000007577104277,María,F,Q18088640,resolved by sex
6000000007577381443,María,F,Q18088640,resolved by sex
6000000007600598113,María,F,Q18088640,resolved by sex
6000000007608126572,María,F,Q18088640,resolved by sex
6000000007615918338,María,F,Q18088640,resolved by sex
6000000007724421981,María,F,Q18088640,resolved by sex
6000000007724765477,María,F,Q18088640,resolved by sex
6000000007727265732,María,F,Q18088640,resolved by sex
6000000007742585804,María,F,Q18088640,resolved by sex
6000000007742585804,María,F,Q18088640,resolved by sex
6000000007753024542,María,F,Q18088640,resolved by sex
6000000007753024569,María,F,Q18088640,resolved by sex
6000000007753024569,María,F,Q18088640,resolved by sex
6000000007753994294,María,F,Q18088640,resolved by sex
6000000007753994294,María,F,Q18088640,resolved by sex
6000000007753994659,María,F,Q18088640,resolved by sex
6000000007754008874,María,F,Q18088640,resolved by sex
6000000007754053222,María,F,Q18088640,resolved by sex
6000000007754053606,María,F,Q18088640,resolved by sex
6000000007754054030,María,F,Q18088640,resolved by sex
6000000007754210364,María,F,Q18088640,resolved by sex
6000000007754210372,María,F,Q18088640,resolved by sex
6000000007754210388,María,F,Q18088640,resolved by sex
6000000007754211140,María,F,Q18088640,resolved by sex
6000000007754293837,María,F,Q18088640,resolved by sex
6000000007774306528,María,F,Q18088640,resolved by sex
6000000007793451408,María,F,Q18088640,resolved by sex
6000000007793451408,María,F,Q18088640,resolved by sex
6000000007818747939,María,F,Q18088640,resolved by sex
6000000007818790141,María,F,Q18088640,resolved by sex
6000000007818873404,María,F,Q18088640,resolved by sex
6000000007823256068,María,F,Q18088640,resolved by sex
6000000007823256068,María,F,Q18088640,resolved by sex
6000000007863665375,María,F,Q18088640,resolved by sex
6000000007863696561,María,F,Q18088640,resolved by sex
6000000007864000698,María,F,Q18088640,resolved by sex
6000000007889524517,María,F,Q18088640,resolved by sex
6000000007912384136,María,F,Q18088640,resolved by sex
6000000007912384136,María,F,Q18088640,resolved by sex
6000000007912441888,María,F,Q18088640,resolved by sex
6000000007912441888,María,F,Q18088640,resolved by sex
6000000007912458803,María,F,Q18088640,resolved by sex
6000000007913532257,María,F,Q18088640,resolved by sex
6000000007913571288,María,F,Q18088640,resolved by sex
6000000007938649130,María,F,Q18088640,resolved by sex
6000000007938649130,María,F,Q18088640,resolved by sex
6000000007950946278,María,F,Q18088640,resolved by sex
6000000007997041280,María,F,Q18088640,resolved by sex
6000000008050887319,María,F,Q18088640,resolved by sex
6000000008052392949,María,F,Q18088640,resolved by sex
6000000008052448002,María,F,Q18088640,resolved by sex
6000000008052594410,María,F,Q18088640,resolved by sex
6000000008052661287,María,F,Q18088640,resolved by sex
6000000008100095724,María,F,Q18088640,resolved by sex
6000000008112707284,María,F,Q18088640,resolved by sex
6000000008112754397,María,F,Q18088640,resolved by sex
6000000008113297227,María,F,Q18088640,resolved by sex
6000000008114213185,María,F,Q18088640,resolved by sex
6000000008137546379,María,F,Q18088640,resolved by sex
6000000008218772976,María,F,Q18088640,resolved by sex
6000000008240653488,María,F,Q18088640,resolved by sex
6000000008251032083,María,F,Q18088640,resolved by sex
6000000008251216699,María,F,Q18088640,resolved by sex
6000000008278469777,María,F,Q18088640,resolved by sex
6000000008278691625,María,F,Q18088640,resolved by sex
6000000008296530522,María,F,Q18088640,resolved by sex
6000000008299334853,María,F,Q18088640,resolved by sex
6000000008299387507,María,F,Q18088640,resolved by sex
6000000008311593860,María,F,Q18088640,resolved by sex
6000000008316008713,María,F,Q18088640,resolved by sex
6000000008318933282,María,F,Q18088640,resolved by sex
6000000008366282051,María,F,Q18088640,resolved by sex
6000000008425797834,María,F,Q18088640,resolved by sex
6000000008425918048,María,F,Q18088640,resolved by sex
6000000008426056482,María,F,Q18088640,resolved by sex
6000000008531120220,María,F,Q18088640,resolved by sex
6000000008531680703,María,F,Q18088640,resolved by sex
6000000008607568019,María,F,Q18088640,resolved by sex
6000000008643905214,María,F,Q18088640,resolved by sex
6000000008669207240,María,F,Q18088640,resolved by sex
6000000008682603214,María,F,Q18088640,resolved by sex
6000000008682975806,María,F,Q18088640,resolved by sex
6000000008717746169,María,F,Q18088640,resolved by sex
6000000008743347386,María,F,Q18088640,resolved by sex
6000000008743890670,María,F,Q18088640,resolved by sex
6000000008743945073,María,F,Q18088640,resolved by sex
6000000008744063692,María,F,Q18088640,resolved by sex
6000000008744063692,María,F,Q18088640,resolved by sex
6000000008746925448,María,F,Q18088640,resolved by sex
6000000008762528090,María,F,Q18088640,resolved by sex
6000000008772986868,María,F,Q18088640,resolved by sex
6000000008773107423,María,F,Q18088640,resolved by sex
6000000008773196419,María,F,Q18088640,resolved by sex
6000000008777223839,María,F,Q18088640,resolved by sex
6000000008777921496,María,F,Q18088640,resolved by sex
6000000008780188472,María,F,Q18088640,resolved by sex
6000000008780292122,María,F,Q18088640,resolved by sex
6000000008788217606,María,F,Q18088640,resolved by sex
6000000008799898061,María,F,Q18088640,resolved by sex
6000000008799985387,María,F,Q18088640,resolved by sex
6000000008805638787,María,F,Q18088640,resolved by sex
6000000008815477369,María,F,Q18088640,resolved by sex
6000000008815477369,María,F,Q18088640,resolved by sex
6000000008823866652,María,F,Q18088640,resolved by sex
6000000008823901611,María,F,Q18088640,resolved by sex
6000000008826190263,María,F,Q18088640,resolved by sex
6000000008826215451,María,F,Q18088640,resolved by sex
6000000008842302947,María,F,Q18088640,resolved by sex
6000000008842944979,María,F,Q18088640,resolved by sex
6000000008864182027,María,F,Q18088640,resolved by sex
6000000008864212085,María,M,Q109785195,resolved by sex
6000000008864303059,María,F,Q18088640,resolved by sex
6000000008864367760,María,F,Q18088640,resolved by sex
6000000008889492902,María,F,Q18088640,resolved by sex
6000000008897431904,María,F,Q18088640,resolved by sex
6000000008908738904,María,F,Q18088640,resolved by sex
6000000008919218394,María,M,Q109785195,resolved by sex
6000000008954402794,María,F,Q18088640,resolved by sex
6000000008954603850,María,F,Q18088640,resolved by sex
6000000008971701521,María,F,Q18088640,resolved by sex
6000000008989660977,María,F,Q18088640,resolved by sex
6000000008999326009,María,F,Q18088640,resolved by sex
6000000008999813024,María,F,Q18088640,resolved by sex
6000000009024504302,María,F,Q18088640,resolved by sex
6000000009029156812,María,F,Q18088640,resolved by sex
6000000009047940764,María,F,Q18088640,resolved by sex
6000000009082584631,María,F,Q18088640,resolved by sex
6000000009085578370,María,F,Q18088640,resolved by sex
6000000009085578370,María,F,Q18088640,resolved by sex
6000000009114031413,María,F,Q18088640,resolved by sex
6000000009135014350,María,F,Q18088640,resolved by sex
6000000009146062736,María,F,Q18088640,resolved by sex
6000000009217110200,María,F,Q18088640,resolved by sex
6000000009246296998,María,F,Q18088640,resolved by sex
6000000009246296998,María,F,Q18088640,resolved by sex
6000000009247531491,María,F,Q18088640,resolved by sex
6000000009290197675,María,F,Q18088640,resolved by sex
6000000009290534265,María,F,Q18088640,resolved by sex
6000000009326540097,María,F,Q18088640,resolved by sex
6000000009326540097,María,F,Q18088640,resolved by sex
6000000009376427407,María,F,Q18088640,resolved by sex
6000000009430705713,María,F,Q18088640,resolved by sex
6000000009440346854,María,F,Q18088640,resolved by sex
6000000009440388847,María,F,Q18088640,resolved by sex
6000000009440544709,María,F,Q18088640,resolved by sex
6000000009458652513,María,F,Q18088640,resolved by sex
6000000009458786001,María,F,Q18088640,resolved by sex
6000000009536508686,María,F,Q18088640,resolved by sex
6000000009579803272,María,F,Q18088640,resolved by sex
6000000009589046181,María,M,Q109785195,resolved by sex
6000000009589046181,María,M,Q109785195,resolved by sex
6000000009589046181,María,M,Q109785195,resolved by sex
6000000009589389663,María,F,Q18088640,resolved by sex
6000000009600347474,María,F,Q18088640,resolved by sex
6000000009629243735,María,F,Q18088640,resolved by sex
6000000009629243735,María,F,Q18088640,resolved by sex
6000000009665696676,María,F,Q18088640,resolved by sex
6000000009686950531,María,F,Q18088640,resolved by sex
6000000009697234956,María,F,Q18088640,resolved by sex
6000000009698205784,María,M,Q109785195,resolved by sex
6000000009708611388,María,F,Q18088640,resolved by sex
6000000009748129771,María,F,Q18088640,resolved by sex
6000000009763050339,María,F,Q18088640,resolved by sex
6000000009801780826,María,F,Q18088640,resolved by sex
6000000009813148025,María,M,Q109785195,resolved by sex
6000000009838691620,María,F,Q18088640,resolved by sex
6000000009838691620,María,F,Q18088640,resolved by sex
6000000009861166353,María,F,Q18088640,resolved by sex
6000000009877698433,María,F,Q18088640,resolved by sex
6000000009877870229,María,F,Q18088640,resolved by sex
6000000009877906283,María,F,Q18088640,resolved by sex
6000000009905579498,María,F,Q18088640,resolved by sex
6000000009929710107,María,F,Q18088640,resolved by sex
6000000009938805541,María,F,Q18088640,resolved by sex
6000000009958735388,María,F,Q18088640,resolved by sex
6000000009968136439,María,F,Q18088640,resolved by sex
6000000009969208598,María,F,Q18088640,resolved by sex
6000000009969779820,María,F,Q18088640,resolved by sex
6000000009978856359,María,F,Q18088640,resolved by sex
6000000009978871308,María,F,Q18088640,resolved by sex
6000000009978871308,María,F,Q18088640,resolved by sex
6000000009978989468,María,F,Q18088640,resolved by sex
6000000009989624331,María,F,Q18088640,resolved by sex
6000000009990179259,María,F,Q18088640,resolved by sex
6000000010008900722,María,F,Q18088640,resolved by sex
6000000010022093650,María,F,Q18088640,resolved by sex
6000000010022093650,María,F,Q18088640,resolved by sex
6000000010050197995,María,F,Q18088640,resolved by sex
6000000010050197995,María,F,Q18088640,resolved by sex
6000000010072680451,María,F,Q18088640,resolved by sex
6000000010072680451,María,F,Q18088640,resolved by sex
6000000010078870163,María,F,Q18088640,resolved by sex
6000000010079130505,María,F,Q18088640,resolved by sex
6000000010081992536,María,F,Q18088640,resolved by sex
6000000010082160292,María,F,Q18088640,resolved by sex
6000000010102783554,María,F,Q18088640,resolved by sex
6000000010112430955,María,F,Q18088640,resolved by sex
6000000010132290454,María,F,Q18088640,resolved by sex
6000000010133021267,María,F,Q18088640,resolved by sex
6000000010134169107,María,F,Q18088640,resolved by sex
6000000010150363120,María,F,Q18088640,resolved by sex
6000000010150363120,María,F,Q18088640,resolved by sex
6000000010174008288,María,F,Q18088640,resolved by sex
6000000010202118607,María,F,Q18088640,resolved by sex
6000000010230219802,María,F,Q18088640,resolved by sex
6000000010231133303,María,F,Q18088640,resolved by sex
6000000010231851675,María,F,Q18088640,resolved by sex
6000000010271808967,María,F,Q18088640,resolved by sex
6000000010293764375,María,F,Q18088640,resolved by sex
6000000010342835443,María,F,Q18088640,resolved by sex
6000000010355034234,María,F,Q18088640,resolved by sex
6000000010381935721,María,F,Q18088640,resolved by sex
6000000010384857089,María,F,Q18088640,resolved by sex
6000000010384909807,María,F,Q18088640,resolved by sex
6000000010424343012,María,F,Q18088640,resolved by sex
6000000010506016455,María,F,Q18088640,resolved by sex
6000000010540830617,María,F,Q18088640,resolved by sex
6000000010552840991,María,F,Q18088640,resolved by sex
6000000010575535226,María,F,Q18088640,resolved by sex
6000000010580182114,María,F,Q18088640,resolved by sex
6000000010580216939,María,F,Q18088640,resolved by sex
6000000010610554517,María,F,Q18088640,resolved by sex
6000000010670079886,María,F,Q18088640,resolved by sex
6000000010675567619,María,F,Q18088640,resolved by sex
6000000010738829617,María,F,Q18088640,resolved by sex
6000000010763188441,María,F,Q18088640,resolved by sex
6000000010772851761,María,F,Q18088640,resolved by sex
6000000010782427706,María,F,Q18088640,resolved by sex
6000000010784298026,María,F,Q18088640,resolved by sex
6000000010789498235,María,F,Q18088640,resolved by sex
6000000010790621235,María,F,Q18088640,resolved by sex
6000000010809651116,María,F,Q18088640,resolved by sex
6000000010817856033,María,F,Q18088640,resolved by sex
6000000010837589451,María,F,Q18088640,resolved by sex
6000000010878164290,María,F,Q18088640,resolved by sex
6000000010878475393,María,F,Q18088640,resolved by sex
6000000010878475393,María,F,Q18088640,resolved by sex
6000000010878585421,María,F,Q18088640,resolved by sex
6000000010894622102,María,F,Q18088640,resolved by sex
6000000010894833043,María,F,Q18088640,resolved by sex
6000000010895835687,María,F,Q18088640,resolved by sex
6000000010906027233,María,F,Q18088640,resolved by sex
6000000010935314667,María,F,Q18088640,resolved by sex
6000000010936565407,María,F,Q18088640,resolved by sex
6000000010936565407,María,F,Q18088640,resolved by sex
6000000010945039609,María,F,Q18088640,resolved by sex
6000000010945073177,María,F,Q18088640,resolved by sex
6000000010945169335,María,F,Q18088640,resolved by sex
6000000010954215977,María,F,Q18088640,resolved by sex
6000000010954215977,María,F,Q18088640,resolved by sex
6000000010954246304,María,F,Q18088640,resolved by sex
6000000011016910379,María,F,Q18088640,resolved by sex
6000000011016954757,María,F,Q18088640,resolved by sex
6000000011027272403,María,F,Q18088640,resolved by sex
6000000011028460939,María,F,Q18088640,resolved by sex
6000000011028966309,María,F,Q18088640,resolved by sex
6000000011029405293,María,M,Q109785195,resolved by sex
6000000011039626324,María,F,Q18088640,resolved by sex
6000000011039649340,María,F,Q18088640,resolved by sex
6000000011045057917,María,F,Q18088640,resolved by sex
6000000011045083016,María,F,Q18088640,resolved by sex
6000000011045116162,María,F,Q18088640,resolved by sex
6000000011045542389,María,F,Q18088640,resolved by sex
6000000011045597406,María,F,Q18088640,resolved by sex
6000000011045928010,María,F,Q18088640,resolved by sex
6000000011048446458,María,F,Q18088640,resolved by sex
6000000011059672705,María,F,Q18088640,resolved by sex
6000000011059672705,María,F,Q18088640,resolved by sex
6000000011060297870,María,M,Q109785195,resolved by sex
6000000011071521954,María,F,Q18088640,resolved by sex
6000000011079082747,María,F,Q18088640,resolved by sex
6000000011079082747,María,F,Q18088640,resolved by sex
6000000011079188385,María,F,Q18088640,resolved by sex
6000000011080490021,María,F,Q18088640,resolved by sex
6000000011080490021,María,F,Q18088640,resolved by sex
6000000011081304061,María,F,Q18088640,resolved by sex
6000000011103244973,María,F,Q18088640,resolved by sex
6000000011115626077,María,F,Q18088640,resolved by sex
6000000011127068773,María,F,Q18088640,resolved by sex
6000000011127068773,María,F,Q18088640,resolved by sex
6000000011146846939,María,F,Q18088640,resolved by sex
6000000011147830190,María,F,Q18088640,resolved by sex
6000000011147899550,María,F,Q18088640,resolved by sex
6000000011148002263,María,F,Q18088640,resolved by sex
6000000011148054202,María,F,Q18088640,resolved by sex
6000000011148056283,María,F,Q18088640,resolved by sex
6000000011148079623,María,F,Q18088640,resolved by sex
6000000011148083880,María,F,Q18088640,resolved by sex
6000000011148176317,María,F,Q18088640,resolved by sex
6000000011148245639,María,F,Q18088640,resolved by sex
6000000011148280627,María,F,Q18088640,resolved by sex
6000000011151934430,María,F,Q18088640,resolved by sex
6000000011162204188,María,F,Q18088640,resolved by sex
6000000011162480772,María,F,Q18088640,resolved by sex
6000000011181701831,María,F,Q18088640,resolved by sex
6000000011196522957,María,F,Q18088640,resolved by sex
6000000011196522957,María,F,Q18088640,resolved by sex
6000000011196728409,María,F,Q18088640,resolved by sex
6000000011196748568,María,F,Q18088640,resolved by sex
6000000011196748568,María,F,Q18088640,resolved by sex
6000000011196811307,María,F,Q18088640,resolved by sex
6000000011220185216,María,F,Q18088640,resolved by sex
6000000011233257252,María,F,Q18088640,resolved by sex
6000000011233257252,María,F,Q18088640,resolved by sex
6000000011264346145,María,F,Q18088640,resolved by sex
6000000011266603060,María,F,Q18088640,resolved by sex
6000000011266603060,María,F,Q18088640,resolved by sex
6000000011266744614,María,F,Q18088640,resolved by sex
6000000011268290308,María,F,Q18088640,resolved by sex
6000000011268290308,María,F,Q18088640,resolved by sex
6000000011277962431,María,F,Q18088640,resolved by sex
6000000011278081592,María,F,Q18088640,resolved by sex
6000000011278087554,María,F,Q18088640,resolved by sex
6000000011278872267,María,F,Q18088640,resolved by sex
6000000011290991518,María,F,Q18088640,resolved by sex
6000000011319589440,María,F,Q18088640,resolved by sex
6000000011319589440,María,F,Q18088640,resolved by sex
6000000011322942731,María,F,Q18088640,resolved by sex
6000000011342355224,María,F,Q18088640,resolved by sex
6000000011349508566,María,F,Q18088640,resolved by sex
6000000011349746584,María,F,Q18088640,resolved by sex
6000000011360764520,María,F,Q18088640,resolved by sex
6000000011393963078,María,F,Q18088640,resolved by sex
6000000011394142391,María,F,Q18088640,resolved by sex
6000000011439753398,María,F,Q18088640,resolved by sex
6000000011447959308,María,F,Q18088640,resolved by sex
6000000011447959406,María,F,Q18088640,resolved by sex
6000000011448014227,María,F,Q18088640,resolved by sex
6000000011483458163,María,F,Q18088640,resolved by sex
6000000011489518962,María,F,Q18088640,resolved by sex
6000000011490745614,María,F,Q18088640,resolved by sex
6000000011529375250,María,F,Q18088640,resolved by sex
6000000011579823454,María,F,Q18088640,resolved by sex
6000000011616617351,María,F,Q18088640,resolved by sex
6000000011623280804,María,F,Q18088640,resolved by sex
6000000011705232325,María,F,Q18088640,resolved by sex
6000000011747036773,María,F,Q18088640,resolved by sex
6000000011760421720,María,F,Q18088640,resolved by sex
6000000011797512732,María,F,Q18088640,resolved by sex
6000000011819457495,María,F,Q18088640,resolved by sex
6000000011864414213,María,F,Q18088640,resolved by sex
6000000011988921473,María,F,Q18088640,resolved by sex
6000000012000403208,María,F,Q18088640,resolved by sex
6000000012000710310,María,F,Q18088640,resolved by sex
6000000012000877045,María,F,Q18088640,resolved by sex
6000000012000877045,María,F,Q18088640,resolved by sex
6000000012018041823,María,F,Q18088640,resolved by sex
6000000012042929644,María,F,Q18088640,resolved by sex
6000000012050064823,María,F,Q18088640,resolved by sex
6000000012062737843,María,F,Q18088640,resolved by sex
6000000012062770114,María,F,Q18088640,resolved by sex
6000000012063056250,María,F,Q18088640,resolved by sex
6000000012135277734,María,F,Q18088640,resolved by sex
6000000012135818586,María,M,Q109785195,resolved by sex
6000000012135942443,María,F,Q18088640,resolved by sex
6000000012136228634,María,F,Q18088640,resolved by sex
6000000012136228634,María,F,Q18088640,resolved by sex
6000000012147541176,María,F,Q18088640,resolved by sex
6000000012148910682,María,F,Q18088640,resolved by sex
6000000012148920527,María,F,Q18088640,resolved by sex
6000000012149287209,María,F,Q18088640,resolved by sex
6000000012149287209,María,F,Q18088640,resolved by sex
6000000012150013497,María,F,Q18088640,resolved by sex
6000000012177831212,María,F,Q18088640,resolved by sex
6000000012182366026,María,F,Q18088640,resolved by sex
6000000012229576319,María,F,Q18088640,resolved by sex
6000000012229795277,María,F,Q18088640,resolved by sex
6000000012240151321,María,F,Q18088640,resolved by sex
6000000012273987978,María,F,Q18088640,resolved by sex
6000000012287588994,María,F,Q18088640,resolved by sex
6000000012287588994,María,F,Q18088640,resolved by sex
6000000012319481179,María,F,Q18088640,resolved by sex
6000000012320066567,María,F,Q18088640,resolved by sex
6000000012320457469,María,F,Q18088640,resolved by sex
6000000012344402895,María,F,Q18088640,resolved by sex
6000000012359783107,María,F,Q18088640,resolved by sex
6000000012381372431,María,F,Q18088640,resolved by sex
6000000012386943269,María,F,Q18088640,resolved by sex
6000000012396807396,María,F,Q18088640,resolved by sex
6000000012401070464,María,F,Q18088640,resolved by sex
6000000012408649979,María,F,Q18088640,resolved by sex
6000000012411342535,María,F,Q18088640,resolved by sex
6000000012422137372,María,F,Q18088640,resolved by sex
6000000012428824706,María,F,Q18088640,resolved by sex
6000000012439306916,María,F,Q18088640,resolved by sex
6000000012462739632,María,F,Q18088640,resolved by sex
6000000012472204852,María,F,Q18088640,resolved by sex
6000000012472207900,María,F,Q18088640,resolved by sex
6000000012472679343,María,F,Q18088640,resolved by sex
6000000012508449539,María,F,Q18088640,resolved by sex
6000000012508969418,María,F,Q18088640,resolved by sex
6000000012514136568,María,F,Q18088640,resolved by sex
6000000012645941070,María,F,Q18088640,resolved by sex
6000000012646196622,María,F,Q18088640,resolved by sex
6000000012654162485,María,F,Q18088640,resolved by sex
6000000012676187547,María,F,Q18088640,resolved by sex
6000000012678571998,María,F,Q18088640,resolved by sex
6000000012788606777,María,F,Q18088640,resolved by sex
6000000012813643996,María,F,Q18088640,resolved by sex
6000000012814067540,María,F,Q18088640,resolved by sex
6000000012911335816,María,F,Q18088640,resolved by sex
6000000012973551952,María,F,Q18088640,resolved by sex
6000000012974498746,María,F,Q18088640,resolved by sex
6000000012985594030,María,M,Q109785195,resolved by sex
6000000012985689976,María,F,Q18088640,resolved by sex
6000000013008953690,María,F,Q18088640,resolved by sex
6000000013009015794,María,F,Q18088640,resolved by sex
6000000013010502763,María,F,Q18088640,resolved by sex
6000000013010512542,María,F,Q18088640,resolved by sex
6000000013010517485,María,F,Q18088640,resolved by sex
6000000013019494640,María,F,Q18088640,resolved by sex
6000000013022449769,María,F,Q18088640,resolved by sex
6000000013031053953,María,F,Q18088640,resolved by sex
6000000013050784849,María,F,Q18088640,resolved by sex
6000000013050784849,María,F,Q18088640,resolved by sex
6000000013060388620,María,F,Q18088640,resolved by sex
6000000013061511578,María,F,Q18088640,resolved by sex
6000000013085178130,María,F,Q18088640,resolved by sex
6000000013095815487,María,F,Q18088640,resolved by sex
6000000013104094316,María,F,Q18088640,resolved by sex
6000000013117656055,María,F,Q18088640,resolved by sex
6000000013123973956,María,F,Q18088640,resolved by sex
6000000013123974825,María,F,Q18088640,resolved by sex
6000000013126624193,María,F,Q18088640,resolved by sex
6000000013129739331,María,F,Q18088640,resolved by sex
6000000013147219099,María,F,Q18088640,resolved by sex
6000000013153733071,María,F,Q18088640,resolved by sex
6000000013164221924,María,F,Q18088640,resolved by sex
6000000013166597456,María,F,Q18088640,resolved by sex
6000000013166653350,María,F,Q18088640,resolved by sex
6000000013166848382,María,F,Q18088640,resolved by sex
6000000013166922600,María,F,Q18088640,resolved by sex
6000000013175366799,María,F,Q18088640,resolved by sex
6000000013189645953,María,F,Q18088640,resolved by sex
6000000013193871967,María,F,Q18088640,resolved by sex
6000000013194199770,María,F,Q18088640,resolved by sex
6000000013208245907,María,M,Q109785195,resolved by sex
6000000013218519782,María,F,Q18088640,resolved by sex
6000000013218569840,María,F,Q18088640,resolved by sex
6000000013218569840,María,F,Q18088640,resolved by sex
6000000013218627602,María,F,Q18088640,resolved by sex
6000000013218627602,María,F,Q18088640,resolved by sex
6000000013219253691,María,F,Q18088640,resolved by sex
6000000013292904510,María,F,Q18088640,resolved by sex
6000000013300324695,María,F,Q18088640,resolved by sex
6000000013300884260,María,F,Q18088640,resolved by sex
6000000013383609682,María,F,Q18088640,resolved by sex
6000000013383609682,María,F,Q18088640,resolved by sex
6000000013383873659,María,F,Q18088640,resolved by sex
6000000013383873659,María,F,Q18088640,resolved by sex
6000000013383873659,María,F,Q18088640,resolved by sex
6000000013396477687,María,F,Q18088640,resolved by sex
6000000013433736995,María,F,Q18088640,resolved by sex
6000000013440452670,María,F,Q18088640,resolved by sex
6000000013442082353,María,F,Q18088640,resolved by sex
6000000013443246829,María,F,Q18088640,resolved by sex
6000000013494285472,María,F,Q18088640,resolved by sex
6000000013506194264,María,F,Q18088640,resolved by sex
6000000013508428422,María,F,Q18088640,resolved by sex
6000000013568861009,María,F,Q18088640,resolved by sex
6000000013572514801,María,F,Q18088640,resolved by sex
6000000013600602969,María,F,Q18088640,resolved by sex
6000000013624366522,María,F,Q18088640,resolved by sex
6000000013627145464,María,F,Q18088640,resolved by sex
6000000013659106202,María,F,Q18088640,resolved by sex
6000000013708115240,María,F,Q18088640,resolved by sex
6000000013726930361,María,F,Q18088640,resolved by sex
6000000013735471585,María,F,Q18088640,resolved by sex
6000000013744629443,María,F,Q18088640,resolved by sex
6000000013745241388,María,F,Q18088640,resolved by sex
6000000013745311356,María,F,Q18088640,resolved by sex
6000000013752639617,María,F,Q18088640,resolved by sex
6000000013753773363,María,F,Q18088640,resolved by sex
6000000013761744099,María,F,Q18088640,resolved by sex
6000000013761860542,María,F,Q18088640,resolved by sex
6000000013761860542,María,F,Q18088640,resolved by sex
6000000013765098915,María,F,Q18088640,resolved by sex
6000000013766120939,María,F,Q18088640,resolved by sex
6000000013873303905,María,F,Q18088640,resolved by sex
6000000013884154012,María,F,Q18088640,resolved by sex
6000000013884164911,María,F,Q18088640,resolved by sex
6000000013886025078,María,F,Q18088640,resolved by sex
6000000013898062471,María,F,Q18088640,resolved by sex
6000000013952423556,María,F,Q18088640,resolved by sex
6000000013952551017,María,F,Q18088640,resolved by sex
6000000013955902915,María,F,Q18088640,resolved by sex
6000000013971182096,María,F,Q18088640,resolved by sex
6000000013971210602,María,F,Q18088640,resolved by sex
6000000013984989210,María,F,Q18088640,resolved by sex
6000000013998768969,María,F,Q18088640,resolved by sex
6000000014001029431,María,F,Q18088640,resolved by sex
6000000014004117443,María,F,Q18088640,resolved by sex
6000000014004509469,María,F,Q18088640,resolved by sex
6000000014015109572,María,F,Q18088640,resolved by sex
6000000014015156412,María,F,Q18088640,resolved by sex
6000000014044661070,María,F,Q18088640,resolved by sex
6000000014093872328,María,F,Q18088640,resolved by sex
6000000014148507004,María,F,Q18088640,resolved by sex
6000000014192928495,María,F,Q18088640,resolved by sex
6000000014211946076,María,F,Q18088640,resolved by sex
6000000014223224232,María,F,Q18088640,resolved by sex
6000000014223224232,María,F,Q18088640,resolved by sex
6000000014243715417,María,F,Q18088640,resolved by sex
6000000014293711811,María,F,Q18088640,resolved by sex
6000000014293954396,María,F,Q18088640,resolved by sex
6000000014294241467,María,F,Q18088640,resolved by sex
6000000014294309260,María,F,Q18088640,resolved by sex
6000000014294309260,María,F,Q18088640,resolved by sex
6000000014294309260,María,F,Q18088640,resolved by sex
6000000014294641567,María,F,Q18088640,resolved by sex
6000000014294740355,María,F,Q18088640,resolved by sex
6000000014294740355,María,F,Q18088640,resolved by sex
6000000014295203283,María,F,Q18088640,resolved by sex
6000000014295335931,María,F,Q18088640,resolved by sex
6000000014295482174,María,F,Q18088640,resolved by sex
6000000014297434060,María,F,Q18088640,resolved by sex
6000000014302010193,María,F,Q18088640,resolved by sex
6000000014304264601,María,F,Q18088640,resolved by sex
6000000014337687125,María,F,Q18088640,resolved by sex
6000000014340307090,María,M,Q109785195,resolved by sex
6000000014341329538,María,F,Q18088640,resolved by sex
6000000014341329538,María,F,Q18088640,resolved by sex
6000000014341329538,María,F,Q18088640,resolved by sex
6000000014341468523,María,F,Q18088640,resolved by sex
6000000014341468523,María,F,Q18088640,resolved by sex
6000000014349079249,María,F,Q18088640,resolved by sex
6000000014349107220,María,F,Q18088640,resolved by sex
6000000014349107220,María,F,Q18088640,resolved by sex
6000000014350428537,María,F,Q18088640,resolved by sex
6000000014350428537,María,F,Q18088640,resolved by sex
6000000014351039273,María,F,Q18088640,resolved by sex
6000000014351903228,María,F,Q18088640,resolved by sex
6000000014355647080,María,F,Q18088640,resolved by sex
6000000014360346056,María,F,Q18088640,resolved by sex
6000000014363228733,María,F,Q18088640,resolved by sex
6000000014364074325,María,F,Q18088640,resolved by sex
6000000014364074325,María,F,Q18088640,resolved by sex
6000000014364163537,María,F,Q18088640,resolved by sex
6000000014364392763,María,F,Q18088640,resolved by sex
6000000014364502557,María,F,Q18088640,resolved by sex
6000000014379067249,María,F,Q18088640,resolved by sex
6000000014394528638,María,F,Q18088640,resolved by sex
6000000014395549712,María,F,Q18088640,resolved by sex
6000000014398027949,María,F,Q18088640,resolved by sex
6000000014398158149,María,F,Q18088640,resolved by sex
6000000014398158149,María,F,Q18088640,resolved by sex
6000000014398840820,María,F,Q18088640,resolved by sex
6000000014399044423,María,F,Q18088640,resolved by sex
6000000014399389362,María,F,Q18088640,resolved by sex
6000000014399390021,María,F,Q18088640,resolved by sex
6000000014406527232,María,F,Q18088640,resolved by sex
6000000014416402939,María,F,Q18088640,resolved by sex
6000000014416904281,María,F,Q18088640,resolved by sex
6000000014420460526,María,F,Q18088640,resolved by sex
6000000014422481093,María,F,Q18088640,resolved by sex
6000000014422481093,María,F,Q18088640,resolved by sex
6000000014432463813,María,F,Q18088640,resolved by sex
6000000014432847873,María,F,Q18088640,resolved by sex
6000000014439202715,María,F,Q18088640,resolved by sex
6000000014439610068,María,F,Q18088640,resolved by sex
6000000014439610068,María,F,Q18088640,resolved by sex
6000000014441325192,María,F,Q18088640,resolved by sex
6000000014441615301,María,F,Q18088640,resolved by sex
6000000014442278543,María,F,Q18088640,resolved by sex
6000000014442896380,María,F,Q18088640,resolved by sex
6000000014442896380,María,F,Q18088640,resolved by sex
6000000014452904091,María,F,Q18088640,resolved by sex
6000000014466527925,María,F,Q18088640,resolved by sex
6000000014466527925,María,F,Q18088640,resolved by sex
6000000014466573421,María,F,Q18088640,resolved by sex
6000000014466913611,María,F,Q18088640,resolved by sex
6000000014469435124,María,F,Q18088640,resolved by sex
6000000014475183779,María,F,Q18088640,resolved by sex
6000000014475371553,María,F,Q18088640,resolved by sex
6000000014475371553,María,F,Q18088640,resolved by sex
6000000014475510088,María,F,Q18088640,resolved by sex
6000000014475510088,María,F,Q18088640,resolved by sex
6000000014475540151,María,F,Q18088640,resolved by sex
6000000014516132262,María,F,Q18088640,resolved by sex
6000000014577616394,María,F,Q18088640,resolved by sex
6000000014579465531,María,F,Q18088640,resolved by sex
6000000014605468005,María,F,Q18088640,resolved by sex
6000000014611782567,María,F,Q18088640,resolved by sex
6000000014612153542,María,F,Q18088640,resolved by sex
6000000014612162784,María,F,Q18088640,resolved by sex
6000000014612326229,María,F,Q18088640,resolved by sex
6000000014612362419,María,F,Q18088640,resolved by sex
6000000014612468275,María,F,Q18088640,resolved by sex
6000000014645348789,María,F,Q18088640,resolved by sex
6000000014645348789,María,F,Q18088640,resolved by sex
6000000014676960474,María,F,Q18088640,resolved by sex
6000000014686846159,María,F,Q18088640,resolved by sex
6000000014690969437,María,F,Q18088640,resolved by sex
6000000014727777482,María,F,Q18088640,resolved by sex
6000000014727850004,María,M,Q109785195,resolved by sex
6000000014746908761,María,F,Q18088640,resolved by sex
6000000014795774803,María,F,Q18088640,resolved by sex
6000000014798995890,María,F,Q18088640,resolved by sex
6000000014805780851,María,F,Q18088640,resolved by sex
6000000014805861458,María,F,Q18088640,resolved by sex
6000000014807982906,María,F,Q18088640,resolved by sex
6000000014808561475,María,F,Q18088640,resolved by sex
6000000014811015133,María,F,Q18088640,resolved by sex
6000000014814915999,María,F,Q18088640,resolved by sex
6000000014816741585,María,F,Q18088640,resolved by sex
6000000014816818168,María,F,Q18088640,resolved by sex
6000000014816932449,María,F,Q18088640,resolved by sex
6000000014817451151,María,F,Q18088640,resolved by sex
6000000014817711797,María,F,Q18088640,resolved by sex
6000000014818320561,María,F,Q18088640,resolved by sex
6000000014853944802,María,F,Q18088640,resolved by sex
6000000014860629194,María,F,Q18088640,resolved by sex
6000000014862311435,María,F,Q18088640,resolved by sex
6000000014865386314,María,F,Q18088640,resolved by sex
6000000014866004482,María,F,Q18088640,resolved by sex
6000000014885225671,María,F,Q18088640,resolved by sex
6000000014913177832,María,F,Q18088640,resolved by sex
6000000014913263820,María,F,Q18088640,resolved by sex
6000000014914054226,María,F,Q18088640,resolved by sex
6000000014929203610,María,F,Q18088640,resolved by sex
6000000014929334291,María,F,Q18088640,resolved by sex
6000000014929334291,María,F,Q18088640,resolved by sex
6000000014929507681,María,F,Q18088640,resolved by sex
6000000014929764199,María,F,Q18088640,resolved by sex
6000000014929887232,María,F,Q18088640,resolved by sex
6000000014930015030,María,F,Q18088640,resolved by sex
6000000014930015030,María,F,Q18088640,resolved by sex
6000000014936548263,María,F,Q18088640,resolved by sex
6000000014971213574,María,F,Q18088640,resolved by sex
6000000014984219346,María,F,Q18088640,resolved by sex
6000000015031841584,María,F,Q18088640,resolved by sex
6000000015048771362,María,F,Q18088640,resolved by sex
6000000015048771362,María,F,Q18088640,resolved by sex
6000000015067451041,María,F,Q18088640,resolved by sex
6000000015070450756,María,F,Q18088640,resolved by sex
6000000015070450756,María,F,Q18088640,resolved by sex
6000000015093595436,María,F,Q18088640,resolved by sex
6000000015120662375,María,F,Q18088640,resolved by sex
6000000015120686543,María,F,Q18088640,resolved by sex
6000000015120748044,María,F,Q18088640,resolved by sex
6000000015120758451,María,F,Q18088640,resolved by sex
6000000015121178642,María,F,Q18088640,resolved by sex
6000000015128712631,María,F,Q18088640,resolved by sex
6000000015128712631,María,F,Q18088640,resolved by sex
6000000015129753332,María,F,Q18088640,resolved by sex
6000000015133798586,María,F,Q18088640,resolved by sex
6000000015133798586,María,F,Q18088640,resolved by sex
6000000015134591276,María,F,Q18088640,resolved by sex
6000000015134591276,María,F,Q18088640,resolved by sex
6000000015152228467,María,F,Q18088640,resolved by sex
6000000015160446869,María,F,Q18088640,resolved by sex
6000000015160723030,María,F,Q18088640,resolved by sex
6000000015192955315,María,F,Q18088640,resolved by sex
6000000015200255198,María,F,Q18088640,resolved by sex
6000000015211206045,María,F,Q18088640,resolved by sex
6000000015221141107,María,F,Q18088640,resolved by sex
6000000015232492848,María,F,Q18088640,resolved by sex
6000000015238060888,María,F,Q18088640,resolved by sex
6000000015238060888,María,F,Q18088640,resolved by sex
6000000015246521424,María,F,Q18088640,resolved by sex
6000000015279261806,María,F,Q18088640,resolved by sex
6000000015312562740,María,F,Q18088640,resolved by sex
6000000015312762066,María,F,Q18088640,resolved by sex
6000000015335406617,María,F,Q18088640,resolved by sex
6000000015352423620,María,F,Q18088640,resolved by sex
6000000015352481483,María,F,Q18088640,resolved by sex
6000000015352534355,María,F,Q18088640,resolved by sex
6000000015355590093,María,F,Q18088640,resolved by sex
6000000015356745571,María,F,Q18088640,resolved by sex
6000000015387063452,María,F,Q18088640,resolved by sex
6000000015411561759,María,F,Q18088640,resolved by sex
6000000015509697007,María,F,Q18088640,resolved by sex
6000000015537897726,María,F,Q18088640,resolved by sex
6000000015539163012,María,F,Q18088640,resolved by sex
6000000015563999879,María,F,Q18088640,resolved by sex
6000000015615981201,María,F,Q18088640,resolved by sex
6000000015640587563,María,F,Q18088640,resolved by sex
6000000015651775139,María,F,Q18088640,resolved by sex
6000000015655977522,María,F,Q18088640,resolved by sex
6000000015691740776,María,F,Q18088640,resolved by sex
6000000015692219448,María,F,Q18088640,resolved by sex
6000000015761783280,María,F,Q18088640,resolved by sex
6000000015774379434,María,F,Q18088640,resolved by sex
6000000015826296191,María,F,Q18088640,resolved by sex
6000000015873346602,María,F,Q18088640,resolved by sex
6000000015877344725,María,F,Q18088640,resolved by sex
6000000015877344725,María,F,Q18088640,resolved by sex
6000000015877512052,María,F,Q18088640,resolved by sex
6000000015877748102,María,F,Q18088640,resolved by sex
6000000015927456161,María,F,Q18088640,resolved by sex
6000000015961147953,María,F,Q18088640,resolved by sex
6000000015975103536,María,F,Q18088640,resolved by sex
6000000015975633839,María,F,Q18088640,resolved by sex
6000000015975633839,María,F,Q18088640,resolved by sex
6000000015987489647,María,F,Q18088640,resolved by sex
6000000015987739181,María,F,Q18088640,resolved by sex
6000000015987769130,María,F,Q18088640,resolved by sex
6000000016023204287,María,F,Q18088640,resolved by sex
6000000016023215388,María,F,Q18088640,resolved by sex
6000000016146113222,María,F,Q18088640,resolved by sex
6000000016146113222,María,F,Q18088640,resolved by sex
6000000016147459836,María,F,Q18088640,resolved by sex
6000000016157578843,María,F,Q18088640,resolved by sex
6000000016157610661,María,F,Q18088640,resolved by sex
6000000016205016069,María,F,Q18088640,resolved by sex
6000000016218882335,María,F,Q18088640,resolved by sex
6000000016336452695,María,F,Q18088640,resolved by sex
6000000016386527959,María,F,Q18088640,resolved by sex
6000000016436738199,María,F,Q18088640,resolved by sex
6000000016465738292,María,F,Q18088640,resolved by sex
6000000016509629494,María,F,Q18088640,resolved by sex
6000000016509672215,María,F,Q18088640,resolved by sex
6000000016509795767,María,F,Q18088640,resolved by sex
6000000016521311668,María,F,Q18088640,resolved by sex
6000000016521545655,María,F,Q18088640,resolved by sex
6000000016521887660,María,F,Q18088640,resolved by sex
6000000016522902848,María,F,Q18088640,resolved by sex
6000000016523250041,María,F,Q18088640,resolved by sex
6000000016531714625,María,F,Q18088640,resolved by sex
6000000016543616311,María,F,Q18088640,resolved by sex
6000000016577300481,María,F,Q18088640,resolved by sex
6000000016577423511,María,F,Q18088640,resolved by sex
6000000016631878025,María,F,Q18088640,resolved by sex
6000000016662659985,María,F,Q18088640,resolved by sex
6000000016682143788,María,F,Q18088640,resolved by sex
6000000016795666652,María,F,Q18088640,resolved by sex
6000000016795893069,María,F,Q18088640,resolved by sex
6000000016855430684,María,F,Q18088640,resolved by sex
6000000016939444717,María,F,Q18088640,resolved by sex
6000000017043595857,María,F,Q18088640,resolved by sex
6000000017089963214,María,F,Q18088640,resolved by sex
6000000017090031167,María,F,Q18088640,resolved by sex
6000000017106014509,María,F,Q18088640,resolved by sex
6000000017123963779,María,F,Q18088640,resolved by sex
6000000017124459773,María,F,Q18088640,resolved by sex
6000000017146437393,María,F,Q18088640,resolved by sex
6000000017168025719,María,F,Q18088640,resolved by sex
6000000017168676096,María,F,Q18088640,resolved by sex
6000000017168691123,María,F,Q18088640,resolved by sex
6000000017230111011,María,F,Q18088640,resolved by sex
6000000017266829980,María,F,Q18088640,resolved by sex
6000000017267257051,María,F,Q18088640,resolved by sex
6000000017272624163,María,F,Q18088640,resolved by sex
6000000017272645379,María,F,Q18088640,resolved by sex
6000000017274616176,María,F,Q18088640,resolved by sex
6000000017308742640,María,F,Q18088640,resolved by sex
6000000017335415530,María,F,Q18088640,resolved by sex
6000000017345005982,María,F,Q18088640,resolved by sex
6000000017345353366,María,F,Q18088640,resolved by sex
6000000017345481881,María,F,Q18088640,resolved by sex
6000000017345614182,María,F,Q18088640,resolved by sex
6000000017361068686,María,F,Q18088640,resolved by sex
6000000017361324683,María,F,Q18088640,resolved by sex
6000000017361721229,María,F,Q18088640,resolved by sex
6000000017361721229,María,F,Q18088640,resolved by sex
6000000017368501606,María,F,Q18088640,resolved by sex
6000000017368989215,María,F,Q18088640,resolved by sex
6000000017368989215,María,F,Q18088640,resolved by sex
6000000017369033979,María,F,Q18088640,resolved by sex
6000000017370275793,María,F,Q18088640,resolved by sex
6000000017370546070,María,F,Q18088640,resolved by sex
6000000017386285842,María,F,Q18088640,resolved by sex
6000000017395536132,María,F,Q18088640,resolved by sex
6000000017443899915,María,M,Q109785195,resolved by sex
6000000017488836822,María,F,Q18088640,resolved by sex
6000000017519401521,María,F,Q18088640,resolved by sex
6000000017526729252,María,F,Q18088640,resolved by sex
6000000017526772531,María,F,Q18088640,resolved by sex
6000000017640864721,María,F,Q18088640,resolved by sex
6000000017679962133,María,F,Q18088640,resolved by sex
6000000017681945574,María,F,Q18088640,resolved by sex
6000000017691094096,María,F,Q18088640,resolved by sex
6000000017719983809,María,F,Q18088640,resolved by sex
6000000017787994749,María,M,Q109785195,resolved by sex
6000000017787995925,María,F,Q18088640,resolved by sex
6000000017788012661,María,F,Q18088640,resolved by sex
6000000017788525222,María,F,Q18088640,resolved by sex
6000000017807283028,María,F,Q18088640,resolved by sex
6000000017809220580,María,F,Q18088640,resolved by sex
6000000017809220580,María,F,Q18088640,resolved by sex
6000000017815337472,María,F,Q18088640,resolved by sex
6000000017830707723,María,F,Q18088640,resolved by sex
6000000017832259395,María,F,Q18088640,resolved by sex
6000000017857157232,María,F,Q18088640,resolved by sex
6000000017889180454,María,F,Q18088640,resolved by sex
6000000017889242512,María,F,Q18088640,resolved by sex
6000000017907377185,María,F,Q18088640,resolved by sex
6000000017925463792,María,F,Q18088640,resolved by sex
6000000017962489722,María,F,Q18088640,resolved by sex
6000000017962494846,María,F,Q18088640,resolved by sex
6000000017963676141,María,F,Q18088640,resolved by sex
6000000017963676176,María,F,Q18088640,resolved by sex
6000000018011619102,María,F,Q18088640,resolved by sex
6000000018051998366,María,F,Q18088640,resolved by sex
6000000018069934842,María,F,Q18088640,resolved by sex
6000000018087787975,María,F,Q18088640,resolved by sex
6000000018138773675,María,F,Q18088640,resolved by sex
6000000018191567801,María,F,Q18088640,resolved by sex
6000000018191585145,María,M,Q109785195,resolved by sex
6000000018273577634,María,F,Q18088640,resolved by sex
6000000018349238366,María,F,Q18088640,resolved by sex
6000000018479962464,María,F,Q18088640,resolved by sex
6000000018521836985,María,F,Q18088640,resolved by sex
6000000018523386185,María,F,Q18088640,resolved by sex
6000000018693880469,María,F,Q18088640,resolved by sex
6000000018705420364,María,F,Q18088640,resolved by sex
6000000018727274037,María,F,Q18088640,resolved by sex
6000000018729213373,María,F,Q18088640,resolved by sex
6000000018775537961,María,F,Q18088640,resolved by sex
6000000018790011187,María,F,Q18088640,resolved by sex
6000000018800171750,María,F,Q18088640,resolved by sex
6000000018806469001,María,F,Q18088640,resolved by sex
6000000018807928620,María,F,Q18088640,resolved by sex
6000000018814000611,María,F,Q18088640,resolved by sex
6000000018814000611,María,F,Q18088640,resolved by sex
6000000018818084044,María,F,Q18088640,resolved by sex
6000000018818255169,María,F,Q18088640,resolved by sex
6000000018820626837,María,F,Q18088640,resolved by sex
6000000018832121849,María,F,Q18088640,resolved by sex
6000000018832623523,María,F,Q18088640,resolved by sex
6000000018837809970,María,F,Q18088640,resolved by sex
6000000018838694048,María,F,Q18088640,resolved by sex
6000000018842379138,María,F,Q18088640,resolved by sex
6000000018883135891,María,F,Q18088640,resolved by sex
6000000018906539146,María,F,Q18088640,resolved by sex
6000000018906748537,María,F,Q18088640,resolved by sex
6000000018928829921,María,F,Q18088640,resolved by sex
6000000018930045436,María,F,Q18088640,resolved by sex
6000000018930696212,María,F,Q18088640,resolved by sex
6000000018934411198,María,F,Q18088640,resolved by sex
6000000018936899546,María,F,Q18088640,resolved by sex
6000000018941770883,María,F,Q18088640,resolved by sex
6000000018951141140,María,F,Q18088640,resolved by sex
6000000018954691263,María,F,Q18088640,resolved by sex
6000000018959746320,María,F,Q18088640,resolved by sex
6000000018963349722,María,F,Q18088640,resolved by sex
6000000018968058816,María,F,Q18088640,resolved by sex
6000000018971353831,María,F,Q18088640,resolved by sex
6000000018974122104,María,F,Q18088640,resolved by sex
6000000018979040682,María,F,Q18088640,resolved by sex
6000000018987548001,María,F,Q18088640,resolved by sex
6000000018987548001,María,F,Q18088640,resolved by sex
6000000018992638469,María,F,Q18088640,resolved by sex
6000000018995448190,María,F,Q18088640,resolved by sex
6000000019000402493,María,F,Q18088640,resolved by sex
6000000019004350358,María,F,Q18088640,resolved by sex
6000000019004518853,María,F,Q18088640,resolved by sex
6000000019004747220,María,F,Q18088640,resolved by sex
6000000019005037325,María,F,Q18088640,resolved by sex
6000000019005044362,María,F,Q18088640,resolved by sex
6000000019005369165,María,F,Q18088640,resolved by sex
6000000019005818395,María,F,Q18088640,resolved by sex
6000000019005915301,María,F,Q18088640,resolved by sex
6000000019023961245,María,F,Q18088640,resolved by sex
6000000019026273588,María,F,Q18088640,resolved by sex
6000000019034888983,María,F,Q18088640,resolved by sex
6000000019060215290,María,F,Q18088640,resolved by sex
6000000019060231252,María,F,Q18088640,resolved by sex
6000000019060323222,María,F,Q18088640,resolved by sex
6000000019060351295,María,F,Q18088640,resolved by sex
6000000019066147949,María,F,Q18088640,resolved by sex
6000000019072740457,María,F,Q18088640,resolved by sex
6000000019073296739,María,F,Q18088640,resolved by sex
6000000019073514331,María,F,Q18088640,resolved by sex
6000000019075543109,María,F,Q18088640,resolved by sex
6000000019075543109,María,F,Q18088640,resolved by sex
6000000019079564358,María,F,Q18088640,resolved by sex
6000000019134092734,María,F,Q18088640,resolved by sex
6000000019193862853,María,F,Q18088640,resolved by sex
6000000019221387863,María,F,Q18088640,resolved by sex
6000000019221420875,María,F,Q18088640,resolved by sex
6000000019221834346,María,F,Q18088640,resolved by sex
6000000019222143127,María,F,Q18088640,resolved by sex
6000000019222210019,María,F,Q18088640,resolved by sex
6000000019238221160,María,F,Q18088640,resolved by sex
6000000019247683393,María,F,Q18088640,resolved by sex
6000000019247765197,María,F,Q18088640,resolved by sex
6000000019252763151,María,F,Q18088640,resolved by sex
6000000019254418830,María,F,Q18088640,resolved by sex
6000000019254545330,María,F,Q18088640,resolved by sex
6000000019254590154,María,F,Q18088640,resolved by sex
6000000019254619279,María,F,Q18088640,resolved by sex
6000000019254632330,María,F,Q18088640,resolved by sex
6000000019254659198,María,F,Q18088640,resolved by sex
6000000019269269543,María,F,Q18088640,resolved by sex
6000000019269269543,María,F,Q18088640,resolved by sex
6000000019274603400,María,F,Q18088640,resolved by sex
6000000019338932280,María,F,Q18088640,resolved by sex
6000000019356957848,María,F,Q18088640,resolved by sex
6000000019373939821,María,F,Q18088640,resolved by sex
6000000019444794243,María,F,Q18088640,resolved by sex
6000000019452532912,María,F,Q18088640,resolved by sex
6000000019452704065,María,F,Q18088640,resolved by sex
6000000019459395210,María,F,Q18088640,resolved by sex
6000000019459680063,María,F,Q18088640,resolved by sex
6000000019459919097,María,F,Q18088640,resolved by sex
6000000019464700508,María,F,Q18088640,resolved by sex
6000000019465968041,María,F,Q18088640,resolved by sex
6000000019484955789,María,F,Q18088640,resolved by sex
6000000019497789703,María,F,Q18088640,resolved by sex
6000000019532008141,María,F,Q18088640,resolved by sex
6000000019532343039,María,F,Q18088640,resolved by sex
6000000019538732767,María,F,Q18088640,resolved by sex
6000000019568818414,María,F,Q18088640,resolved by sex
6000000019587379470,María,F,Q18088640,resolved by sex
6000000019590582660,María,F,Q18088640,resolved by sex
6000000019590831102,María,F,Q18088640,resolved by sex
6000000019658788224,María,F,Q18088640,resolved by sex
6000000019658788224,María,F,Q18088640,resolved by sex
6000000019659001643,María,F,Q18088640,resolved by sex
6000000019679154012,María,F,Q18088640,resolved by sex
6000000019705533112,María,F,Q18088640,resolved by sex
6000000019735222461,María,F,Q18088640,resolved by sex
6000000019736452417,María,F,Q18088640,resolved by sex
6000000019762816082,María,F,Q18088640,resolved by sex
6000000019802347071,María,F,Q18088640,resolved by sex
6000000019807997945,María,F,Q18088640,resolved by sex
6000000019807997945,María,F,Q18088640,resolved by sex
6000000019819720125,María,F,Q18088640,resolved by sex
6000000019819720125,María,F,Q18088640,resolved by sex
6000000019819914585,María,F,Q18088640,resolved by sex
6000000019833754284,María,F,Q18088640,resolved by sex
6000000019893624288,María,F,Q18088640,resolved by sex
6000000019953225498,María,F,Q18088640,resolved by sex
6000000019953876711,María,F,Q18088640,resolved by sex
6000000019953876711,María,F,Q18088640,resolved by sex
6000000019965617185,María,F,Q18088640,resolved by sex
6000000019965709471,María,F,Q18088640,resolved by sex
6000000019967644311,María,F,Q18088640,resolved by sex
6000000019967846002,María,F,Q18088640,resolved by sex
6000000019971228921,María,F,Q18088640,resolved by sex
6000000019971440851,María,F,Q18088640,resolved by sex
6000000019975787724,María,F,Q18088640,resolved by sex
6000000020006082359,María,F,Q18088640,resolved by sex
6000000020008237136,María,F,Q18088640,resolved by sex
6000000020014344484,María,F,Q18088640,resolved by sex
6000000020014886130,María,F,Q18088640,resolved by sex
6000000020019088494,María,F,Q18088640,resolved by sex
6000000020023154024,María,F,Q18088640,resolved by sex
6000000020025779583,María,F,Q18088640,resolved by sex
6000000020031184414,María,F,Q18088640,resolved by sex
6000000020124725544,María,M,Q109785195,resolved by sex
6000000020126075013,María,F,Q18088640,resolved by sex
6000000020179594646,María,F,Q18088640,resolved by sex
6000000020184539680,María,F,Q18088640,resolved by sex
6000000020184781728,María,F,Q18088640,resolved by sex
6000000020207697749,María,F,Q18088640,resolved by sex
6000000020255830121,María,F,Q18088640,resolved by sex
6000000020342253912,María,F,Q18088640,resolved by sex
6000000020462342891,María,F,Q18088640,resolved by sex
6000000020462342891,María,F,Q18088640,resolved by sex
6000000020462452431,María,F,Q18088640,resolved by sex
6000000020467579832,María,F,Q18088640,resolved by sex
6000000020577189374,María,F,Q18088640,resolved by sex
6000000020581873909,María,F,Q18088640,resolved by sex
6000000020624356167,María,F,Q18088640,resolved by sex
6000000020624356167,María,F,Q18088640,resolved by sex
6000000020624362190,María,F,Q18088640,resolved by sex
6000000020649224689,María,F,Q18088640,resolved by sex
6000000020653937505,María,F,Q18088640,resolved by sex
6000000020654197518,María,F,Q18088640,resolved by sex
6000000020708658954,María,F,Q18088640,resolved by sex
6000000020735847443,María,F,Q18088640,resolved by sex
6000000020775232022,María,F,Q18088640,resolved by sex
6000000020840947327,María,F,Q18088640,resolved by sex
6000000020842419827,María,F,Q18088640,resolved by sex
6000000020885335072,María,F,Q18088640,resolved by sex
6000000020886035718,María,F,Q18088640,resolved by sex
6000000020921508567,María,F,Q18088640,resolved by sex
6000000020948027317,María,F,Q18088640,resolved by sex
6000000020974808118,María,F,Q18088640,resolved by sex
6000000020975419768,María,F,Q18088640,resolved by sex
6000000021040547249,María,F,Q18088640,resolved by sex
6000000021078980731,María,F,Q18088640,resolved by sex
6000000021078980731,María,F,Q18088640,resolved by sex
6000000021095612028,María,F,Q18088640,resolved by sex
6000000021095612028,María,F,Q18088640,resolved by sex
6000000021119169334,María,F,Q18088640,resolved by sex
6000000021119169334,María,F,Q18088640,resolved by sex
6000000021164538774,María,F,Q18088640,resolved by sex
6000000021165143533,María,M,Q109785195,resolved by sex
6000000021165143533,María,M,Q109785195,resolved by sex
6000000021236679841,María,F,Q18088640,resolved by sex
6000000021247287428,María,F,Q18088640,resolved by sex
6000000021288522412,María,F,Q18088640,resolved by sex
6000000021330143425,María,F,Q18088640,resolved by sex
6000000021330182263,María,F,Q18088640,resolved by sex
6000000021387508034,María,F,Q18088640,resolved by sex
6000000021482557405,María,F,Q18088640,resolved by sex
6000000021483053963,María,F,Q18088640,resolved by sex
6000000021484967886,María,F,Q18088640,resolved by sex
6000000021484968813,María,F,Q18088640,resolved by sex
6000000021489902541,María,F,Q18088640,resolved by sex
6000000021492916494,María,F,Q18088640,resolved by sex
6000000021493216895,María,F,Q18088640,resolved by sex
6000000021504554989,María,F,Q18088640,resolved by sex
6000000021505419976,María,F,Q18088640,resolved by sex
6000000021505465899,María,F,Q18088640,resolved by sex
6000000021532561777,María,F,Q18088640,resolved by sex
6000000021568775395,María,F,Q18088640,resolved by sex
6000000021568818506,María,F,Q18088640,resolved by sex
6000000021568844497,María,F,Q18088640,resolved by sex
6000000021568889149,María,F,Q18088640,resolved by sex
6000000021569015882,María,F,Q18088640,resolved by sex
6000000021606615430,María,F,Q18088640,resolved by sex
6000000021661654826,María,F,Q18088640,resolved by sex
6000000021704886951,María,F,Q18088640,resolved by sex
6000000021763007224,María,F,Q18088640,resolved by sex
6000000021763091116,María,F,Q18088640,resolved by sex
6000000021770571321,María,F,Q18088640,resolved by sex
6000000021808314799,María,F,Q18088640,resolved by sex
6000000021809246525,María,F,Q18088640,resolved by sex
6000000021813515900,María,F,Q18088640,resolved by sex
6000000021813515900,María,F,Q18088640,resolved by sex
6000000021935623166,María,F,Q18088640,resolved by sex
6000000021939210268,María,F,Q18088640,resolved by sex
6000000021939210268,María,F,Q18088640,resolved by sex
6000000021952933383,María,F,Q18088640,resolved by sex
6000000021953102207,María,F,Q18088640,resolved by sex
6000000022019349070,María,F,Q18088640,resolved by sex
6000000022112160343,María,F,Q18088640,resolved by sex
6000000022175603372,María,F,Q18088640,resolved by sex
6000000022278522085,María,F,Q18088640,resolved by sex
6000000022333030325,María,M,Q109785195,resolved by sex
6000000022336486708,María,F,Q18088640,resolved by sex
6000000022336758689,María,F,Q18088640,resolved by sex
6000000022392979295,María,F,Q18088640,resolved by sex
6000000022396231186,María,F,Q18088640,resolved by sex
6000000022411110715,María,F,Q18088640,resolved by sex
6000000022411195308,María,F,Q18088640,resolved by sex
6000000022642350937,María,F,Q18088640,resolved by sex
6000000022700703332,María,F,Q18088640,resolved by sex
6000000022717817715,María,F,Q18088640,resolved by sex
6000000022755085403,María,F,Q18088640,resolved by sex
6000000022755853322,María,F,Q18088640,resolved by sex
6000000022757329453,María,F,Q18088640,resolved by sex
6000000022758387732,María,F,Q18088640,resolved by sex
6000000022781859853,María,F,Q18088640,resolved by sex
6000000022810388241,María,F,Q18088640,resolved by sex
6000000022811287901,María,F,Q18088640,resolved by sex
6000000022819173242,María,F,Q18088640,resolved by sex
6000000022819173242,María,F,Q18088640,resolved by sex
6000000022870301704,María,F,Q18088640,resolved by sex
6000000022871690631,María,F,Q18088640,resolved by sex
6000000022872595002,María,F,Q18088640,resolved by sex
6000000022907564896,María,F,Q18088640,resolved by sex
6000000023000503068,María,F,Q18088640,resolved by sex
6000000023000503068,María,F,Q18088640,resolved by sex
6000000023000503121,María,F,Q18088640,resolved by sex
6000000023000503127,María,F,Q18088640,resolved by sex
6000000023000503127,María,F,Q18088640,resolved by sex
6000000023000823824,María,F,Q18088640,resolved by sex
6000000023175961678,María,F,Q18088640,resolved by sex
6000000023175961678,María,F,Q18088640,resolved by sex
6000000023184991051,María,F,Q18088640,resolved by sex
6000000023185195115,María,F,Q18088640,resolved by sex
6000000023191617067,María,F,Q18088640,resolved by sex
6000000023214526022,María,M,Q109785195,resolved by sex
6000000023215075695,María,F,Q18088640,resolved by sex
6000000023252311210,María,F,Q18088640,resolved by sex
6000000023262554107,María,F,Q18088640,resolved by sex
6000000023263059084,María,F,Q18088640,resolved by sex
6000000023263059090,María,F,Q18088640,resolved by sex
6000000023263141872,María,F,Q18088640,resolved by sex
6000000023326747114,María,F,Q18088640,resolved by sex
6000000023450345875,María,F,Q18088640,resolved by sex
6000000023451042630,María,F,Q18088640,resolved by sex
6000000023623001338,María,F,Q18088640,resolved by sex
6000000023685444986,María,F,Q18088640,resolved by sex
6000000023685444986,María,F,Q18088640,resolved by sex
6000000023686909854,María,F,Q18088640,resolved by sex
6000000023700134929,María,F,Q18088640,resolved by sex
6000000023710045191,María,F,Q18088640,resolved by sex
6000000023710045196,María,F,Q18088640,resolved by sex
6000000023710683105,María,F,Q18088640,resolved by sex
6000000023753187598,María,F,Q18088640,resolved by sex
6000000023793706481,María,F,Q18088640,resolved by sex
6000000023793706481,María,F,Q18088640,resolved by sex
6000000023896402489,María,F,Q18088640,resolved by sex
6000000023910851923,María,F,Q18088640,resolved by sex
6000000023910867944,María,F,Q18088640,resolved by sex
6000000023925641371,María,F,Q18088640,resolved by sex
6000000023969013436,María,F,Q18088640,resolved by sex
6000000023969224193,María,F,Q18088640,resolved by sex
6000000023969293860,María,F,Q18088640,resolved by sex
6000000023993353647,María,F,Q18088640,resolved by sex
6000000024065314019,María,F,Q18088640,resolved by sex
6000000024065337155,María,F,Q18088640,resolved by sex
6000000024065422128,María,F,Q18088640,resolved by sex
6000000024065422134,María,F,Q18088640,resolved by sex
6000000024065422134,María,F,Q18088640,resolved by sex
6000000024089866396,María,F,Q18088640,resolved by sex
6000000024239633551,María,F,Q18088640,resolved by sex
6000000024239633551,María,F,Q18088640,resolved by sex
6000000024267465130,María,F,Q18088640,resolved by sex
6000000024281138524,María,F,Q18088640,resolved by sex
6000000024321995865,María,F,Q18088640,resolved by sex
6000000024375080386,María,F,Q18088640,resolved by sex
6000000024430481593,María,F,Q18088640,resolved by sex
6000000024430481593,María,F,Q18088640,resolved by sex
6000000024431533435,María,F,Q18088640,resolved by sex
6000000024431533440,María,F,Q18088640,resolved by sex
6000000024431533461,María,M,Q109785195,resolved by sex
6000000024431767112,María,F,Q18088640,resolved by sex
6000000024431767112,María,F,Q18088640,resolved by sex
6000000024472943410,María,F,Q18088640,resolved by sex
6000000024472943410,María,F,Q18088640,resolved by sex
6000000024476496306,María,F,Q18088640,resolved by sex
6000000024476867041,María,F,Q18088640,resolved by sex
6000000024477420205,María,F,Q18088640,resolved by sex
6000000024611854819,María,F,Q18088640,resolved by sex
6000000024611854819,María,F,Q18088640,resolved by sex
6000000024612443675,María,F,Q18088640,resolved by sex
6000000024612443681,María,M,Q109785195,resolved by sex
6000000024612443687,María,F,Q18088640,resolved by sex
6000000024612694229,María,F,Q18088640,resolved by sex
6000000024629229381,María,F,Q18088640,resolved by sex
6000000024644451557,María,F,Q18088640,resolved by sex
6000000024644451572,María,F,Q18088640,resolved by sex
6000000024667715366,María,F,Q18088640,resolved by sex
6000000024668895728,María,F,Q18088640,resolved by sex
6000000024670273383,María,F,Q18088640,resolved by sex
6000000024670316999,María,F,Q18088640,resolved by sex
6000000024681183390,María,F,Q18088640,resolved by sex
6000000024681183396,María,F,Q18088640,resolved by sex
6000000024681183402,María,F,Q18088640,resolved by sex
6000000024681183445,María,F,Q18088640,resolved by sex
6000000024683722595,María,F,Q18088640,resolved by sex
6000000024683807432,María,F,Q18088640,resolved by sex
6000000024683869550,María,F,Q18088640,resolved by sex
6000000024685098929,María,M,Q109785195,resolved by sex
6000000024685213202,María,F,Q18088640,resolved by sex
6000000024685598722,María,F,Q18088640,resolved by sex
6000000024685598722,María,F,Q18088640,resolved by sex
6000000024729754533,María,F,Q18088640,resolved by sex
6000000024762984400,María,F,Q18088640,resolved by sex
6000000024788393438,María,F,Q18088640,resolved by sex
6000000024788393438,María,F,Q18088640,resolved by sex
6000000024822459165,María,F,Q18088640,resolved by sex
6000000024951001542,María,F,Q18088640,resolved by sex
6000000025036359848,María,F,Q18088640,resolved by sex
6000000025086857239,María,F,Q18088640,resolved by sex
6000000025086857239,María,F,Q18088640,resolved by sex
6000000025105891970,María,F,Q18088640,resolved by sex
6000000025140522481,María,F,Q18088640,resolved by sex
6000000025165042894,María,F,Q18088640,resolved by sex
6000000025196826044,María,F,Q18088640,resolved by sex
6000000025200348153,María,F,Q18088640,resolved by sex
6000000025204738951,María,F,Q18088640,resolved by sex
6000000025238313637,María,F,Q18088640,resolved by sex
6000000025239777277,María,F,Q18088640,resolved by sex
6000000025292808279,María,F,Q18088640,resolved by sex
6000000025294795220,María,F,Q18088640,resolved by sex
6000000025298495570,María,F,Q18088640,resolved by sex
6000000025298541581,María,F,Q18088640,resolved by sex
6000000025299013367,María,F,Q18088640,resolved by sex
6000000025299029042,María,F,Q18088640,resolved by sex
6000000025307875864,María,F,Q18088640,resolved by sex
6000000025332628448,María,F,Q18088640,resolved by sex
6000000025333243212,María,F,Q18088640,resolved by sex
6000000025386775074,María,F,Q18088640,resolved by sex
6000000025403000538,María,F,Q18088640,resolved by sex
6000000025403412488,María,F,Q18088640,resolved by sex
6000000025403698943,María,F,Q18088640,resolved by sex
6000000025403932161,María,F,Q18088640,resolved by sex
6000000025416261305,María,F,Q18088640,resolved by sex
6000000025416568945,María,F,Q18088640,resolved by sex
6000000025416619421,María,F,Q18088640,resolved by sex
6000000025417095371,María,F,Q18088640,resolved by sex
6000000025417095371,María,F,Q18088640,resolved by sex
6000000025425649326,María,F,Q18088640,resolved by sex
6000000025425944058,María,F,Q18088640,resolved by sex
6000000025426915546,María,F,Q18088640,resolved by sex
6000000025427060279,María,F,Q18088640,resolved by sex
6000000025427391995,María,F,Q18088640,resolved by sex
6000000025427391995,María,F,Q18088640,resolved by sex
6000000025427786876,María,F,Q18088640,resolved by sex
6000000025427786876,María,F,Q18088640,resolved by sex
6000000025446069923,María,F,Q18088640,resolved by sex
6000000025446069923,María,F,Q18088640,resolved by sex
6000000025446225276,María,F,Q18088640,resolved by sex
6000000025446268608,María,F,Q18088640,resolved by sex
6000000025509760711,María,F,Q18088640,resolved by sex
6000000025513982639,María,F,Q18088640,resolved by sex
6000000025514163725,María,F,Q18088640,resolved by sex
6000000025514585057,María,F,Q18088640,resolved by sex
6000000025540468499,María,F,Q18088640,resolved by sex
6000000025553463534,María,F,Q18088640,resolved by sex
6000000025553463534,María,F,Q18088640,resolved by sex
6000000025555080838,María,F,Q18088640,resolved by sex
6000000025569612882,María,F,Q18088640,resolved by sex
6000000025569798932,María,F,Q18088640,resolved by sex
6000000025571077922,María,F,Q18088640,resolved by sex
6000000025571077922,María,F,Q18088640,resolved by sex
6000000025595040292,María,F,Q18088640,resolved by sex
6000000025605130748,María,F,Q18088640,resolved by sex
6000000025672994105,María,F,Q18088640,resolved by sex
6000000025673395076,María,F,Q18088640,resolved by sex
6000000025673804003,María,F,Q18088640,resolved by sex
6000000025673836110,María,F,Q18088640,resolved by sex
6000000025782782247,María,F,Q18088640,resolved by sex
6000000025782812121,María,F,Q18088640,resolved by sex
6000000025834202268,María,F,Q18088640,resolved by sex
6000000025834338640,María,F,Q18088640,resolved by sex
6000000025834338640,María,F,Q18088640,resolved by sex
6000000025864703421,María,F,Q18088640,resolved by sex
6000000025864789975,María,F,Q18088640,resolved by sex
6000000025891153539,María,F,Q18088640,resolved by sex
6000000025893229133,María,F,Q18088640,resolved by sex
6000000025893229133,María,F,Q18088640,resolved by sex
6000000025905132760,María,F,Q18088640,resolved by sex
6000000025927190538,María,F,Q18088640,resolved by sex
6000000025928240013,María,F,Q18088640,resolved by sex
6000000025928328945,María,F,Q18088640,resolved by sex
6000000026000409524,María,F,Q18088640,resolved by sex
6000000026000766184,María,F,Q18088640,resolved by sex
6000000026001541962,María,F,Q18088640,resolved by sex
6000000026023624920,María,F,Q18088640,resolved by sex
6000000026054625701,María,F,Q18088640,resolved by sex
6000000026093662807,María,F,Q18088640,resolved by sex
6000000026107395596,María,F,Q18088640,resolved by sex
6000000026107690093,María,F,Q18088640,resolved by sex
6000000026107703204,María,F,Q18088640,resolved by sex
6000000026151550235,María,F,Q18088640,resolved by sex
6000000026151759159,María,F,Q18088640,resolved by sex
6000000026312321453,María,F,Q18088640,resolved by sex
6000000026356164777,María,F,Q18088640,resolved by sex
6000000026393549002,María,F,Q18088640,resolved by sex
6000000026393549002,María,F,Q18088640,resolved by sex
6000000026393549002,María,F,Q18088640,resolved by sex
6000000026396631744,María,F,Q18088640,resolved by sex
6000000026409998339,María,F,Q18088640,resolved by sex
6000000026424884301,María,F,Q18088640,resolved by sex
6000000026435884022,María,F,Q18088640,resolved by sex
6000000026492027150,María,F,Q18088640,resolved by sex
6000000026492027150,María,F,Q18088640,resolved by sex
6000000026534280151,María,F,Q18088640,resolved by sex
6000000026537960848,María,F,Q18088640,resolved by sex
6000000026615932074,María,F,Q18088640,resolved by sex
6000000026698691689,María,F,Q18088640,resolved by sex
6000000026698793292,María,F,Q18088640,resolved by sex
6000000026698793299,María,F,Q18088640,resolved by sex
6000000026698793299,María,F,Q18088640,resolved by sex
6000000026733787157,María,F,Q18088640,resolved by sex
6000000026744330049,María,F,Q18088640,resolved by sex
6000000026749010785,María,F,Q18088640,resolved by sex
6000000026766990873,María,F,Q18088640,resolved by sex
6000000026767084877,María,F,Q18088640,resolved by sex
6000000026782342084,María,F,Q18088640,resolved by sex
6000000026797323351,María,F,Q18088640,resolved by sex
6000000026797323351,María,F,Q18088640,resolved by sex
6000000026797327250,María,F,Q18088640,resolved by sex
6000000026892533663,María,F,Q18088640,resolved by sex
6000000026908349026,María,F,Q18088640,resolved by sex
6000000026923320914,María,F,Q18088640,resolved by sex
6000000026983999528,María,F,Q18088640,resolved by sex
6000000026983999528,María,F,Q18088640,resolved by sex
6000000027005106586,María,F,Q18088640,resolved by sex
6000000027005208204,María,F,Q18088640,resolved by sex
6000000027019624100,María,F,Q18088640,resolved by sex
6000000027019650096,María,F,Q18088640,resolved by sex
6000000027047160813,María,F,Q18088640,resolved by sex
6000000027047162445,María,F,Q18088640,resolved by sex
6000000027047651825,María,F,Q18088640,resolved by sex
6000000027195614997,María,F,Q18088640,resolved by sex
6000000027208922009,María,F,Q18088640,resolved by sex
6000000027214856128,María,F,Q18088640,resolved by sex
6000000027216655423,María,F,Q18088640,resolved by sex
6000000027216655423,María,F,Q18088640,resolved by sex
6000000027230246063,María,F,Q18088640,resolved by sex
6000000027237507074,María,F,Q18088640,resolved by sex
6000000027347518920,María,F,Q18088640,resolved by sex
6000000027360818322,María,F,Q18088640,resolved by sex
6000000027376087794,María,F,Q18088640,resolved by sex
6000000027419566649,María,F,Q18088640,resolved by sex
6000000027468688874,María,F,Q18088640,resolved by sex
6000000027469197933,María,F,Q18088640,resolved by sex
6000000027470769950,María,F,Q18088640,resolved by sex
6000000027503337566,María,F,Q18088640,resolved by sex
6000000027520778315,María,F,Q18088640,resolved by sex
6000000027521023295,María,F,Q18088640,resolved by sex
6000000027525466547,María,M,Q109785195,resolved by sex
6000000027525466547,María,M,Q109785195,resolved by sex
6000000027558095647,María,F,Q18088640,resolved by sex
6000000027558095647,María,F,Q18088640,resolved by sex
6000000027558095647,María,F,Q18088640,resolved by sex
6000000027572617102,María,F,Q18088640,resolved by sex
6000000027572617102,María,F,Q18088640,resolved by sex
6000000027596687043,María,F,Q18088640,resolved by sex
6000000027627045166,María,M,Q109785195,resolved by sex
6000000027627045166,María,M,Q109785195,resolved by sex
6000000027627107059,María,M,Q109785195,resolved by sex
6000000027627107059,María,M,Q109785195,resolved by sex
6000000027628964782,María,F,Q18088640,resolved by sex
6000000027628995381,María,F,Q18088640,resolved by sex
6000000027630585706,María,F,Q18088640,resolved by sex
6000000027710801461,María,F,Q18088640,resolved by sex
6000000027710846190,María,F,Q18088640,resolved by sex
6000000027722439487,María,F,Q18088640,resolved by sex
6000000027742410948,María,F,Q18088640,resolved by sex
6000000027742410948,María,F,Q18088640,resolved by sex
6000000027748939179,María,F,Q18088640,resolved by sex
6000000027822180800,María,F,Q18088640,resolved by sex
6000000027822180800,María,F,Q18088640,resolved by sex
6000000027878847217,María,F,Q18088640,resolved by sex
6000000027934802600,María,M,Q109785195,resolved by sex
6000000028010807397,María,F,Q18088640,resolved by sex
6000000028048686665,María,F,Q18088640,resolved by sex
6000000028048686665,María,F,Q18088640,resolved by sex
6000000028066394044,María,M,Q109785195,resolved by sex
6000000028085287757,María,F,Q18088640,resolved by sex
6000000028089396059,María,F,Q18088640,resolved by sex
6000000028128650477,María,F,Q18088640,resolved by sex
6000000028228936955,María,F,Q18088640,resolved by sex
6000000028259677672,María,F,Q18088640,resolved by sex
6000000028263477808,María,F,Q18088640,resolved by sex
6000000028265234216,María,F,Q18088640,resolved by sex
6000000028416658265,María,F,Q18088640,resolved by sex
6000000028416658265,María,F,Q18088640,resolved by sex
6000000028525530069,María,M,Q109785195,resolved by sex
6000000028686207740,María,F,Q18088640,resolved by sex
6000000028795405562,María,F,Q18088640,resolved by sex
6000000028795405562,María,F,Q18088640,resolved by sex
6000000028892298170,María,F,Q18088640,resolved by sex
6000000028892298170,María,F,Q18088640,resolved by sex
6000000028938887695,María,F,Q18088640,resolved by sex
6000000028976518271,María,F,Q18088640,resolved by sex
6000000029018520272,María,F,Q18088640,resolved by sex
6000000029035181128,María,F,Q18088640,resolved by sex
6000000029039136194,María,F,Q18088640,resolved by sex
6000000029079544000,María,F,Q18088640,resolved by sex
6000000029081585551,María,F,Q18088640,resolved by sex
6000000029120791771,María,F,Q18088640,resolved by sex
6000000029176561021,María,F,Q18088640,resolved by sex
6000000029176658173,María,F,Q18088640,resolved by sex
6000000029178096901,María,F,Q18088640,resolved by sex
6000000029178765698,María,F,Q18088640,resolved by sex
6000000029179380314,María,F,Q18088640,resolved by sex
6000000029183901243,María,F,Q18088640,resolved by sex
6000000029206634377,María,M,Q109785195,resolved by sex
6000000029246804428,María,F,Q18088640,resolved by sex
6000000029246804428,María,F,Q18088640,resolved by sex
6000000029347537651,María,F,Q18088640,resolved by sex
6000000029388222045,María,F,Q18088640,resolved by sex
6000000029388256064,María,F,Q18088640,resolved by sex
6000000029389100410,María,F,Q18088640,resolved by sex
6000000029643884513,María,M,Q109785195,resolved by sex
6000000029659008488,María,F,Q18088640,resolved by sex
6000000029659008488,María,F,Q18088640,resolved by sex
6000000029659008488,María,F,Q18088640,resolved by sex
6000000029726766619,María,F,Q18088640,resolved by sex
6000000030026460740,María,F,Q18088640,resolved by sex
6000000030027000255,María,F,Q18088640,resolved by sex
6000000030027004092,María,F,Q18088640,resolved by sex
6000000030191856699,María,F,Q18088640,resolved by sex
6000000030231117997,María,F,Q18088640,resolved by sex
6000000030263911622,María,F,Q18088640,resolved by sex
6000000030264426464,María,F,Q18088640,resolved by sex
6000000030432344495,María,F,Q18088640,resolved by sex
6000000030484622143,María,F,Q18088640,resolved by sex
6000000030549395785,María,F,Q18088640,resolved by sex
6000000030572502991,María,F,Q18088640,resolved by sex
6000000030603639676,María,F,Q18088640,resolved by sex
6000000030603744569,María,F,Q18088640,resolved by sex
6000000030603752198,María,F,Q18088640,resolved by sex
6000000030667857521,María,F,Q18088640,resolved by sex
6000000030733965913,María,F,Q18088640,resolved by sex
6000000030799055983,María,F,Q18088640,resolved by sex
6000000030878941096,María,F,Q18088640,resolved by sex
6000000030886362931,María,F,Q18088640,resolved by sex
6000000030908657596,María,F,Q18088640,resolved by sex
6000000030908724459,María,F,Q18088640,resolved by sex
6000000030909091927,María,F,Q18088640,resolved by sex
6000000030962461291,María,F,Q18088640,resolved by sex
6000000030999511768,María,F,Q18088640,resolved by sex
6000000031009075458,María,F,Q18088640,resolved by sex
6000000031009280073,María,F,Q18088640,resolved by sex
6000000031052243607,María,F,Q18088640,resolved by sex
6000000031125363116,María,F,Q18088640,resolved by sex
6000000031125409033,María,F,Q18088640,resolved by sex
6000000031125520249,María,F,Q18088640,resolved by sex
6000000031185642601,María,F,Q18088640,resolved by sex
6000000031185920181,María,F,Q18088640,resolved by sex
6000000031186927156,María,F,Q18088640,resolved by sex
6000000031186991018,María,F,Q18088640,resolved by sex
6000000031208916212,María,F,Q18088640,resolved by sex
6000000031209114342,María,F,Q18088640,resolved by sex
6000000031323522424,María,F,Q18088640,resolved by sex
6000000031408660543,María,F,Q18088640,resolved by sex
6000000031409338884,María,F,Q18088640,resolved by sex
6000000031483633012,María,F,Q18088640,resolved by sex
6000000031497697755,María,F,Q18088640,resolved by sex
6000000031639026150,María,M,Q109785195,resolved by sex
6000000031639026150,María,M,Q109785195,resolved by sex
6000000031756579250,María,F,Q18088640,resolved by sex
6000000031756792112,María,F,Q18088640,resolved by sex
6000000031756963355,María,F,Q18088640,resolved by sex
6000000031780033172,María,F,Q18088640,resolved by sex
6000000031780033172,María,F,Q18088640,resolved by sex
6000000031829424475,María,F,Q18088640,resolved by sex
6000000031829689903,María,F,Q18088640,resolved by sex
6000000031878534032,María,F,Q18088640,resolved by sex
6000000031893504307,María,F,Q18088640,resolved by sex
6000000031986732768,María,F,Q18088640,resolved by sex
6000000031987320287,María,F,Q18088640,resolved by sex
6000000032014118248,María,F,Q18088640,resolved by sex
6000000032014211001,María,M,Q109785195,resolved by sex
6000000032014290921,María,F,Q18088640,resolved by sex
6000000032014559381,María,F,Q18088640,resolved by sex
6000000032016294900,María,F,Q18088640,resolved by sex
6000000032038277979,María,F,Q18088640,resolved by sex
6000000032038277979,María,F,Q18088640,resolved by sex
6000000032041634026,María,F,Q18088640,resolved by sex
6000000032085778941,María,F,Q18088640,resolved by sex
6000000032108732060,María,F,Q18088640,resolved by sex
6000000032108732060,María,F,Q18088640,resolved by sex
6000000032131595048,María,F,Q18088640,resolved by sex
6000000032181064205,María,F,Q18088640,resolved by sex
6000000032204694684,María,F,Q18088640,resolved by sex
6000000032204694684,María,F,Q18088640,resolved by sex
6000000032204699756,María,F,Q18088640,resolved by sex
6000000032305131110,María,F,Q18088640,resolved by sex
6000000032305131110,María,F,Q18088640,resolved by sex
6000000032317961509,María,F,Q18088640,resolved by sex
6000000032326936915,María,F,Q18088640,resolved by sex
6000000032327123823,María,F,Q18088640,resolved by sex
6000000032434623726,María,F,Q18088640,resolved by sex
6000000032434623726,María,F,Q18088640,resolved by sex
6000000032445208873,María,F,Q18088640,resolved by sex
6000000032649436639,María,F,Q18088640,resolved by sex
6000000032678404258,María,F,Q18088640,resolved by sex
6000000032705876224,María,F,Q18088640,resolved by sex
6000000032754132053,María,F,Q18088640,resolved by sex
6000000032796816734,María,F,Q18088640,resolved by sex
6000000032796931444,María,F,Q18088640,resolved by sex
6000000032797111494,María,F,Q18088640,resolved by sex
6000000032797205233,María,F,Q18088640,resolved by sex
6000000032800125358,María,F,Q18088640,resolved by sex
6000000032823800781,María,F,Q18088640,resolved by sex
6000000032890118338,María,F,Q18088640,resolved by sex
6000000032916738247,María,F,Q18088640,resolved by sex
6000000032916895136,María,F,Q18088640,resolved by sex
6000000032916895141,María,F,Q18088640,resolved by sex
6000000032941593835,María,F,Q18088640,resolved by sex
6000000032978044454,María,F,Q18088640,resolved by sex
6000000032979565186,María,F,Q18088640,resolved by sex
6000000032981730921,María,F,Q18088640,resolved by sex
6000000032981730921,María,F,Q18088640,resolved by sex
6000000033021229347,María,F,Q18088640,resolved by sex
6000000033295694243,María,F,Q18088640,resolved by sex
6000000033296338864,María,F,Q18088640,resolved by sex
6000000033337125238,María,F,Q18088640,resolved by sex
6000000033357151361,María,F,Q18088640,resolved by sex
6000000033391612891,María,F,Q18088640,resolved by sex
6000000033395697737,María,F,Q18088640,resolved by sex
6000000033474460072,María,F,Q18088640,resolved by sex
6000000033475217270,María,F,Q18088640,resolved by sex
6000000033475411132,María,F,Q18088640,resolved by sex
6000000033475411132,María,F,Q18088640,resolved by sex
6000000033546780081,María,F,Q18088640,resolved by sex
6000000033546783453,María,F,Q18088640,resolved by sex
6000000033598541690,María,F,Q18088640,resolved by sex
6000000033643906965,María,F,Q18088640,resolved by sex
6000000033644549702,María,F,Q18088640,resolved by sex
6000000033654326655,María,F,Q18088640,resolved by sex
6000000033654368187,María,F,Q18088640,resolved by sex
6000000033654655256,María,F,Q18088640,resolved by sex
6000000033654682302,María,F,Q18088640,resolved by sex
6000000033668195370,María,F,Q18088640,resolved by sex
6000000033817494246,María,F,Q18088640,resolved by sex
6000000034010387650,María,F,Q18088640,resolved by sex
6000000034010387650,María,F,Q18088640,resolved by sex
6000000034022931080,María,F,Q18088640,resolved by sex
6000000034023970182,María,F,Q18088640,resolved by sex
6000000034122649690,María,M,Q109785195,resolved by sex
6000000034165707194,María,F,Q18088640,resolved by sex
6000000034174085293,María,F,Q18088640,resolved by sex
6000000034174085293,María,F,Q18088640,resolved by sex
6000000034189383824,María,F,Q18088640,resolved by sex
6000000034189668955,María,F,Q18088640,resolved by sex
6000000034227464856,María,F,Q18088640,resolved by sex
6000000034301987924,María,F,Q18088640,resolved by sex
6000000034404922088,María,F,Q18088640,resolved by sex
6000000034418629566,María,F,Q18088640,resolved by sex
6000000034418829420,María,F,Q18088640,resolved by sex
6000000034419828950,María,F,Q18088640,resolved by sex
6000000034422083123,María,F,Q18088640,resolved by sex
6000000034501838504,María,M,Q109785195,resolved by sex
6000000034502251157,María,F,Q18088640,resolved by sex
6000000034502432908,María,F,Q18088640,resolved by sex
6000000034675980605,María,F,Q18088640,resolved by sex
6000000034676034566,María,F,Q18088640,resolved by sex
6000000034676411086,María,F,Q18088640,resolved by sex
6000000034700568353,María,F,Q18088640,resolved by sex
6000000034751639334,María,F,Q18088640,resolved by sex
6000000034751639334,María,F,Q18088640,resolved by sex
6000000034758962140,María,F,Q18088640,resolved by sex
6000000034964918034,María,F,Q18088640,resolved by sex
6000000034967607972,María,F,Q18088640,resolved by sex
6000000034976625567,María,F,Q18088640,resolved by sex
6000000034987181992,María,F,Q18088640,resolved by sex
6000000034987312140,María,F,Q18088640,resolved by sex
6000000034987321959,María,F,Q18088640,resolved by sex
6000000035091634518,María,F,Q18088640,resolved by sex
6000000035093219607,María,F,Q18088640,resolved by sex
6000000035094593859,María,F,Q18088640,resolved by sex
6000000035107259673,María,F,Q18088640,resolved by sex
6000000035107864991,María,F,Q18088640,resolved by sex
6000000035121365103,María,F,Q18088640,resolved by sex
6000000035122436020,María,F,Q18088640,resolved by sex
6000000035122532358,María,F,Q18088640,resolved by sex
6000000035194470749,María,F,Q18088640,resolved by sex
6000000035325660264,María,F,Q18088640,resolved by sex
6000000035420985385,María,F,Q18088640,resolved by sex
6000000035571797583,María,F,Q18088640,resolved by sex
6000000035571798827,María,F,Q18088640,resolved by sex
6000000035683025164,María,F,Q18088640,resolved by sex
6000000035993074088,María,F,Q18088640,resolved by sex
6000000035993074088,María,F,Q18088640,resolved by sex
6000000036004656873,María,F,Q18088640,resolved by sex
6000000036006941174,María,F,Q18088640,resolved by sex
6000000036011882132,María,F,Q18088640,resolved by sex
6000000036045134593,María,F,Q18088640,resolved by sex
6000000036091781695,María,M,Q109785195,resolved by sex
6000000036092737672,María,F,Q18088640,resolved by sex
6000000036175170381,María,F,Q18088640,resolved by sex
6000000036184787945,María,F,Q18088640,resolved by sex
6000000036220575511,María,F,Q18088640,resolved by sex
6000000036220791040,María,F,Q18088640,resolved by sex
6000000036220979074,María,F,Q18088640,resolved by sex
6000000036221039961,María,F,Q18088640,resolved by sex
6000000036221195517,María,F,Q18088640,resolved by sex
6000000036221763858,María,F,Q18088640,resolved by sex
6000000036252610337,María,F,Q18088640,resolved by sex
6000000036255889676,María,F,Q18088640,resolved by sex
6000000036539239038,María,F,Q18088640,resolved by sex
6000000036607386194,María,F,Q18088640,resolved by sex
6000000036611174506,María,F,Q18088640,resolved by sex
6000000036679648807,María,F,Q18088640,resolved by sex
6000000036848477968,María,M,Q109785195,resolved by sex
6000000037070167519,María,F,Q18088640,resolved by sex
6000000037344039185,María,F,Q18088640,resolved by sex
6000000037344039185,María,F,Q18088640,resolved by sex
6000000037359944664,María,F,Q18088640,resolved by sex
6000000037362711081,María,M,Q109785195,resolved by sex
6000000037365622378,María,F,Q18088640,resolved by sex
6000000037469803443,María,F,Q18088640,resolved by sex
6000000037470066128,María,M,Q109785195,resolved by sex
6000000037473056095,María,F,Q18088640,resolved by sex
6000000037579882171,María,F,Q18088640,resolved by sex
6000000037777923259,María,F,Q18088640,resolved by sex
6000000037809273892,María,F,Q18088640,resolved by sex
6000000037938069802,María,F,Q18088640,resolved by sex
6000000038015345074,María,F,Q18088640,resolved by sex
6000000038123004855,María,F,Q18088640,resolved by sex
6000000038130384588,María,F,Q18088640,resolved by sex
6000000038130754058,María,F,Q18088640,resolved by sex
6000000038152511712,María,F,Q18088640,resolved by sex
6000000038196341360,María,F,Q18088640,resolved by sex
6000000038261401891,María,F,Q18088640,resolved by sex
6000000038261401891,María,F,Q18088640,resolved by sex
6000000038269213457,María,F,Q18088640,resolved by sex
6000000038638970198,María,F,Q18088640,resolved by sex
6000000038741252048,María,F,Q18088640,resolved by sex
6000000038764999995,María,F,Q18088640,resolved by sex
6000000038791358531,María,M,Q109785195,resolved by sex
6000000038855891188,María,F,Q18088640,resolved by sex
6000000039041503862,María,F,Q18088640,resolved by sex
6000000039275047639,María,F,Q18088640,resolved by sex
6000000039275047639,María,F,Q18088640,resolved by sex
6000000039333878110,María,M,Q109785195,resolved by sex
6000000039403200550,María,F,Q18088640,resolved by sex
6000000039634655367,María,F,Q18088640,resolved by sex
6000000039634655367,María,F,Q18088640,resolved by sex
6000000039642977924,María,F,Q18088640,resolved by sex
6000000039643758402,María,F,Q18088640,resolved by sex
6000000039644590033,María,F,Q18088640,resolved by sex
6000000039655813116,María,F,Q18088640,resolved by sex
6000000039660199490,María,F,Q18088640,resolved by sex
6000000039661259036,María,F,Q18088640,resolved by sex
6000000039661686940,María,F,Q18088640,resolved by sex
6000000039661886106,María,F,Q18088640,resolved by sex
6000000039661886106,María,F,Q18088640,resolved by sex
6000000039682568037,María,F,Q18088640,resolved by sex
6000000039734388032,María,F,Q18088640,resolved by sex
6000000039812785695,María,F,Q18088640,resolved by sex
6000000039812785695,María,F,Q18088640,resolved by sex
6000000039915547221,María,F,Q18088640,resolved by sex
6000000040001702163,María,F,Q18088640,resolved by sex
6000000040020441748,María,F,Q18088640,resolved by sex
6000000040104921183,María,F,Q18088640,resolved by sex
6000000040319966500,María,F,Q18088640,resolved by sex
6000000040325701377,María,F,Q18088640,resolved by sex
6000000040340334004,María,F,Q18088640,resolved by sex
6000000040341982392,María,F,Q18088640,resolved by sex
6000000040489465149,María,F,Q18088640,resolved by sex
6000000040523702890,María,F,Q18088640,resolved by sex
6000000040523702890,María,F,Q18088640,resolved by sex
6000000040591872798,María,F,Q18088640,resolved by sex
6000000040632261036,María,F,Q18088640,resolved by sex
6000000040676472239,María,F,Q18088640,resolved by sex
6000000040922049483,María,F,Q18088640,resolved by sex
6000000041028517872,María,F,Q18088640,resolved by sex
6000000041048889570,María,F,Q18088640,resolved by sex
6000000041051839976,María,F,Q18088640,resolved by sex
6000000041052515814,María,F,Q18088640,resolved by sex
6000000041094743779,María,F,Q18088640,resolved by sex
6000000041099323169,María,F,Q18088640,resolved by sex
6000000041099323382,María,F,Q18088640,resolved by sex
6000000041099323634,María,F,Q18088640,resolved by sex
6000000041099329878,María,F,Q18088640,resolved by sex
6000000041099330302,María,F,Q18088640,resolved by sex
6000000041117454475,María,F,Q18088640,resolved by sex
6000000041127870244,María,F,Q18088640,resolved by sex
6000000041191345074,María,F,Q18088640,resolved by sex
6000000041196163491,María,F,Q18088640,resolved by sex
6000000041406215696,María,F,Q18088640,resolved by sex
6000000041503501896,María,F,Q18088640,resolved by sex
6000000041550053297,María,F,Q18088640,resolved by sex
6000000041606144152,María,F,Q18088640,resolved by sex
6000000041612132968,María,F,Q18088640,resolved by sex
6000000041612537829,María,F,Q18088640,resolved by sex
6000000041697671400,María,F,Q18088640,resolved by sex
6000000041831910965,María,F,Q18088640,resolved by sex
6000000041869792949,María,F,Q18088640,resolved by sex
6000000041882776606,María,F,Q18088640,resolved by sex
6000000041885889566,María,F,Q18088640,resolved by sex
6000000041887937186,María,F,Q18088640,resolved by sex
6000000041955129559,María,M,Q109785195,resolved by sex
6000000041976884798,María,F,Q18088640,resolved by sex
6000000042089407767,María,F,Q18088640,resolved by sex
6000000042131368290,María,F,Q18088640,resolved by sex
6000000042155880518,María,F,Q18088640,resolved by sex
6000000042156573403,María,F,Q18088640,resolved by sex
6000000042156964591,María,F,Q18088640,resolved by sex
6000000042167198931,María,F,Q18088640,resolved by sex
6000000042196169235,María,F,Q18088640,resolved by sex
6000000042199307883,María,F,Q18088640,resolved by sex
6000000042295952358,María,F,Q18088640,resolved by sex
6000000042328160427,María,F,Q18088640,resolved by sex
6000000042466834997,María,F,Q18088640,resolved by sex
6000000042540030844,María,F,Q18088640,resolved by sex
6000000042578329952,María,F,Q18088640,resolved by sex
6000000042650505273,María,F,Q18088640,resolved by sex
6000000042650505273,María,F,Q18088640,resolved by sex
6000000042671884308,María,F,Q18088640,resolved by sex
6000000042838703054,María,F,Q18088640,resolved by sex
6000000043236790535,María,F,Q18088640,resolved by sex
6000000043237179916,María,F,Q18088640,resolved by sex
6000000043383863770,María,F,Q18088640,resolved by sex
6000000043464797138,María,F,Q18088640,resolved by sex
6000000043956113898,María,F,Q18088640,resolved by sex
6000000043957877128,María,F,Q18088640,resolved by sex
6000000044163564692,María,F,Q18088640,resolved by sex
6000000044165093948,María,F,Q18088640,resolved by sex
6000000044165093948,María,F,Q18088640,resolved by sex
6000000044223135605,María,F,Q18088640,resolved by sex
6000000044391896639,María,F,Q18088640,resolved by sex
6000000044495227061,María,F,Q18088640,resolved by sex
6000000044495227061,María,F,Q18088640,resolved by sex
6000000044522990982,María,F,Q18088640,resolved by sex
6000000045289698908,María,F,Q18088640,resolved by sex
6000000045289767868,María,F,Q18088640,resolved by sex
6000000045454838933,María,F,Q18088640,resolved by sex
6000000045455546910,María,F,Q18088640,resolved by sex
6000000045455738844,María,F,Q18088640,resolved by sex
6000000045461377821,María,F,Q18088640,resolved by sex
6000000045462191887,María,F,Q18088640,resolved by sex
6000000045676637278,María,F,Q18088640,resolved by sex
6000000045919669986,María,F,Q18088640,resolved by sex
6000000046202013100,María,F,Q18088640,resolved by sex
6000000046202013100,María,F,Q18088640,resolved by sex
6000000046204312463,María,F,Q18088640,resolved by sex
6000000046247108885,María,F,Q18088640,resolved by sex
6000000046528289253,María,F,Q18088640,resolved by sex
6000000046612405052,María,M,Q109785195,resolved by sex
6000000046613906862,María,F,Q18088640,resolved by sex
6000000046702931896,María,F,Q18088640,resolved by sex
6000000046702931896,María,F,Q18088640,resolved by sex
6000000046881721359,María,F,Q18088640,resolved by sex
6000000046905604917,María,F,Q18088640,resolved by sex
6000000047061669843,María,F,Q18088640,resolved by sex
6000000047425335889,María,F,Q18088640,resolved by sex
6000000047506455893,María,F,Q18088640,resolved by sex
6000000047597782942,María,F,Q18088640,resolved by sex
6000000047599055980,María,F,Q18088640,resolved by sex
6000000047717908851,María,F,Q18088640,resolved by sex
6000000047823327934,María,F,Q18088640,resolved by sex
6000000047828558826,María,F,Q18088640,resolved by sex
6000000047830643857,María,F,Q18088640,resolved by sex
6000000047850704398,María,F,Q18088640,resolved by sex
6000000047899483158,María,F,Q18088640,resolved by sex
6000000047938069324,María,F,Q18088640,resolved by sex
6000000047939569963,María,F,Q18088640,resolved by sex
6000000047981173365,María,F,Q18088640,resolved by sex
6000000048172523025,María,F,Q18088640,resolved by sex
6000000048233050992,María,F,Q18088640,resolved by sex
6000000048233749898,María,F,Q18088640,resolved by sex
6000000048518129186,María,F,Q18088640,resolved by sex
6000000049320435957,María,F,Q18088640,resolved by sex
6000000049463496927,María,F,Q18088640,resolved by sex
6000000049535878044,María,F,Q18088640,resolved by sex
6000000049536812190,María,F,Q18088640,resolved by sex
6000000049537174195,María,F,Q18088640,resolved by sex
6000000049537603972,María,F,Q18088640,resolved by sex
6000000049537997825,María,F,Q18088640,resolved by sex
6000000049538077994,María,F,Q18088640,resolved by sex
6000000049583084843,María,F,Q18088640,resolved by sex
6000000049746118898,María,F,Q18088640,resolved by sex
6000000049859206062,María,F,Q18088640,resolved by sex
6000000049890670683,María,F,Q18088640,resolved by sex
6000000050195636930,María,F,Q18088640,resolved by sex
6000000050195636930,María,F,Q18088640,resolved by sex
6000000050221371836,María,F,Q18088640,resolved by sex
6000000050256029971,María,F,Q18088640,resolved by sex
6000000050334505149,María,F,Q18088640,resolved by sex
6000000050458752683,María,F,Q18088640,resolved by sex
6000000050520013871,María,F,Q18088640,resolved by sex
6000000050549277953,María,F,Q18088640,resolved by sex
6000000050761546056,María,F,Q18088640,resolved by sex
6000000050924775873,María,M,Q109785195,resolved by sex
6000000050924918821,María,M,Q109785195,resolved by sex
6000000050964072141,María,F,Q18088640,resolved by sex
6000000050978298823,María,F,Q18088640,resolved by sex
6000000050980253962,María,F,Q18088640,resolved by sex
6000000051038892964,María,F,Q18088640,resolved by sex
6000000051041674865,María,F,Q18088640,resolved by sex
6000000051041751835,María,M,Q109785195,resolved by sex
6000000051043240141,María,F,Q18088640,resolved by sex
6000000051214087833,María,F,Q18088640,resolved by sex
6000000051516034222,María,F,Q18088640,resolved by sex
6000000051902050092,María,F,Q18088640,resolved by sex
6000000051955533944,María,F,Q18088640,resolved by sex
6000000051963242828,María,F,Q18088640,resolved by sex
6000000052002835677,María,F,Q18088640,resolved by sex
6000000052002844917,María,F,Q18088640,resolved by sex
6000000052017968085,María,F,Q18088640,resolved by sex
6000000052017968085,María,F,Q18088640,resolved by sex
6000000052068457995,María,F,Q18088640,resolved by sex
6000000052121397195,María,F,Q18088640,resolved by sex
6000000052121679821,María,F,Q18088640,resolved by sex
6000000052375339821,María,F,Q18088640,resolved by sex
6000000052376260107,María,F,Q18088640,resolved by sex
6000000052376513859,María,F,Q18088640,resolved by sex
6000000052567295316,María,F,Q18088640,resolved by sex
6000000052695024965,María,F,Q18088640,resolved by sex
6000000052695024965,María,F,Q18088640,resolved by sex
6000000052791266843,María,F,Q18088640,resolved by sex
6000000052815935905,María,F,Q18088640,resolved by sex
6000000052823561095,María,M,Q109785195,resolved by sex
6000000052857514880,María,F,Q18088640,resolved by sex
6000000052860475340,María,F,Q18088640,resolved by sex
6000000052861788028,María,F,Q18088640,resolved by sex
6000000052892315871,María,F,Q18088640,resolved by sex
6000000052945660072,María,F,Q18088640,resolved by sex
6000000053113483960,María,F,Q18088640,resolved by sex
6000000053134159913,María,F,Q18088640,resolved by sex
6000000053156318922,María,F,Q18088640,resolved by sex
6000000053182704932,María,F,Q18088640,resolved by sex
6000000053316592922,María,F,Q18088640,resolved by sex
6000000053400239519,María,F,Q18088640,resolved by sex
6000000053400239519,María,F,Q18088640,resolved by sex
6000000053400389903,María,F,Q18088640,resolved by sex
6000000053402669961,María,F,Q18088640,resolved by sex
6000000053674622877,María,F,Q18088640,resolved by sex
6000000053698690157,María,F,Q18088640,resolved by sex
6000000053707520975,María,F,Q18088640,resolved by sex
6000000053707520975,María,F,Q18088640,resolved by sex
6000000053810857982,María,F,Q18088640,resolved by sex
6000000053842415144,María,F,Q18088640,resolved by sex
6000000054561580833,María,F,Q18088640,resolved by sex
6000000055010524821,María,F,Q18088640,resolved by sex
6000000055164308216,María,F,Q18088640,resolved by sex
6000000055164706149,María,F,Q18088640,resolved by sex
6000000055164932035,María,F,Q18088640,resolved by sex
6000000055338852962,María,F,Q18088640,resolved by sex
6000000055398914156,María,M,Q109785195,resolved by sex
6000000055464722487,María,F,Q18088640,resolved by sex
6000000055464722487,María,F,Q18088640,resolved by sex
6000000055465701060,María,F,Q18088640,resolved by sex
6000000055465701060,María,F,Q18088640,resolved by sex
6000000055465878979,María,M,Q109785195,resolved by sex
6000000055465878979,María,M,Q109785195,resolved by sex
6000000055465963867,María,M,Q109785195,resolved by sex
6000000055465963867,María,M,Q109785195,resolved by sex
6000000055465982902,María,F,Q18088640,resolved by sex
6000000055465982902,María,F,Q18088640,resolved by sex
6000000055466104857,María,F,Q18088640,resolved by sex
6000000055466104857,María,F,Q18088640,resolved by sex
6000000055466124827,María,F,Q18088640,resolved by sex
6000000055466124827,María,F,Q18088640,resolved by sex
6000000055536839142,María,F,Q18088640,resolved by sex
6000000055540705937,María,F,Q18088640,resolved by sex
6000000055754372190,María,F,Q18088640,resolved by sex
6000000056305308856,María,F,Q18088640,resolved by sex
6000000056393872960,María,M,Q109785195,resolved by sex
6000000056432980021,María,F,Q18088640,resolved by sex
6000000056595202312,María,F,Q18088640,resolved by sex
6000000056683883889,María,F,Q18088640,resolved by sex
6000000056945329889,María,F,Q18088640,resolved by sex
6000000057283250110,María,F,Q18088640,resolved by sex
6000000057346416944,María,F,Q18088640,resolved by sex
6000000057348179911,María,F,Q18088640,resolved by sex
6000000057348246821,María,M,Q109785195,resolved by sex
6000000057348919928,María,F,Q18088640,resolved by sex
6000000057348919928,María,F,Q18088640,resolved by sex
6000000057348919928,María,F,Q18088640,resolved by sex
6000000057376545912,María,F,Q18088640,resolved by sex
6000000057376545912,María,F,Q18088640,resolved by sex
6000000057391885891,María,F,Q18088640,resolved by sex
6000000057391885891,María,F,Q18088640,resolved by sex
6000000057529743836,María,F,Q18088640,resolved by sex
6000000057598991914,María,F,Q18088640,resolved by sex
6000000057651230037,María,F,Q18088640,resolved by sex
6000000057689407209,María,F,Q18088640,resolved by sex
6000000058400211985,María,F,Q18088640,resolved by sex
6000000058519174838,María,F,Q18088640,resolved by sex
6000000058569190833,María,F,Q18088640,resolved by sex
6000000058569190833,María,F,Q18088640,resolved by sex
6000000058937782176,María,F,Q18088640,resolved by sex
6000000058939226846,María,F,Q18088640,resolved by sex
6000000059201290864,María,F,Q18088640,resolved by sex
6000000059653294905,María,F,Q18088640,resolved by sex
6000000059655202836,María,F,Q18088640,resolved by sex
6000000059724445636,María,F,Q18088640,resolved by sex
6000000059725248235,María,F,Q18088640,resolved by sex
6000000059780980954,María,F,Q18088640,resolved by sex
6000000059816311829,María,F,Q18088640,resolved by sex
6000000059909716413,María,F,Q18088640,resolved by sex
6000000060001007005,María,F,Q18088640,resolved by sex
6000000060001007005,María,F,Q18088640,resolved by sex
6000000060002011842,María,F,Q18088640,resolved by sex
6000000060002011842,María,F,Q18088640,resolved by sex
6000000060422264873,María,F,Q18088640,resolved by sex
6000000060422264873,María,F,Q18088640,resolved by sex
6000000060512030996,María,F,Q18088640,resolved by sex
6000000060819592066,María,F,Q18088640,resolved by sex
6000000061817784943,María,F,Q18088640,resolved by sex
6000000062106507091,María,F,Q18088640,resolved by sex
6000000062106507091,María,F,Q18088640,resolved by sex
6000000062447429293,María,F,Q18088640,resolved by sex
6000000062705619903,María,F,Q18088640,resolved by sex
6000000062705619903,María,F,Q18088640,resolved by sex
6000000063535101903,María,F,Q18088640,resolved by sex
6000000065030581035,María,F,Q18088640,resolved by sex
6000000065066459829,María,F,Q18088640,resolved by sex
6000000065076790085,María,F,Q18088640,resolved by sex
6000000065077332924,María,F,Q18088640,resolved by sex
6000000065270869823,María,F,Q18088640,resolved by sex
6000000065271981822,María,F,Q18088640,resolved by sex
6000000065650385200,María,F,Q18088640,resolved by sex
6000000066651741821,María,F,Q18088640,resolved by sex
6000000067393601833,María,F,Q18088640,resolved by sex
6000000067972055824,María,F,Q18088640,resolved by sex
6000000068320342970,María,F,Q18088640,resolved by sex
6000000069509204909,María,F,Q18088640,resolved by sex
6000000069552278039,María,F,Q18088640,resolved by sex
6000000069658894301,María,F,Q18088640,resolved by sex
6000000069707238193,María,F,Q18088640,resolved by sex
6000000069915539030,María,F,Q18088640,resolved by sex
6000000071260133853,María,F,Q18088640,resolved by sex
6000000071472973105,María,F,Q18088640,resolved by sex
6000000071473188830,María,F,Q18088640,resolved by sex
6000000071473260015,María,F,Q18088640,resolved by sex
6000000071486465938,María,F,Q18088640,resolved by sex
6000000071556690470,María,F,Q18088640,resolved by sex
6000000071558055869,María,F,Q18088640,resolved by sex
6000000071616923298,María,F,Q18088640,resolved by sex
6000000071618230957,María,F,Q18088640,resolved by sex
6000000071620143096,María,F,Q18088640,resolved by sex
6000000071741499041,María,F,Q18088640,resolved by sex
6000000071901677906,María,F,Q18088640,resolved by sex
6000000071901677906,María,F,Q18088640,resolved by sex
6000000071901677906,María,F,Q18088640,resolved by sex
6000000071901677906,María,F,Q18088640,resolved by sex
6000000071935683036,María,F,Q18088640,resolved by sex
6000000071935860959,María,F,Q18088640,resolved by sex
6000000071935861070,María,M,Q109785195,resolved by sex
6000000071954708340,María,F,Q18088640,resolved by sex
6000000071956755184,María,F,Q18088640,resolved by sex
6000000072042898833,María,F,Q18088640,resolved by sex
6000000072046607184,María,F,Q18088640,resolved by sex
6000000072047612890,María,F,Q18088640,resolved by sex
6000000072890627980,María,F,Q18088640,resolved by sex
6000000073302561872,María,F,Q18088640,resolved by sex
6000000073303187929,María,F,Q18088640,resolved by sex
6000000073400613303,María,F,Q18088640,resolved by sex
6000000073826449922,María,F,Q18088640,resolved by sex
6000000074275318992,María,F,Q18088640,resolved by sex
6000000074385087821,María,F,Q18088640,resolved by sex
6000000074711706821,María,F,Q18088640,resolved by sex
6000000074787182378,María,F,Q18088640,resolved by sex
6000000074841466024,María,F,Q18088640,resolved by sex
6000000074841466024,María,F,Q18088640,resolved by sex
6000000074857893840,María,F,Q18088640,resolved by sex
6000000074932706901,María,F,Q18088640,resolved by sex
6000000075063058070,María,F,Q18088640,resolved by sex
6000000075143491821,María,F,Q18088640,resolved by sex
6000000075145917101,María,F,Q18088640,resolved by sex
6000000075146193014,María,F,Q18088640,resolved by sex
6000000075146635946,María,F,Q18088640,resolved by sex
6000000075146804908,María,F,Q18088640,resolved by sex
6000000075157088843,María,F,Q18088640,resolved by sex
6000000075706881850,María,F,Q18088640,resolved by sex
6000000075756983152,María,F,Q18088640,resolved by sex
6000000075756983152,María,F,Q18088640,resolved by sex
6000000075798850444,María,F,Q18088640,resolved by sex
6000000075798850444,María,F,Q18088640,resolved by sex
6000000075799695869,María,F,Q18088640,resolved by sex
6000000075799695869,María,F,Q18088640,resolved by sex
6000000075799757940,María,F,Q18088640,resolved by sex
6000000075799757940,María,F,Q18088640,resolved by sex
6000000075799800852,María,F,Q18088640,resolved by sex
6000000075799800852,María,F,Q18088640,resolved by sex
6000000075862859949,María,F,Q18088640,resolved by sex
6000000076240299268,María,F,Q18088640,resolved by sex
6000000076240488851,María,F,Q18088640,resolved by sex
6000000076287794833,María,F,Q18088640,resolved by sex
6000000076287970824,María,F,Q18088640,resolved by sex
6000000076288039886,María,F,Q18088640,resolved by sex
6000000076305994985,María,F,Q18088640,resolved by sex
6000000076305994985,María,F,Q18088640,resolved by sex
6000000076572371922,María,F,Q18088640,resolved by sex
6000000076695626790,María,F,Q18088640,resolved by sex
6000000076697600568,María,F,Q18088640,resolved by sex
6000000076697600568,María,F,Q18088640,resolved by sex
6000000076747744040,María,F,Q18088640,resolved by sex
6000000077051630893,María,F,Q18088640,resolved by sex
6000000077316799659,María,M,Q109785195,resolved by sex
6000000077316799659,María,M,Q109785195,resolved by sex
6000000077440238137,María,F,Q18088640,resolved by sex
6000000077440238137,María,F,Q18088640,resolved by sex
6000000077455057893,María,F,Q18088640,resolved by sex
6000000077493762383,María,F,Q18088640,resolved by sex
6000000077493762383,María,F,Q18088640,resolved by sex
6000000077494172552,María,F,Q18088640,resolved by sex
6000000077494172552,María,F,Q18088640,resolved by sex
6000000077494176081,María,F,Q18088640,resolved by sex
6000000077494176081,María,F,Q18088640,resolved by sex
6000000077660113802,María,F,Q18088640,resolved by sex
6000000077668458875,María,F,Q18088640,resolved by sex
6000000077832407764,María,F,Q18088640,resolved by sex
6000000077832407764,María,F,Q18088640,resolved by sex
6000000077833984056,María,M,Q109785195,resolved by sex
6000000077833984056,María,M,Q109785195,resolved by sex
6000000077835768134,María,F,Q18088640,resolved by sex
6000000077835768134,María,F,Q18088640,resolved by sex
6000000077874723725,María,F,Q18088640,resolved by sex
6000000077874723725,María,F,Q18088640,resolved by sex
6000000077875597324,María,F,Q18088640,resolved by sex
6000000077875597324,María,F,Q18088640,resolved by sex
6000000077879984228,María,F,Q18088640,resolved by sex
6000000077879984228,María,F,Q18088640,resolved by sex
6000000077915540949,María,F,Q18088640,resolved by sex
6000000078045468661,María,F,Q18088640,resolved by sex
6000000078063085281,María,F,Q18088640,resolved by sex
6000000078063085281,María,F,Q18088640,resolved by sex
6000000078278117014,María,F,Q18088640,resolved by sex
6000000078316696573,María,F,Q18088640,resolved by sex
6000000078342355864,María,F,Q18088640,resolved by sex
6000000078342355864,María,F,Q18088640,resolved by sex
6000000078342421898,María,F,Q18088640,resolved by sex
6000000078342421898,María,F,Q18088640,resolved by sex
6000000078460625846,María,F,Q18088640,resolved by sex
6000000078553475005,María,F,Q18088640,resolved by sex
6000000078553475005,María,F,Q18088640,resolved by sex
6000000078705712989,María,F,Q18088640,resolved by sex
6000000078877891896,María,F,Q18088640,resolved by sex
6000000078878476998,María,F,Q18088640,resolved by sex
6000000078883123749,María,F,Q18088640,resolved by sex
6000000078883647013,María,F,Q18088640,resolved by sex
6000000078885099936,María,F,Q18088640,resolved by sex
6000000078941566521,María,F,Q18088640,resolved by sex
6000000078941566521,María,F,Q18088640,resolved by sex
6000000079268589873,María,F,Q18088640,resolved by sex
6000000079268589873,María,F,Q18088640,resolved by sex
6000000079307680114,María,F,Q18088640,resolved by sex
6000000079328456024,María,F,Q18088640,resolved by sex
6000000079329193219,María,F,Q18088640,resolved by sex
6000000079401388597,María,F,Q18088640,resolved by sex
6000000079408554000,María,F,Q18088640,resolved by sex
6000000079615384515,María,F,Q18088640,resolved by sex
6000000079663584938,María,F,Q18088640,resolved by sex
6000000079664375845,María,F,Q18088640,resolved by sex
6000000079666718502,María,F,Q18088640,resolved by sex
6000000079670724736,María,F,Q18088640,resolved by sex
6000000079682778004,María,F,Q18088640,resolved by sex
6000000079692231833,María,F,Q18088640,resolved by sex
6000000079693071937,María,F,Q18088640,resolved by sex
6000000079693617875,María,F,Q18088640,resolved by sex
6000000079784343913,María,F,Q18088640,resolved by sex
6000000079784807292,María,F,Q18088640,resolved by sex
6000000079808279845,María,F,Q18088640,resolved by sex
6000000079869854969,María,F,Q18088640,resolved by sex
6000000079869854969,María,F,Q18088640,resolved by sex
6000000079943778821,María,F,Q18088640,resolved by sex
6000000080210079225,María,F,Q18088640,resolved by sex
6000000080877711954,María,F,Q18088640,resolved by sex
6000000080877856857,María,M,Q109785195,resolved by sex
6000000080910483823,María,F,Q18088640,resolved by sex
6000000081031840936,María,F,Q18088640,resolved by sex
6000000081032158998,María,F,Q18088640,resolved by sex
6000000081064766876,María,F,Q18088640,resolved by sex
6000000081119837102,María,F,Q18088640,resolved by sex
6000000081136410023,María,F,Q18088640,resolved by sex
6000000081136410023,María,F,Q18088640,resolved by sex
6000000081370621957,María,F,Q18088640,resolved by sex
6000000081370621957,María,F,Q18088640,resolved by sex
6000000081787851321,María,F,Q18088640,resolved by sex
6000000082039343441,María,F,Q18088640,resolved by sex
6000000082039343441,María,F,Q18088640,resolved by sex
6000000082162409882,María,F,Q18088640,resolved by sex
6000000082345608821,María,F,Q18088640,resolved by sex
6000000082345608821,María,F,Q18088640,resolved by sex
6000000082518238339,María,F,Q18088640,resolved by sex
6000000082518238339,María,F,Q18088640,resolved by sex
6000000082518845376,María,F,Q18088640,resolved by sex
6000000082518845376,María,F,Q18088640,resolved by sex
6000000082634244001,María,F,Q18088640,resolved by sex
6000000082723630751,María,F,Q18088640,resolved by sex
6000000082866528998,María,F,Q18088640,resolved by sex
6000000082961694821,María,F,Q18088640,resolved by sex
6000000083031566929,María,F,Q18088640,resolved by sex
6000000083031566929,María,F,Q18088640,resolved by sex
6000000083051950609,María,F,Q18088640,resolved by sex
6000000083073980793,María,M,Q109785195,resolved by sex
6000000083074408658,María,F,Q18088640,resolved by sex
6000000083074859089,María,F,Q18088640,resolved by sex
6000000083105562773,María,M,Q109785195,resolved by sex
6000000083125897676,María,F,Q18088640,resolved by sex
6000000083222438087,María,F,Q18088640,resolved by sex
6000000083222603098,María,F,Q18088640,resolved by sex
6000000083222603098,María,F,Q18088640,resolved by sex
6000000083314935877,María,F,Q18088640,resolved by sex
6000000083364276034,María,F,Q18088640,resolved by sex
6000000083364276034,María,F,Q18088640,resolved by sex
6000000083441303663,María,F,Q18088640,resolved by sex
6000000083441373156,María,F,Q18088640,resolved by sex
6000000083483898568,María,F,Q18088640,resolved by sex
6000000083534792009,María,F,Q18088640,resolved by sex
6000000083559803042,María,F,Q18088640,resolved by sex
6000000083560168157,María,F,Q18088640,resolved by sex
6000000083591361020,María,F,Q18088640,resolved by sex
6000000083601014814,María,F,Q18088640,resolved by sex
6000000083601014814,María,F,Q18088640,resolved by sex
6000000083614207461,María,F,Q18088640,resolved by sex
6000000083615991626,María,F,Q18088640,resolved by sex
6000000083616481129,María,F,Q18088640,resolved by sex
6000000083639848038,María,F,Q18088640,resolved by sex
6000000083658222953,María,F,Q18088640,resolved by sex
6000000083682885898,María,F,Q18088640,resolved by sex
6000000083735927351,María,F,Q18088640,resolved by sex
6000000083736924778,María,F,Q18088640,resolved by sex
6000000083750251946,María,F,Q18088640,resolved by sex
6000000083842979502,María,F,Q18088640,resolved by sex
6000000083847767053,María,F,Q18088640,resolved by sex
6000000083883582998,María,M,Q109785195,resolved by sex
6000000083946130240,María,F,Q18088640,resolved by sex
6000000083964561642,María,F,Q18088640,resolved by sex
6000000083965959894,María,M,Q109785195,resolved by sex
6000000084107473962,María,F,Q18088640,resolved by sex
6000000084301129039,María,F,Q18088640,resolved by sex
6000000084396079108,María,F,Q18088640,resolved by sex
6000000084632738105,María,F,Q18088640,resolved by sex
6000000084725721153,María,F,Q18088640,resolved by sex
6000000084741509080,María,F,Q18088640,resolved by sex
6000000084817337006,María,F,Q18088640,resolved by sex
6000000084995678956,María,F,Q18088640,resolved by sex
6000000084996080227,María,F,Q18088640,resolved by sex
6000000084996080227,María,F,Q18088640,resolved by sex
6000000084996142959,María,F,Q18088640,resolved by sex
6000000084996142959,María,F,Q18088640,resolved by sex
6000000085072591004,María,F,Q18088640,resolved by sex
6000000085072591004,María,F,Q18088640,resolved by sex
6000000085261423847,María,F,Q18088640,resolved by sex
6000000085286095861,María,F,Q18088640,resolved by sex
6000000085310853943,María,F,Q18088640,resolved by sex
6000000085326823850,María,F,Q18088640,resolved by sex
6000000085326984934,María,F,Q18088640,resolved by sex
6000000085327388937,María,F,Q18088640,resolved by sex
6000000085327851851,María,F,Q18088640,resolved by sex
6000000085400291877,María,F,Q18088640,resolved by sex
6000000085400291877,María,F,Q18088640,resolved by sex
6000000086031498937,María,F,Q18088640,resolved by sex
6000000086073843073,María,F,Q18088640,resolved by sex
6000000086084227829,María,F,Q18088640,resolved by sex
6000000086126360001,María,F,Q18088640,resolved by sex
6000000086126769063,María,F,Q18088640,resolved by sex
6000000086860243909,María,M,Q109785195,resolved by sex
6000000086902394840,María,F,Q18088640,resolved by sex
6000000086902394840,María,F,Q18088640,resolved by sex
6000000087090787893,María,F,Q18088640,resolved by sex
6000000087090787893,María,F,Q18088640,resolved by sex
6000000087161297953,María,F,Q18088640,resolved by sex
6000000087161297953,María,F,Q18088640,resolved by sex
6000000087329828872,María,F,Q18088640,resolved by sex
6000000087389162018,María,F,Q18088640,resolved by sex
6000000087389295833,María,F,Q18088640,resolved by sex
6000000087499926821,María,F,Q18088640,resolved by sex
6000000087633731821,María,F,Q18088640,resolved by sex
6000000087813298877,María,F,Q18088640,resolved by sex
6000000087919232120,María,F,Q18088640,resolved by sex
6000000087982055920,María,F,Q18088640,resolved by sex
6000000088270531895,María,F,Q18088640,resolved by sex
6000000088270531895,María,F,Q18088640,resolved by sex
6000000088612390821,María,F,Q18088640,resolved by sex
6000000088672482456,María,F,Q18088640,resolved by sex
6000000088673389004,María,F,Q18088640,resolved by sex
6000000088754223860,María,F,Q18088640,resolved by sex
6000000088959358875,María,F,Q18088640,resolved by sex
6000000089664509699,María,F,Q18088640,resolved by sex
6000000089693238998,María,F,Q18088640,resolved by sex
6000000089693505830,María,F,Q18088640,resolved by sex
6000000089940790913,María,F,Q18088640,resolved by sex
6000000090146962916,María,F,Q18088640,resolved by sex
6000000090267080868,María,F,Q18088640,resolved by sex
6000000090334684957,María,F,Q18088640,resolved by sex
6000000090334684957,María,F,Q18088640,resolved by sex
6000000090384561386,María,F,Q18088640,resolved by sex
6000000090384561386,María,F,Q18088640,resolved by sex
6000000090387186873,María,M,Q109785195,resolved by sex
6000000090387186873,María,M,Q109785195,resolved by sex
6000000090388633889,María,F,Q18088640,resolved by sex
6000000090388633889,María,F,Q18088640,resolved by sex
6000000090411249911,María,F,Q18088640,resolved by sex
6000000090439947851,María,F,Q18088640,resolved by sex
6000000090450426006,María,F,Q18088640,resolved by sex
6000000090723929875,María,F,Q18088640,resolved by sex
6000000090871678064,María,F,Q18088640,resolved by sex
6000000091120212960,María,M,Q109785195,resolved by sex
6000000091120212960,María,M,Q109785195,resolved by sex
6000000091377270997,María,F,Q18088640,resolved by sex
6000000091684010745,María,F,Q18088640,resolved by sex
6000000091684010745,María,F,Q18088640,resolved by sex
6000000092127766155,María,F,Q18088640,resolved by sex
6000000092323806861,María,F,Q18088640,resolved by sex
6000000092329696885,María,F,Q18088640,resolved by sex
6000000092345732944,María,F,Q18088640,resolved by sex
6000000092345732944,María,F,Q18088640,resolved by sex
6000000092346043860,María,F,Q18088640,resolved by sex
6000000092557437864,María,F,Q18088640,resolved by sex
6000000092558391104,María,F,Q18088640,resolved by sex
6000000092559999821,María,F,Q18088640,resolved by sex
6000000092564549880,María,F,Q18088640,resolved by sex
6000000092570975872,María,F,Q18088640,resolved by sex
6000000092600813126,María,F,Q18088640,resolved by sex
6000000092684783833,María,F,Q18088640,resolved by sex
6000000092717785911,María,F,Q18088640,resolved by sex
6000000092717785911,María,F,Q18088640,resolved by sex
6000000093098365837,María,F,Q18088640,resolved by sex
6000000093098956833,María,F,Q18088640,resolved by sex
6000000093098956833,María,F,Q18088640,resolved by sex
6000000093147677821,María,F,Q18088640,resolved by sex
6000000093185676865,María,F,Q18088640,resolved by sex
6000000093192640631,María,F,Q18088640,resolved by sex
6000000093196050926,María,F,Q18088640,resolved by sex
6000000093197380961,María,F,Q18088640,resolved by sex
6000000093197380961,María,F,Q18088640,resolved by sex
6000000093198016895,María,F,Q18088640,resolved by sex
6000000093201512136,María,F,Q18088640,resolved by sex
6000000093203763949,María,F,Q18088640,resolved by sex
6000000093512751894,María,F,Q18088640,resolved by sex
6000000093629285848,María,F,Q18088640,resolved by sex
6000000093629285876,María,F,Q18088640,resolved by sex
6000000093871220834,María,F,Q18088640,resolved by sex
6000000093949518833,María,F,Q18088640,resolved by sex
6000000093949555855,María,F,Q18088640,resolved by sex
6000000094100600988,María,F,Q18088640,resolved by sex
6000000094161810736,María,F,Q18088640,resolved by sex
6000000094161810736,María,F,Q18088640,resolved by sex
6000000094165089022,María,F,Q18088640,resolved by sex
6000000094165089022,María,F,Q18088640,resolved by sex
6000000094167532834,María,F,Q18088640,resolved by sex
6000000094327082957,María,F,Q18088640,resolved by sex
6000000094823470974,María,F,Q18088640,resolved by sex
6000000094823470974,María,F,Q18088640,resolved by sex
6000000095358072838,María,F,Q18088640,resolved by sex
6000000095457217139,María,F,Q18088640,resolved by sex
6000000095619846921,María,F,Q18088640,resolved by sex
6000000096965090910,María,F,Q18088640,resolved by sex
6000000097060143846,María,F,Q18088640,resolved by sex
6000000097060143905,María,F,Q18088640,resolved by sex
6000000097198639876,María,F,Q18088640,resolved by sex
6000000097539966967,María,F,Q18088640,resolved by sex
6000000097607522003,María,F,Q18088640,resolved by sex
6000000097616268159,María,F,Q18088640,resolved by sex
6000000097772189902,María,F,Q18088640,resolved by sex
6000000098060515872,María,F,Q18088640,resolved by sex
6000000098969986999,María,F,Q18088640,resolved by sex
6000000099209745836,María,F,Q18088640,resolved by sex
6000000100081251017,María,F,Q18088640,resolved by sex
6000000100083314874,María,F,Q18088640,resolved by sex
6000000100083314874,María,F,Q18088640,resolved by sex
6000000100088816884,María,F,Q18088640,resolved by sex
6000000100382642980,María,F,Q18088640,resolved by sex
6000000100404375822,María,F,Q18088640,resolved by sex
6000000100404375842,María,F,Q18088640,resolved by sex
6000000100944071946,María,F,Q18088640,resolved by sex
6000000101057180826,María,F,Q18088640,resolved by sex
6000000102370619112,María,F,Q18088640,resolved by sex
6000000102381260919,María,F,Q18088640,resolved by sex
6000000102487014037,María,F,Q18088640,resolved by sex
6000000102497708977,María,F,Q18088640,resolved by sex
6000000102575659821,María,F,Q18088640,resolved by sex
6000000102994674610,María,F,Q18088640,resolved by sex
6000000102998745886,María,F,Q18088640,resolved by sex
6000000103298325872,María,F,Q18088640,resolved by sex
6000000103301876927,María,F,Q18088640,resolved by sex
6000000103301876927,María,F,Q18088640,resolved by sex
6000000103304079840,María,F,Q18088640,resolved by sex
6000000103371710825,María,F,Q18088640,resolved by sex
6000000103372125821,María,F,Q18088640,resolved by sex
6000000103397096840,María,F,Q18088640,resolved by sex
6000000103657408859,María,F,Q18088640,resolved by sex
6000000104519786634,María,F,Q18088640,resolved by sex
6000000104519786634,María,F,Q18088640,resolved by sex
6000000104704160947,María,F,Q18088640,resolved by sex
6000000104704160955,María,F,Q18088640,resolved by sex
6000000104841658833,María,F,Q18088640,resolved by sex
6000000104841658833,María,F,Q18088640,resolved by sex
6000000104980402102,María,F,Q18088640,resolved by sex
6000000104983259865,María,F,Q18088640,resolved by sex
6000000105246367280,María,F,Q18088640,resolved by sex
6000000105246805094,María,F,Q18088640,resolved by sex
6000000105281304835,María,F,Q18088640,resolved by sex
6000000105796429836,María,F,Q18088640,resolved by sex
6000000105796429836,María,F,Q18088640,resolved by sex
6000000106623294823,María,F,Q18088640,resolved by sex
6000000106670151854,María,F,Q18088640,resolved by sex
6000000107000803874,María,F,Q18088640,resolved by sex
6000000107001418891,María,F,Q18088640,resolved by sex
6000000107001578827,María,F,Q18088640,resolved by sex
6000000107002006836,María,F,Q18088640,resolved by sex
6000000107002006846,María,F,Q18088640,resolved by sex
6000000107002035830,María,F,Q18088640,resolved by sex
6000000107002064834,María,F,Q18088640,resolved by sex
6000000107002064838,María,M,Q109785195,resolved by sex
6000000107002064844,María,F,Q18088640,resolved by sex
6000000107002751826,María,F,Q18088640,resolved by sex
6000000107003482841,María,F,Q18088640,resolved by sex
6000000107003482849,María,F,Q18088640,resolved by sex
6000000107007452831,María,F,Q18088640,resolved by sex
6000000107007452831,María,F,Q18088640,resolved by sex
6000000107597935866,María,F,Q18088640,resolved by sex
6000000108730282823,María,F,Q18088640,resolved by sex
6000000109048406938,María,F,Q18088640,resolved by sex
6000000109048633913,María,F,Q18088640,resolved by sex
6000000109048633913,María,F,Q18088640,resolved by sex
6000000109049615849,María,F,Q18088640,resolved by sex
6000000109050523901,María,F,Q18088640,resolved by sex
6000000109051084929,María,F,Q18088640,resolved by sex
6000000109051973871,María,F,Q18088640,resolved by sex
6000000109052171827,María,F,Q18088640,resolved by sex
6000000109052171827,María,F,Q18088640,resolved by sex
6000000109248361916,María,F,Q18088640,resolved by sex
6000000109248361916,María,F,Q18088640,resolved by sex
6000000109268201975,María,F,Q18088640,resolved by sex
6000000110592000862,María,F,Q18088640,resolved by sex
6000000110592016828,María,F,Q18088640,resolved by sex
6000000110623035825,María,F,Q18088640,resolved by sex
6000000111273699052,María,F,Q18088640,resolved by sex
6000000111740098909,María,F,Q18088640,resolved by sex
6000000111740098909,María,F,Q18088640,resolved by sex
6000000111959516342,María,F,Q18088640,resolved by sex
6000000111959516342,María,F,Q18088640,resolved by sex
6000000112273704314,María,F,Q18088640,resolved by sex
6000000112274240132,María,F,Q18088640,resolved by sex
6000000112274240132,María,F,Q18088640,resolved by sex
6000000112275788880,María,F,Q18088640,resolved by sex
6000000112275788880,María,F,Q18088640,resolved by sex
6000000112275788916,María,F,Q18088640,resolved by sex
6000000112275788916,María,F,Q18088640,resolved by sex
6000000112275804910,María,F,Q18088640,resolved by sex
6000000112275804910,María,F,Q18088640,resolved by sex
6000000112275983966,María,F,Q18088640,resolved by sex
6000000112275983966,María,F,Q18088640,resolved by sex
6000000112276774852,María,F,Q18088640,resolved by sex
6000000112276774852,María,F,Q18088640,resolved by sex
6000000112929264063,María,F,Q18088640,resolved by sex
6000000112962726879,María,F,Q18088640,resolved by sex
6000000113424619842,María,F,Q18088640,resolved by sex
6000000113789957846,María,F,Q18088640,resolved by sex
6000000114616641990,María,F,Q18088640,resolved by sex
6000000114645944123,María,F,Q18088640,resolved by sex
6000000114645944164,María,F,Q18088640,resolved by sex
6000000114645944225,María,F,Q18088640,resolved by sex
6000000114645944237,María,F,Q18088640,resolved by sex
6000000114646071100,María,F,Q18088640,resolved by sex
6000000114646071106,María,F,Q18088640,resolved by sex
6000000114646646974,María,F,Q18088640,resolved by sex
6000000114646998867,María,F,Q18088640,resolved by sex
6000000114648132101,María,F,Q18088640,resolved by sex
6000000114648255879,María,F,Q18088640,resolved by sex
6000000114648831969,María,F,Q18088640,resolved by sex
6000000114648832062,María,F,Q18088640,resolved by sex
6000000114648832127,María,F,Q18088640,resolved by sex
6000000114688305964,María,F,Q18088640,resolved by sex
6000000114689316824,María,F,Q18088640,resolved by sex
6000000114689343930,María,F,Q18088640,resolved by sex
6000000114689619863,María,F,Q18088640,resolved by sex
6000000114689620170,María,F,Q18088640,resolved by sex
6000000114689620174,María,M,Q109785195,resolved by sex
6000000114689620205,María,F,Q18088640,resolved by sex
6000000114689620233,María,F,Q18088640,resolved by sex
6000000114689620261,María,F,Q18088640,resolved by sex
6000000114689661877,María,F,Q18088640,resolved by sex
6000000114689661897,María,F,Q18088640,resolved by sex
6000000114689662017,María,F,Q18088640,resolved by sex
6000000114689662027,María,F,Q18088640,resolved by sex
6000000114689662037,María,M,Q109785195,resolved by sex
6000000114689662071,María,F,Q18088640,resolved by sex
6000000114689785999,María,F,Q18088640,resolved by sex
6000000114689786005,María,F,Q18088640,resolved by sex
6000000114689786053,María,M,Q109785195,resolved by sex
6000000114690153982,María,F,Q18088640,resolved by sex
6000000114690153987,María,F,Q18088640,resolved by sex
6000000114690154031,María,F,Q18088640,resolved by sex
6000000114690266971,María,F,Q18088640,resolved by sex
6000000114690267030,María,F,Q18088640,resolved by sex
6000000114690267042,María,F,Q18088640,resolved by sex
6000000114690357015,María,F,Q18088640,resolved by sex
6000000114690357026,María,F,Q18088640,resolved by sex
6000000114690456874,María,F,Q18088640,resolved by sex
6000000114690456892,María,F,Q18088640,resolved by sex
6000000114690456898,María,F,Q18088640,resolved by sex
6000000114690695270,María,F,Q18088640,resolved by sex
6000000114691283929,María,F,Q18088640,resolved by sex
6000000114706074830,María,F,Q18088640,resolved by sex
6000000114706074843,María,F,Q18088640,resolved by sex
6000000114706074927,María,F,Q18088640,resolved by sex
6000000114706179858,María,F,Q18088640,resolved by sex
6000000114706451822,María,F,Q18088640,resolved by sex
6000000114706451960,María,F,Q18088640,resolved by sex
6000000114706615834,María,F,Q18088640,resolved by sex
6000000114706615834,María,F,Q18088640,resolved by sex
6000000114706722828,María,F,Q18088640,resolved by sex
6000000114706722835,María,F,Q18088640,resolved by sex
6000000114706722856,María,F,Q18088640,resolved by sex
6000000114708672886,María,F,Q18088640,resolved by sex
6000000114768400916,María,F,Q18088640,resolved by sex
6000000114768400926,María,F,Q18088640,resolved by sex
6000000114811976885,María,F,Q18088640,resolved by sex
6000000114812645868,María,F,Q18088640,resolved by sex
6000000114813282895,María,F,Q18088640,resolved by sex
6000000114813425915,María,F,Q18088640,resolved by sex
6000000114813425921,María,F,Q18088640,resolved by sex
6000000114813425941,María,F,Q18088640,resolved by sex
6000000114813425947,María,F,Q18088640,resolved by sex
6000000114813425983,María,F,Q18088640,resolved by sex
6000000114813854002,María,F,Q18088640,resolved by sex
6000000114816310868,María,F,Q18088640,resolved by sex
6000000114817870822,María,F,Q18088640,resolved by sex
6000000114818178831,María,F,Q18088640,resolved by sex
6000000114818178834,María,F,Q18088640,resolved by sex
6000000115179622867,María,F,Q18088640,resolved by sex
6000000115179722324,María,F,Q18088640,resolved by sex
6000000115187255864,María,F,Q18088640,resolved by sex
6000000115229692842,María,F,Q18088640,resolved by sex
6000000115229692879,María,F,Q18088640,resolved by sex
6000000115255393832,María,F,Q18088640,resolved by sex
6000000115407533901,María,F,Q18088640,resolved by sex
6000000115407534030,María,F,Q18088640,resolved by sex
6000000115413541862,María,F,Q18088640,resolved by sex
6000000115413541879,María,F,Q18088640,resolved by sex
6000000115413541889,María,F,Q18088640,resolved by sex
6000000115413541895,María,F,Q18088640,resolved by sex
6000000115413541905,María,F,Q18088640,resolved by sex
6000000115413541915,María,F,Q18088640,resolved by sex
6000000115414681839,María,F,Q18088640,resolved by sex
6000000115415072822,María,F,Q18088640,resolved by sex
6000000115415178822,María,F,Q18088640,resolved by sex
6000000115415614822,María,F,Q18088640,resolved by sex
6000000115415614887,María,F,Q18088640,resolved by sex
6000000115415614954,María,F,Q18088640,resolved by sex
6000000115415709822,María,F,Q18088640,resolved by sex
6000000115415709830,María,F,Q18088640,resolved by sex
6000000115415709830,María,F,Q18088640,resolved by sex
6000000115415709861,María,F,Q18088640,resolved by sex
6000000115415709871,María,F,Q18088640,resolved by sex
6000000115417049822,María,F,Q18088640,resolved by sex
6000000115417486010,María,F,Q18088640,resolved by sex
6000000115420462051,María,F,Q18088640,resolved by sex
6000000115420462100,María,F,Q18088640,resolved by sex
6000000115712847841,María,F,Q18088640,resolved by sex
6000000115778525044,María,F,Q18088640,resolved by sex
6000000115778525065,María,F,Q18088640,resolved by sex
6000000115778525091,María,F,Q18088640,resolved by sex
6000000115779504861,María,F,Q18088640,resolved by sex
6000000115779504872,María,F,Q18088640,resolved by sex
6000000115779504926,María,F,Q18088640,resolved by sex
6000000115779504938,María,F,Q18088640,resolved by sex
6000000115792078035,María,F,Q18088640,resolved by sex
6000000115795586828,María,M,Q109785195,resolved by sex
6000000115796942840,María,F,Q18088640,resolved by sex
6000000115796942860,María,F,Q18088640,resolved by sex
6000000115796942881,María,F,Q18088640,resolved by sex
6000000115799546822,María,F,Q18088640,resolved by sex
6000000115803924847,María,F,Q18088640,resolved by sex
6000000115823658822,María,F,Q18088640,resolved by sex
6000000115825098894,María,F,Q18088640,resolved by sex
6000000115825864893,María,F,Q18088640,resolved by sex
6000000115825864903,María,F,Q18088640,resolved by sex
6000000115825864923,María,F,Q18088640,resolved by sex
6000000115826039852,María,F,Q18088640,resolved by sex
6000000115826039933,María,F,Q18088640,resolved by sex
6000000115826039952,María,F,Q18088640,resolved by sex
6000000115826729827,María,F,Q18088640,resolved by sex
6000000115826942822,María,F,Q18088640,resolved by sex
6000000115919120845,María,F,Q18088640,resolved by sex
6000000115919120868,María,F,Q18088640,resolved by sex
6000000115922879859,María,F,Q18088640,resolved by sex
6000000115922879914,María,F,Q18088640,resolved by sex
6000000115922879959,María,F,Q18088640,resolved by sex
6000000116219800856,María,F,Q18088640,resolved by sex
6000000116222728822,María,F,Q18088640,resolved by sex
6000000116228238201,María,F,Q18088640,resolved by sex
6000000116313266851,María,F,Q18088640,resolved by sex
6000000116939391822,María,F,Q18088640,resolved by sex
6000000117678746936,María,F,Q18088640,resolved by sex
6000000117678746936,María,F,Q18088640,resolved by sex
6000000117839158866,María,F,Q18088640,resolved by sex
6000000117839158866,María,F,Q18088640,resolved by sex
6000000119138940851,María,F,Q18088640,resolved by sex
6000000119138940851,María,F,Q18088640,resolved by sex
6000000120575332201,María,F,Q18088640,resolved by sex
6000000122469549836,María,F,Q18088640,resolved by sex
6000000122469549836,María,F,Q18088640,resolved by sex
6000000122552122878,María,M,Q109785195,resolved by sex
6000000122557647069,María,F,Q18088640,resolved by sex
6000000122721004949,María,F,Q18088640,resolved by sex
6000000122721719969,María,F,Q18088640,resolved by sex
6000000122756571844,María,F,Q18088640,resolved by sex
6000000122756855855,María,F,Q18088640,resolved by sex
6000000124117374061,María,F,Q18088640,resolved by sex
6000000124118616859,María,F,Q18088640,resolved by sex
6000000124238056902,María,F,Q18088640,resolved by sex
6000000124441895824,María,F,Q18088640,resolved by sex
6000000124483919840,María,F,Q18088640,resolved by sex
6000000124483919847,María,F,Q18088640,resolved by sex
6000000125989251000,María,F,Q18088640,resolved by sex
6000000126227509856,María,F,Q18088640,resolved by sex
6000000126843129822,María,F,Q18088640,resolved by sex
6000000127074289848,María,F,Q18088640,resolved by sex
6000000127137418868,María,F,Q18088640,resolved by sex
6000000127208892828,María,F,Q18088640,resolved by sex
6000000127345097836,María,F,Q18088640,resolved by sex
6000000127704209994,María,F,Q18088640,resolved by sex
6000000127834583981,María,F,Q18088640,resolved by sex
6000000127834583981,María,F,Q18088640,resolved by sex
6000000127872552937,María,F,Q18088640,resolved by sex
6000000128815744833,María,F,Q18088640,resolved by sex
6000000128815744833,María,F,Q18088640,resolved by sex
6000000129060467944,María,F,Q18088640,resolved by sex
6000000129634053989,María,F,Q18088640,resolved by sex
6000000130104827871,María,F,Q18088640,resolved by sex
6000000130104827871,María,F,Q18088640,resolved by sex
6000000130349607875,María,F,Q18088640,resolved by sex
6000000130349607875,María,F,Q18088640,resolved by sex
6000000130639458832,María,F,Q18088640,resolved by sex
6000000131259155908,María,M,Q109785195,resolved by sex
6000000134130224829,María,M,Q109785195,resolved by sex
6000000135179582821,María,F,Q18088640,resolved by sex
6000000135179582821,María,F,Q18088640,resolved by sex
6000000135191331832,María,F,Q18088640,resolved by sex
6000000135191331832,María,F,Q18088640,resolved by sex
6000000135541114911,María,F,Q18088640,resolved by sex
6000000135562548856,María,F,Q18088640,resolved by sex
6000000135562548856,María,F,Q18088640,resolved by sex
6000000135566126019,María,F,Q18088640,resolved by sex
6000000135666090180,María,F,Q18088640,resolved by sex
6000000135766933841,María,F,Q18088640,resolved by sex
6000000135769462021,María,F,Q18088640,resolved by sex
6000000135770029029,María,F,Q18088640,resolved by sex
6000000136301051857,María,F,Q18088640,resolved by sex
6000000136301051857,María,F,Q18088640,resolved by sex
6000000136410477822,María,F,Q18088640,resolved by sex
6000000136410477822,María,F,Q18088640,resolved by sex
6000000136962118821,María,F,Q18088640,resolved by sex
6000000136977760970,María,F,Q18088640,resolved by sex
6000000136978217933,María,F,Q18088640,resolved by sex
6000000137176302841,María,F,Q18088640,resolved by sex
6000000137696991841,María,F,Q18088640,resolved by sex
6000000137705766821,María,F,Q18088640,resolved by sex
6000000139292277821,María,F,Q18088640,resolved by sex
6000000139816687843,María,F,Q18088640,resolved by sex
6000000140102995821,María,F,Q18088640,resolved by sex
6000000140112227850,María,F,Q18088640,resolved by sex
6000000140112297850,María,F,Q18088640,resolved by sex
6000000140112298110,María,F,Q18088640,resolved by sex
6000000142164458926,María,F,Q18088640,resolved by sex
6000000142164458926,María,F,Q18088640,resolved by sex
6000000143206950848,María,F,Q18088640,resolved by sex
6000000146007292903,María,F,Q18088640,resolved by sex
6000000146007292930,María,F,Q18088640,resolved by sex
6000000146007691862,María,F,Q18088640,resolved by sex
6000000146007691914,María,F,Q18088640,resolved by sex
6000000146007735924,María,F,Q18088640,resolved by sex
6000000146007757829,María,F,Q18088640,resolved by sex
6000000146007757835,María,F,Q18088640,resolved by sex
6000000146007765036,María,F,Q18088640,resolved by sex
6000000146007804835,María,F,Q18088640,resolved by sex
6000000146007804870,María,F,Q18088640,resolved by sex
6000000146008142822,María,F,Q18088640,resolved by sex
6000000146008142830,María,F,Q18088640,resolved by sex
6000000146008142837,María,F,Q18088640,resolved by sex
6000000146008142845,María,F,Q18088640,resolved by sex
6000000146008142869,María,F,Q18088640,resolved by sex
6000000146008142885,María,F,Q18088640,resolved by sex
6000000146008142893,María,F,Q18088640,resolved by sex
6000000146027105964,María,F,Q18088640,resolved by sex
6000000146027105964,María,F,Q18088640,resolved by sex
6000000146308510860,María,F,Q18088640,resolved by sex
6000000146308510860,María,F,Q18088640,resolved by sex
6000000148760199858,María,F,Q18088640,resolved by sex
6000000149106002821,María,F,Q18088640,resolved by sex
6000000149106002821,María,F,Q18088640,resolved by sex
6000000149114220821,María,F,Q18088640,resolved by sex
6000000149114220821,María,F,Q18088640,resolved by sex
6000000149649160872,María,F,Q18088640,resolved by sex
6000000149649160872,María,F,Q18088640,resolved by sex
6000000150588738838,María,F,Q18088640,resolved by sex
6000000151138180904,María,F,Q18088640,resolved by sex
6000000151374917824,María,F,Q18088640,resolved by sex
6000000151374917824,María,F,Q18088640,resolved by sex
6000000151377905063,María,F,Q18088640,resolved by sex
6000000151377905063,María,F,Q18088640,resolved by sex
6000000151378215032,María,F,Q18088640,resolved by sex
6000000151378215032,María,F,Q18088640,resolved by sex
6000000151379060960,María,F,Q18088640,resolved by sex
6000000151379060960,María,F,Q18088640,resolved by sex
6000000151859398838,María,F,Q18088640,resolved by sex
6000000152263147841,María,F,Q18088640,resolved by sex
6000000152263147841,María,F,Q18088640,resolved by sex
6000000152661987822,María,M,Q109785195,resolved by sex
6000000152662785829,María,F,Q18088640,resolved by sex
6000000152662785877,María,F,Q18088640,resolved by sex
6000000152662785928,María,F,Q18088640,resolved by sex
6000000152664257945,María,F,Q18088640,resolved by sex
6000000152664257958,María,F,Q18088640,resolved by sex
6000000152664258134,María,F,Q18088640,resolved by sex
6000000152676576838,María,F,Q18088640,resolved by sex
6000000152676576853,María,F,Q18088640,resolved by sex
6000000152676576902,María,F,Q18088640,resolved by sex
6000000152686974831,María,F,Q18088640,resolved by sex
6000000153758433850,María,F,Q18088640,resolved by sex
6000000153758674843,María,F,Q18088640,resolved by sex
6000000154020135847,María,F,Q18088640,resolved by sex
6000000154355747886,María,F,Q18088640,resolved by sex
6000000154606760834,María,F,Q18088640,resolved by sex
6000000154773034844,María,F,Q18088640,resolved by sex
6000000154818034821,María,F,Q18088640,resolved by sex
6000000154820869926,María,F,Q18088640,resolved by sex
6000000155533455883,María,F,Q18088640,resolved by sex
6000000156762658975,María,M,Q109785195,resolved by sex
6000000156762659285,María,F,Q18088640,resolved by sex
6000000156762782846,María,F,Q18088640,resolved by sex
6000000156762783159,María,F,Q18088640,resolved by sex
6000000156762783164,María,F,Q18088640,resolved by sex
6000000156762994977,María,F,Q18088640,resolved by sex
6000000156763398861,María,F,Q18088640,resolved by sex
6000000156763499906,María,F,Q18088640,resolved by sex
6000000158846334827,María,F,Q18088640,resolved by sex
6000000159856686989,María,F,Q18088640,resolved by sex
6000000159856807854,María,F,Q18088640,resolved by sex
6000000159856807865,María,F,Q18088640,resolved by sex
6000000159948710828,María,F,Q18088640,resolved by sex
6000000161242134844,María,F,Q18088640,resolved by sex
6000000161242134844,María,F,Q18088640,resolved by sex
6000000161297607822,María,F,Q18088640,resolved by sex
6000000161319060833,María,F,Q18088640,resolved by sex
6000000161319060833,María,F,Q18088640,resolved by sex
6000000161327958828,María,F,Q18088640,resolved by sex
6000000161560623821,María,F,Q18088640,resolved by sex
6000000161985121013,María,F,Q18088640,resolved by sex
6000000161985709855,María,F,Q18088640,resolved by sex
6000000162047800833,María,F,Q18088640,resolved by sex
6000000162047800833,María,F,Q18088640,resolved by sex
6000000162049381908,María,F,Q18088640,resolved by sex
6000000162049381908,María,F,Q18088640,resolved by sex
6000000163198643847,María,F,Q18088640,resolved by sex
6000000163198643847,María,F,Q18088640,resolved by sex
6000000163963722833,María,F,Q18088640,resolved by sex
6000000164281914511,María,F,Q18088640,resolved by sex
6000000164282008319,María,F,Q18088640,resolved by sex
6000000165204468864,María,F,Q18088640,resolved by sex
6000000165204468938,María,F,Q18088640,resolved by sex
6000000165275519836,María,F,Q18088640,resolved by sex
6000000165276068821,María,F,Q18088640,resolved by sex
6000000165625734964,María,F,Q18088640,resolved by sex
6000000165626240846,María,F,Q18088640,resolved by sex
6000000167050526180,María,F,Q18088640,resolved by sex
6000000167050556005,María,F,Q18088640,resolved by sex
6000000167050574915,María,M,Q109785195,resolved by sex
6000000167050686960,María,F,Q18088640,resolved by sex
6000000167050757836,María,F,Q18088640,resolved by sex
6000000167050757852,María,F,Q18088640,resolved by sex
6000000167050757875,María,F,Q18088640,resolved by sex
6000000167608702941,María,F,Q18088640,resolved by sex
6000000167609078911,María,F,Q18088640,resolved by sex
6000000167795613852,María,F,Q18088640,resolved by sex
6000000167795613852,María,F,Q18088640,resolved by sex
6000000167799523943,María,F,Q18088640,resolved by sex
6000000168279683821,María,F,Q18088640,resolved by sex
6000000168341066120,María,F,Q18088640,resolved by sex
6000000168341548867,María,F,Q18088640,resolved by sex
6000000168347391078,María,F,Q18088640,resolved by sex
6000000168348238989,María,F,Q18088640,resolved by sex
6000000168906332086,María,F,Q18088640,resolved by sex
6000000169027421158,María,F,Q18088640,resolved by sex
6000000171355797051,María,F,Q18088640,resolved by sex
6000000172412077956,María,F,Q18088640,resolved by sex
6000000172716072041,María,F,Q18088640,resolved by sex
6000000172717907858,María,F,Q18088640,resolved by sex
6000000172717907858,María,F,Q18088640,resolved by sex
6000000173142161681,María,F,Q18088640,resolved by sex
6000000173584672875,María,F,Q18088640,resolved by sex
6000000173584672875,María,F,Q18088640,resolved by sex
6000000173968610431,María,F,Q18088640,resolved by sex
6000000173968610431,María,F,Q18088640,resolved by sex
6000000174009000828,María,F,Q18088640,resolved by sex
6000000174263904396,María,F,Q18088640,resolved by sex
6000000174263904396,María,F,Q18088640,resolved by sex
6000000174281860821,María,F,Q18088640,resolved by sex
6000000174281860821,María,F,Q18088640,resolved by sex
6000000174356227832,María,F,Q18088640,resolved by sex
6000000174356227872,María,M,Q109785195,resolved by sex
6000000174356227905,María,F,Q18088640,resolved by sex
6000000174356342822,María,F,Q18088640,resolved by sex
6000000174356433822,María,F,Q18088640,resolved by sex
6000000174356433834,María,F,Q18088640,resolved by sex
6000000174356466822,María,F,Q18088640,resolved by sex
6000000174356565867,María,F,Q18088640,resolved by sex
6000000174356565888,María,F,Q18088640,resolved by sex
6000000174356607867,María,F,Q18088640,resolved by sex
6000000174356607891,María,F,Q18088640,resolved by sex
6000000174356607896,María,F,Q18088640,resolved by sex
6000000174356625848,María,F,Q18088640,resolved by sex
6000000174356625908,María,F,Q18088640,resolved by sex
6000000174417424879,María,F,Q18088640,resolved by sex
6000000174426647821,María,F,Q18088640,resolved by sex
6000000174806339846,María,F,Q18088640,resolved by sex
6000000175283179004,María,F,Q18088640,resolved by sex
6000000175283314967,María,F,Q18088640,resolved by sex
6000000175336658893,María,F,Q18088640,resolved by sex
6000000175336658899,María,F,Q18088640,resolved by sex
6000000175336658977,María,F,Q18088640,resolved by sex
6000000175338430822,María,F,Q18088640,resolved by sex
6000000175338478830,María,F,Q18088640,resolved by sex
6000000175457426858,María,F,Q18088640,resolved by sex
6000000175550077824,María,F,Q18088640,resolved by sex
6000000175816723837,María,F,Q18088640,resolved by sex
6000000175851684887,María,F,Q18088640,resolved by sex
6000000175851706871,María,F,Q18088640,resolved by sex
6000000175851706878,María,F,Q18088640,resolved by sex
6000000175851706889,María,F,Q18088640,resolved by sex
6000000175851737893,María,F,Q18088640,resolved by sex
6000000175851799187,María,F,Q18088640,resolved by sex
6000000175851815881,María,F,Q18088640,resolved by sex
6000000175852118940,María,F,Q18088640,resolved by sex
6000000175852119188,María,F,Q18088640,resolved by sex
6000000175852146968,María,M,Q109785195,resolved by sex
6000000175852146989,María,F,Q18088640,resolved by sex
6000000175852159055,María,F,Q18088640,resolved by sex
6000000175852268832,María,F,Q18088640,resolved by sex
6000000175852268845,María,F,Q18088640,resolved by sex
6000000175852268856,María,M,Q109785195,resolved by sex
6000000175852268927,María,F,Q18088640,resolved by sex
6000000175852283899,María,F,Q18088640,resolved by sex
6000000175852283979,María,F,Q18088640,resolved by sex
6000000175852284012,María,F,Q18088640,resolved by sex
6000000175852330930,María,F,Q18088640,resolved by sex
6000000175852330942,María,F,Q18088640,resolved by sex
6000000175852344833,María,F,Q18088640,resolved by sex
6000000175852418886,María,F,Q18088640,resolved by sex
6000000175852898844,María,F,Q18088640,resolved by sex
6000000175852898908,María,F,Q18088640,resolved by sex
6000000175853439858,María,F,Q18088640,resolved by sex
6000000175854354822,María,F,Q18088640,resolved by sex
6000000175855923822,María,F,Q18088640,resolved by sex
6000000175857236822,María,F,Q18088640,resolved by sex
6000000175858251822,María,F,Q18088640,resolved by sex
6000000175858311822,María,F,Q18088640,resolved by sex
6000000175862576822,María,F,Q18088640,resolved by sex
6000000176199493843,María,F,Q18088640,resolved by sex
6000000176276229821,María,F,Q18088640,resolved by sex
6000000176291688037,María,F,Q18088640,resolved by sex
6000000176315383833,María,F,Q18088640,resolved by sex
6000000176474470913,María,F,Q18088640,resolved by sex
6000000176864853823,María,M,Q109785195,resolved by sex
6000000176864853827,María,F,Q18088640,resolved by sex
6000000177006284856,María,F,Q18088640,resolved by sex
6000000177174552857,María,F,Q18088640,resolved by sex
6000000177363049821,María,F,Q18088640,resolved by sex
6000000177363049821,María,F,Q18088640,resolved by sex
6000000177502322899,María,F,Q18088640,resolved by sex
6000000177502322899,María,F,Q18088640,resolved by sex
6000000177503947821,María,F,Q18088640,resolved by sex
6000000177503947821,María,F,Q18088640,resolved by sex
6000000177873769881,María,F,Q18088640,resolved by sex
6000000177873769881,María,F,Q18088640,resolved by sex
6000000178040349994,María,F,Q18088640,resolved by sex
6000000178161777833,María,F,Q18088640,resolved by sex
6000000178379404859,María,F,Q18088640,resolved by sex
6000000178678190823,María,F,Q18088640,resolved by sex
6000000179127137858,María,F,Q18088640,resolved by sex
6000000179644722821,María,F,Q18088640,resolved by sex
6000000179704291821,María,F,Q18088640,resolved by sex
6000000179704291821,María,F,Q18088640,resolved by sex
6000000179858087849,María,F,Q18088640,resolved by sex
6000000180156300821,María,F,Q18088640,resolved by sex
6000000180156300821,María,F,Q18088640,resolved by sex
6000000180166106821,María,F,Q18088640,resolved by sex
6000000180166106821,María,F,Q18088640,resolved by sex
6000000180313740850,María,F,Q18088640,resolved by sex
6000000180313740850,María,F,Q18088640,resolved by sex
6000000180376562831,María,F,Q18088640,resolved by sex
6000000180376562831,María,F,Q18088640,resolved by sex
6000000180507450838,María,F,Q18088640,resolved by sex
6000000180507450838,María,F,Q18088640,resolved by sex
6000000180537529824,María,F,Q18088640,resolved by sex
6000000180537529824,María,F,Q18088640,resolved by sex
6000000180549898981,María,F,Q18088640,resolved by sex
6000000180549898981,María,F,Q18088640,resolved by sex
6000000180745116866,María,F,Q18088640,resolved by sex
6000000180745116866,María,F,Q18088640,resolved by sex
6000000181106150938,María,F,Q18088640,resolved by sex
6000000181108058858,María,M,Q109785195,resolved by sex
6000000181108715835,María,F,Q18088640,resolved by sex
6000000181108742824,María,F,Q18088640,resolved by sex
6000000181362428854,María,F,Q18088640,resolved by sex
6000000181362428854,María,F,Q18088640,resolved by sex
6000000181616101828,María,F,Q18088640,resolved by sex
6000000181616101828,María,F,Q18088640,resolved by sex
6000000181719846861,María,F,Q18088640,resolved by sex
6000000181835089880,María,F,Q18088640,resolved by sex
6000000182077156823,María,F,Q18088640,resolved by sex
6000000182118950824,María,F,Q18088640,resolved by sex
6000000182118950824,María,F,Q18088640,resolved by sex
6000000182130342845,María,F,Q18088640,resolved by sex
6000000182167097829,María,F,Q18088640,resolved by sex
6000000182344152840,María,F,Q18088640,resolved by sex
6000000182344152894,María,F,Q18088640,resolved by sex
6000000182362671849,María,F,Q18088640,resolved by sex
6000000182362671849,María,F,Q18088640,resolved by sex
6000000182393142865,María,F,Q18088640,resolved by sex
6000000182393142865,María,F,Q18088640,resolved by sex
6000000182537055821,María,F,Q18088640,resolved by sex
6000000182537055821,María,F,Q18088640,resolved by sex
6000000182774381857,María,F,Q18088640,resolved by sex
6000000182963611952,María,F,Q18088640,resolved by sex
6000000182964626179,María,F,Q18088640,resolved by sex
6000000182965021137,María,F,Q18088640,resolved by sex
6000000182965021253,María,F,Q18088640,resolved by sex
6000000182965145114,María,F,Q18088640,resolved by sex
6000000182965145135,María,F,Q18088640,resolved by sex
6000000182965145149,María,F,Q18088640,resolved by sex
6000000182965145287,María,F,Q18088640,resolved by sex
6000000182965145300,María,F,Q18088640,resolved by sex
6000000182965241998,María,F,Q18088640,resolved by sex
6000000182967307040,María,M,Q109785195,resolved by sex
6000000182967351834,María,F,Q18088640,resolved by sex
6000000182967351848,María,F,Q18088640,resolved by sex
6000000182967810031,María,F,Q18088640,resolved by sex
6000000182967810053,María,F,Q18088640,resolved by sex
6000000182967916005,María,F,Q18088640,resolved by sex
6000000183025553834,María,F,Q18088640,resolved by sex
6000000183025553834,María,F,Q18088640,resolved by sex
6000000183067366824,María,F,Q18088640,resolved by sex
6000000183067366824,María,F,Q18088640,resolved by sex
6000000183261143828,María,F,Q18088640,resolved by sex
6000000183327847837,María,F,Q18088640,resolved by sex
6000000183327847837,María,F,Q18088640,resolved by sex
6000000183488183825,María,F,Q18088640,resolved by sex
6000000183547871874,María,M,Q109785195,resolved by sex
6000000183547918835,María,F,Q18088640,resolved by sex
6000000183547925833,María,F,Q18088640,resolved by sex
6000000183573079998,María,F,Q18088640,resolved by sex
6000000183573080038,María,F,Q18088640,resolved by sex
6000000183598565826,María,F,Q18088640,resolved by sex
6000000183640087867,María,F,Q18088640,resolved by sex
6000000183647134898,María,M,Q109785195,resolved by sex
6000000183648314857,María,F,Q18088640,resolved by sex
6000000183648635845,María,F,Q18088640,resolved by sex
6000000183715368837,María,F,Q18088640,resolved by sex
6000000183843186839,María,F,Q18088640,resolved by sex
6000000184086045914,María,F,Q18088640,resolved by sex
6000000184086925900,María,F,Q18088640,resolved by sex
6000000184117386955,María,F,Q18088640,resolved by sex
6000000184321922873,María,F,Q18088640,resolved by sex
6000000184446010823,María,F,Q18088640,resolved by sex
6000000184464739864,María,F,Q18088640,resolved by sex
6000000184610862072,María,F,Q18088640,resolved by sex
6000000184658700861,María,F,Q18088640,resolved by sex
6000000184658707862,María,M,Q109785195,resolved by sex
6000000184847624885,María,F,Q18088640,resolved by sex
6000000184919705823,María,F,Q18088640,resolved by sex
6000000184919705823,María,F,Q18088640,resolved by sex
6000000185068714845,María,F,Q18088640,resolved by sex
6000000185068714845,María,F,Q18088640,resolved by sex
6000000185140436717,María,F,Q18088640,resolved by sex
6000000185140850848,María,F,Q18088640,resolved by sex
6000000185140850968,María,F,Q18088640,resolved by sex
6000000185140979051,María,F,Q18088640,resolved by sex
6000000185140979169,María,F,Q18088640,resolved by sex
6000000185143931868,María,F,Q18088640,resolved by sex
6000000185168996895,María,F,Q18088640,resolved by sex
6000000185458984903,María,F,Q18088640,resolved by sex
6000000185474392869,María,F,Q18088640,resolved by sex
6000000185477888531,María,F,Q18088640,resolved by sex
6000000185487967237,María,F,Q18088640,resolved by sex
6000000185488493220,María,F,Q18088640,resolved by sex
6000000185489724101,María,F,Q18088640,resolved by sex
6000000185493190956,María,F,Q18088640,resolved by sex
6000000185508637851,María,F,Q18088640,resolved by sex
6000000185559796823,María,F,Q18088640,resolved by sex
6000000185559865875,María,F,Q18088640,resolved by sex
6000000185559882824,María,M,Q109785195,resolved by sex
6000000185571352638,María,F,Q18088640,resolved by sex
6000000185629002867,María,F,Q18088640,resolved by sex
6000000185629002867,María,F,Q18088640,resolved by sex
6000000185987510421,María,F,Q18088640,resolved by sex
6000000185987510421,María,F,Q18088640,resolved by sex
6000000185993252932,María,F,Q18088640,resolved by sex
6000000185993252932,María,F,Q18088640,resolved by sex
6000000186093888826,María,F,Q18088640,resolved by sex
6000000186097956837,María,F,Q18088640,resolved by sex
6000000186122221982,María,F,Q18088640,resolved by sex
6000000186149941686,María,F,Q18088640,resolved by sex
6000000186150354923,María,F,Q18088640,resolved by sex
6000000186150448826,María,F,Q18088640,resolved by sex
6000000186150448831,María,F,Q18088640,resolved by sex
6000000186158446347,María,F,Q18088640,resolved by sex
6000000186160720854,María,F,Q18088640,resolved by sex
6000000186170441021,María,F,Q18088640,resolved by sex
6000000186184791728,María,F,Q18088640,resolved by sex
6000000186325896682,María,F,Q18088640,resolved by sex
6000000186325896695,María,F,Q18088640,resolved by sex
6000000186325896769,María,F,Q18088640,resolved by sex
6000000186354378822,María,M,Q109785195,resolved by sex
6000000186768595902,María,F,Q18088640,resolved by sex
6000000186987876811,María,F,Q18088640,resolved by sex
6000000186987973653,María,M,Q109785195,resolved by sex
6000000186987973783,María,F,Q18088640,resolved by sex
6000000186989178011,María,F,Q18088640,resolved by sex
6000000186989213825,María,F,Q18088640,resolved by sex
6000000187090250848,María,F,Q18088640,resolved by sex
6000000187149065837,María,F,Q18088640,resolved by sex
6000000187149167821,María,F,Q18088640,resolved by sex
6000000187171200874,María,M,Q109785195,resolved by sex
6000000187309465857,María,F,Q18088640,resolved by sex
6000000187309465857,María,F,Q18088640,resolved by sex
6000000189490631823,María,F,Q18088640,resolved by sex
6000000189518330607,María,F,Q18088640,resolved by sex
6000000189518330700,María,F,Q18088640,resolved by sex
6000000189518582568,María,F,Q18088640,resolved by sex
6000000189518582650,María,F,Q18088640,resolved by sex
6000000189519630812,María,F,Q18088640,resolved by sex
6000000189520253582,María,F,Q18088640,resolved by sex
6000000189520253606,María,F,Q18088640,resolved by sex
6000000189520421097,María,F,Q18088640,resolved by sex
6000000189520421102,María,F,Q18088640,resolved by sex
6000000189520421132,María,F,Q18088640,resolved by sex
6000000189520421242,María,F,Q18088640,resolved by sex
6000000189520737277,María,F,Q18088640,resolved by sex
6000000189520737296,María,F,Q18088640,resolved by sex
6000000189520737317,María,F,Q18088640,resolved by sex
6000000189520737327,María,F,Q18088640,resolved by sex
6000000189520737418,María,F,Q18088640,resolved by sex
6000000189520737503,María,F,Q18088640,resolved by sex
6000000189520737508,María,F,Q18088640,resolved by sex
6000000189520737523,María,F,Q18088640,resolved by sex
6000000189520768485,María,M,Q109785195,resolved by sex
6000000189520768489,María,F,Q18088640,resolved by sex
6000000189520768525,María,F,Q18088640,resolved by sex
6000000189520768535,María,F,Q18088640,resolved by sex
6000000189521027316,María,F,Q18088640,resolved by sex
6000000189521027380,María,F,Q18088640,resolved by sex
6000000189521027393,María,F,Q18088640,resolved by sex
6000000189521027466,María,F,Q18088640,resolved by sex
6000000189521027486,María,F,Q18088640,resolved by sex
6000000189521558286,María,F,Q18088640,resolved by sex
6000000189521620070,María,F,Q18088640,resolved by sex
6000000189521620164,María,F,Q18088640,resolved by sex
6000000189521620174,María,F,Q18088640,resolved by sex
6000000189521620217,María,F,Q18088640,resolved by sex
6000000189521620222,María,F,Q18088640,resolved by sex
6000000189521620232,María,M,Q109785195,resolved by sex
6000000189522227979,María,M,Q109785195,resolved by sex
6000000189522228411,María,F,Q18088640,resolved by sex
6000000189522359850,María,F,Q18088640,resolved by sex
6000000189522359854,María,F,Q18088640,resolved by sex
6000000189522359938,María,F,Q18088640,resolved by sex
6000000189522359943,María,F,Q18088640,resolved by sex
6000000189522359958,María,F,Q18088640,resolved by sex
6000000189522359963,María,F,Q18088640,resolved by sex
6000000189522359978,María,F,Q18088640,resolved by sex
6000000189522359983,María,M,Q109785195,resolved by sex
6000000189522360001,María,F,Q18088640,resolved by sex
6000000189522536921,María,F,Q18088640,resolved by sex
6000000189522536926,María,F,Q18088640,resolved by sex
6000000189522536941,María,F,Q18088640,resolved by sex
6000000189522536946,María,F,Q18088640,resolved by sex
6000000189522540947,María,F,Q18088640,resolved by sex
6000000189522540959,María,M,Q109785195,resolved by sex
6000000189522540967,María,F,Q18088640,resolved by sex
6000000189522541028,María,F,Q18088640,resolved by sex
6000000190275986953,María,F,Q18088640,resolved by sex
6000000190705640855,María,F,Q18088640,resolved by sex
6000000191200642476,María,F,Q18088640,resolved by sex
6000000191200642486,María,M,Q109785195,resolved by sex
6000000191200642561,María,F,Q18088640,resolved by sex
6000000191200642569,María,F,Q18088640,resolved by sex
6000000191200642585,María,F,Q18088640,resolved by sex
6000000191200642655,María,F,Q18088640,resolved by sex
6000000191201372484,María,F,Q18088640,resolved by sex
6000000191643815929,María,F,Q18088640,resolved by sex
6000000191643815929,María,F,Q18088640,resolved by sex
6000000191644066831,María,F,Q18088640,resolved by sex
6000000191644066831,María,F,Q18088640,resolved by sex
6000000191697322861,María,F,Q18088640,resolved by sex
6000000192046479854,María,F,Q18088640,resolved by sex
6000000192466341918,María,F,Q18088640,resolved by sex
6000000192466341918,María,F,Q18088640,resolved by sex
6000000192466506855,María,F,Q18088640,resolved by sex
6000000192466506855,María,F,Q18088640,resolved by sex
6000000192466621857,María,F,Q18088640,resolved by sex
6000000192466621857,María,F,Q18088640,resolved by sex
6000000192466808829,María,F,Q18088640,resolved by sex
6000000192466808829,María,F,Q18088640,resolved by sex
6000000192466877821,María,F,Q18088640,resolved by sex
6000000192466877821,María,F,Q18088640,resolved by sex
6000000192565288135,María,F,Q18088640,resolved by sex
6000000192565964349,María,F,Q18088640,resolved by sex
6000000192565964369,María,F,Q18088640,resolved by sex
6000000192565964379,María,F,Q18088640,resolved by sex
6000000192565964467,María,F,Q18088640,resolved by sex
6000000192565964644,María,F,Q18088640,resolved by sex
6000000192565964684,María,F,Q18088640,resolved by sex
6000000193007106883,María,F,Q18088640,resolved by sex
6000000193057139824,María,F,Q18088640,resolved by sex
6000000193057244824,María,F,Q18088640,resolved by sex
6000000193081636985,María,F,Q18088640,resolved by sex
6000000193081637187,María,F,Q18088640,resolved by sex
6000000193082763899,María,F,Q18088640,resolved by sex
6000000193082908060,María,F,Q18088640,resolved by sex
6000000193119741822,María,F,Q18088640,resolved by sex
6000000193119947846,María,F,Q18088640,resolved by sex
6000000193312980832,María,F,Q18088640,resolved by sex
6000000193312980832,María,F,Q18088640,resolved by sex
6000000193787694848,María,F,Q18088640,resolved by sex
6000000193958580821,María,F,Q18088640,resolved by sex
6000000193958580821,María,F,Q18088640,resolved by sex
6000000194413029873,María,M,Q109785195,resolved by sex
6000000195183605838,María,F,Q18088640,resolved by sex
6000000196829634247,María,F,Q18088640,resolved by sex
6000000196829634338,María,F,Q18088640,resolved by sex
6000000196829634458,María,F,Q18088640,resolved by sex
6000000196829634623,María,F,Q18088640,resolved by sex
6000000196829634636,María,F,Q18088640,resolved by sex
6000000196829634642,María,F,Q18088640,resolved by sex
6000000196829634648,María,F,Q18088640,resolved by sex
6000000196829634652,María,F,Q18088640,resolved by sex
6000000196829983662,María,F,Q18088640,resolved by sex
6000000196831241008,María,F,Q18088640,resolved by sex
6000000196831318857,María,F,Q18088640,resolved by sex
6000000196831426989,María,F,Q18088640,resolved by sex
6000000196831453981,María,F,Q18088640,resolved by sex
6000000196831453988,María,F,Q18088640,resolved by sex
6000000196831474876,María,F,Q18088640,resolved by sex
6000000196831474910,María,F,Q18088640,resolved by sex
6000000196831475505,María,F,Q18088640,resolved by sex
6000000196831475619,María,F,Q18088640,resolved by sex
6000000196831479964,María,F,Q18088640,resolved by sex
6000000196831631003,María,F,Q18088640,resolved by sex
6000000196911488847,María,F,Q18088640,resolved by sex
6000000197549327828,María,F,Q18088640,resolved by sex
6000000197609297697,María,M,Q109785195,resolved by sex
6000000198031358001,María,F,Q18088640,resolved by sex
6000000198031475437,María,F,Q18088640,resolved by sex
6000000198032413048,María,F,Q18088640,resolved by sex
6000000198032413191,María,F,Q18088640,resolved by sex
6000000198034928278,María,F,Q18088640,resolved by sex
6000000198034928290,María,F,Q18088640,resolved by sex
6000000198034928299,María,F,Q18088640,resolved by sex
6000000198034928331,María,F,Q18088640,resolved by sex
6000000198034928343,María,F,Q18088640,resolved by sex
6000000198035546936,María,F,Q18088640,resolved by sex
6000000198150646844,María,F,Q18088640,resolved by sex
6000000198226480663,María,F,Q18088640,resolved by sex
6000000201315598276,María,F,Q18088640,resolved by sex
6000000201315598304,María,F,Q18088640,resolved by sex
6000000201315598309,María,F,Q18088640,resolved by sex
6000000201315598314,María,F,Q18088640,resolved by sex
6000000201315598322,María,M,Q109785195,resolved by sex
6000000201315598326,María,F,Q18088640,resolved by sex
6000000201315598339,María,F,Q18088640,resolved by sex
6000000201315598426,María,F,Q18088640,resolved by sex
6000000201315598430,María,F,Q18088640,resolved by sex
6000000201315598466,María,F,Q18088640,resolved by sex
6000000201315598487,María,F,Q18088640,resolved by sex
6000000201315598507,María,F,Q18088640,resolved by sex
6000000201316511966,María,F,Q18088640,resolved by sex
6000000201316512010,María,F,Q18088640,resolved by sex
6000000201741229918,María,F,Q18088640,resolved by sex
6000000202720150905,María,F,Q18088640,resolved by sex
6000000202720251876,María,M,Q109785195,resolved by sex
6000000202720374837,María,F,Q18088640,resolved by sex
6000000202720374837,María,F,Q18088640,resolved by sex
6000000202811198844,María,F,Q18088640,resolved by sex
6000000202811198844,María,F,Q18088640,resolved by sex
6000000202881686850,María,F,Q18088640,resolved by sex
6000000202881686850,María,F,Q18088640,resolved by sex
6000000203257113853,María,F,Q18088640,resolved by sex
6000000203257113853,María,F,Q18088640,resolved by sex
6000000203522213828,María,F,Q18088640,resolved by sex
6000000203522213828,María,F,Q18088640,resolved by sex
6000000203768239911,María,M,Q109785195,resolved by sex
6000000203768239911,María,M,Q109785195,resolved by sex
6000000203787261088,María,F,Q18088640,resolved by sex
6000000203787261103,María,F,Q18088640,resolved by sex
6000000203787261112,María,F,Q18088640,resolved by sex
6000000203787261156,María,F,Q18088640,resolved by sex
6000000203787261160,María,F,Q18088640,resolved by sex
6000000203787261178,María,M,Q109785195,resolved by sex
6000000203787287251,María,F,Q18088640,resolved by sex
6000000203787287256,María,F,Q18088640,resolved by sex
6000000203787287282,María,F,Q18088640,resolved by sex
6000000203787287287,María,F,Q18088640,resolved by sex
6000000203787874027,María,F,Q18088640,resolved by sex
6000000203963086859,María,F,Q18088640,resolved by sex
6000000203973324268,María,F,Q18088640,resolved by sex
6000000203973324312,María,F,Q18088640,resolved by sex
6000000203973324353,María,F,Q18088640,resolved by sex
6000000203973324379,María,F,Q18088640,resolved by sex
6000000203973324389,María,F,Q18088640,resolved by sex
6000000203973324398,María,F,Q18088640,resolved by sex
6000000203973324478,María,F,Q18088640,resolved by sex
6000000203973324551,María,F,Q18088640,resolved by sex
6000000203973324556,María,F,Q18088640,resolved by sex
6000000203973324561,María,F,Q18088640,resolved by sex
6000000203973324571,María,F,Q18088640,resolved by sex
6000000203973324576,María,M,Q109785195,resolved by sex
6000000203973324581,María,F,Q18088640,resolved by sex
6000000203973324586,María,F,Q18088640,resolved by sex
6000000203973324601,María,F,Q18088640,resolved by sex
6000000203973324632,María,F,Q18088640,resolved by sex
6000000203973324636,María,F,Q18088640,resolved by sex
6000000203973324640,María,M,Q109785195,resolved by sex
6000000203974023277,María,F,Q18088640,resolved by sex
6000000204237663886,María,F,Q18088640,resolved by sex
6000000204237663886,María,F,Q18088640,resolved by sex
6000000204302794841,María,F,Q18088640,resolved by sex
6000000204497088873,María,F,Q18088640,resolved by sex
6000000204499377835,María,F,Q18088640,resolved by sex
6000000204500370014,María,F,Q18088640,resolved by sex
6000000204516223113,María,F,Q18088640,resolved by sex
6000000204538326065,María,F,Q18088640,resolved by sex
6000000204555597305,María,F,Q18088640,resolved by sex
6000000204609409837,María,F,Q18088640,resolved by sex
6000000204609409837,María,F,Q18088640,resolved by sex
6000000204672276822,María,F,Q18088640,resolved by sex
6000000204678423840,María,F,Q18088640,resolved by sex
6000000204908275454,María,F,Q18088640,resolved by sex
6000000204939203867,María,F,Q18088640,resolved by sex
6000000205037274574,María,F,Q18088640,resolved by sex
6000000205037274621,María,F,Q18088640,resolved by sex
6000000205161996243,María,F,Q18088640,resolved by sex
6000000205169809316,María,F,Q18088640,resolved by sex
6000000205169809359,María,F,Q18088640,resolved by sex
6000000205170662126,María,F,Q18088640,resolved by sex
6000000205238262821,María,F,Q18088640,resolved by sex
6000000205238262821,María,F,Q18088640,resolved by sex
6000000205239971876,María,F,Q18088640,resolved by sex
6000000205239971876,María,F,Q18088640,resolved by sex
6000000205241429457,María,F,Q18088640,resolved by sex
6000000205241578374,María,F,Q18088640,resolved by sex
6000000205241578462,María,F,Q18088640,resolved by sex
6000000205272457218,María,F,Q18088640,resolved by sex
6000000205272457229,María,F,Q18088640,resolved by sex
6000000205272457242,María,F,Q18088640,resolved by sex
6000000205282703456,María,F,Q18088640,resolved by sex
6000000205282703489,María,F,Q18088640,resolved by sex
6000000205343757864,María,F,Q18088640,resolved by sex
6000000205343757876,María,M,Q109785195,resolved by sex
6000000205350958157,María,F,Q18088640,resolved by sex
6000000205350958205,María,F,Q18088640,resolved by sex
6000000205355143582,María,F,Q18088640,resolved by sex
6000000205362629732,María,F,Q18088640,resolved by sex
6000000205389656195,María,F,Q18088640,resolved by sex
6000000205389656212,María,F,Q18088640,resolved by sex
6000000205389656250,María,F,Q18088640,resolved by sex
6000000205389656255,María,F,Q18088640,resolved by sex
6000000205389656264,María,F,Q18088640,resolved by sex
6000000205522920827,María,F,Q18088640,resolved by sex
6000000206414088831,María,F,Q18088640,resolved by sex
6000000206414088831,María,F,Q18088640,resolved by sex
6000000206797156704,María,F,Q18088640,resolved by sex
6000000206847074860,María,F,Q18088640,resolved by sex
6000000206847074860,María,F,Q18088640,resolved by sex
6000000206869882855,María,M,Q109785195,resolved by sex
6000000206869882855,María,M,Q109785195,resolved by sex
6000000207371421841,María,F,Q18088640,resolved by sex
6000000207371538868,María,F,Q18088640,resolved by sex
6000000207709308162,María,F,Q18088640,resolved by sex
6000000207709308186,María,F,Q18088640,resolved by sex
6000000207709308206,María,F,Q18088640,resolved by sex
6000000207911485047,María,F,Q18088640,resolved by sex
6000000207964058131,María,F,Q18088640,resolved by sex
6000000207999194312,María,F,Q18088640,resolved by sex
6000000207999194322,María,F,Q18088640,resolved by sex
6000000208007148507,María,F,Q18088640,resolved by sex
6000000208014583186,María,F,Q18088640,resolved by sex
6000000208167449874,María,F,Q18088640,resolved by sex
6000000208462231036,María,F,Q18088640,resolved by sex
6000000208470245381,María,F,Q18088640,resolved by sex
6000000208490423488,María,F,Q18088640,resolved by sex
6000000208493301107,María,F,Q18088640,resolved by sex
6000000208542734205,María,F,Q18088640,resolved by sex
6000000208543409848,María,F,Q18088640,resolved by sex
6000000208543465950,María,F,Q18088640,resolved by sex
6000000208806646822,María,F,Q18088640,resolved by sex
6000000208806646822,María,F,Q18088640,resolved by sex
6000000209899900823,María,F,Q18088640,resolved by sex
6000000209899900823,María,F,Q18088640,resolved by sex
6000000209901295821,María,F,Q18088640,resolved by sex
6000000209901295821,María,F,Q18088640,resolved by sex
6000000209924845391,María,F,Q18088640,resolved by sex
6000000209924845411,María,F,Q18088640,resolved by sex
6000000210915544871,María,M,Q109785195,resolved by sex
6000000210915544871,María,M,Q109785195,resolved by sex
6000000211064525821,María,F,Q18088640,resolved by sex
6000000211064525821,María,F,Q18088640,resolved by sex
6000000211301250822,María,F,Q18088640,resolved by sex
6000000211301250822,María,F,Q18088640,resolved by sex
6000000212777052824,María,F,Q18088640,resolved by sex
6000000212777052824,María,F,Q18088640,resolved by sex
6000000212807521821,María,F,Q18088640,resolved by sex
6000000212807521821,María,F,Q18088640,resolved by sex
6000000212808048822,María,F,Q18088640,resolved by sex
6000000212808048822,María,F,Q18088640,resolved by sex
6000000212808452833,María,F,Q18088640,resolved by sex
6000000212808452833,María,F,Q18088640,resolved by sex
6000000213582052856,María,F,Q18088640,resolved by sex
6000000214099988821,María,F,Q18088640,resolved by sex
6000000214100994828,María,F,Q18088640,resolved by sex
6000000214101204829,María,M,Q109785195,resolved by sex
6000000214156254835,María,F,Q18088640,resolved by sex
6000000214198453823,María,F,Q18088640,resolved by sex
6000000214314396821,María,F,Q18088640,resolved by sex
6000000214314396821,María,F,Q18088640,resolved by sex
6000000214550785836,María,F,Q18088640,resolved by sex
6000000214550785836,María,F,Q18088640,resolved by sex
6000000215052484832,María,F,Q18088640,resolved by sex
6000000215052484832,María,F,Q18088640,resolved by sex
6000000216806368445,María,F,Q18088640,resolved by sex
6000000216806368492,María,F,Q18088640,resolved by sex
6000000216806368520,María,F,Q18088640,resolved by sex
6000000217794796835,María,F,Q18088640,resolved by sex
6000000220074038863,María,F,Q18088640,resolved by sex
6000000220077875855,María,F,Q18088640,resolved by sex
6000000220077875855,María,F,Q18088640,resolved by sex
6000000220324512928,María,F,Q18088640,resolved by sex
6000000220324512928,María,F,Q18088640,resolved by sex
6000000220324593842,María,F,Q18088640,resolved by sex
6000000220324593842,María,F,Q18088640,resolved by sex
6000000220741559823,María,F,Q18088640,resolved by sex
6000000220741559823,María,F,Q18088640,resolved by sex
6000000221275516938,María,F,Q18088640,resolved by sex
6000000221289492888,María,F,Q18088640,resolved by sex
6000000221634653900,María,F,Q18088640,resolved by sex
6000000221692478856,María,F,Q18088640,resolved by sex
6000000221767569840,María,F,Q18088640,resolved by sex
6000000221813846886,María,F,Q18088640,resolved by sex
6000000221813925874,María,F,Q18088640,resolved by sex
6000000221980222840,María,F,Q18088640,resolved by sex
6000000221980222840,María,F,Q18088640,resolved by sex
6000000222865672698,María,F,Q18088640,resolved by sex
6000000222909905975,María,F,Q18088640,resolved by sex
6000000223231427970,María,F,Q18088640,resolved by sex
6000000223232462083,María,F,Q18088640,resolved by sex
6000000223356897597,María,F,Q18088640,resolved by sex
6000000223522635340,María,F,Q18088640,resolved by sex
6000000223571608859,María,F,Q18088640,resolved by sex
6000000223582601518,María,F,Q18088640,resolved by sex
6000000223691841725,María,F,Q18088640,resolved by sex
6000000223710501638,María,F,Q18088640,resolved by sex
6000000223775505533,María,F,Q18088640,resolved by sex
6000000223775505590,María,F,Q18088640,resolved by sex
6000000223775507944,María,F,Q18088640,resolved by sex
6000000223789426856,María,F,Q18088640,resolved by sex
6000000223789477181,María,F,Q18088640,resolved by sex
6000000223803725213,María,F,Q18088640,resolved by sex
6000000223806987150,María,F,Q18088640,resolved by sex
6000000223808665102,María,F,Q18088640,resolved by sex
6000000223808932110,María,F,Q18088640,resolved by sex
6000000223825078897,María,F,Q18088640,resolved by sex
6000000223825078930,María,F,Q18088640,resolved by sex
6000000223868269528,María,F,Q18088640,resolved by sex
6000000223868269538,María,F,Q18088640,resolved by sex
6000000223873447844,María,F,Q18088640,resolved by sex
6000000224812103243,María,F,Q18088640,resolved by sex
6000000224812394278,María,F,Q18088640,resolved by sex
6000000225388264855,María,F,Q18088640,resolved by sex
6000000225411441831,María,F,Q18088640,resolved by sex
6000000225411441831,María,F,Q18088640,resolved by sex
6000000225411453834,María,F,Q18088640,resolved by sex
6000000225411453834,María,F,Q18088640,resolved by sex
6000000225448674942,María,F,Q18088640,resolved by sex
6000000226243806909,María,F,Q18088640,resolved by sex
6000000226503747904,María,F,Q18088640,resolved by sex
6000000226881675860,María,F,Q18088640,resolved by sex
6000000226881675860,María,F,Q18088640,resolved by sex
6000000226881692826,María,F,Q18088640,resolved by sex
6000000226881692826,María,F,Q18088640,resolved by sex
6000000227006930829,María,F,Q18088640,resolved by sex
6000000005382654256,Michal,F,Q104771451,resolved by sex
6000000005441941047,Michal,M,Q18563993,resolved by sex
6000000006835930087,Michal,M,Q18563993,resolved by sex
6000000007258866454,Michal,M,Q18563993,resolved by sex
6000000008914000391,Michal,F,Q104771451,resolved by sex
6000000009129005003,Michal,M,Q18563993,resolved by sex
6000000010048645068,Michal,M,Q18563993,resolved by sex
6000000011091232355,Michal,M,Q18563993,resolved by sex
6000000011314185391,Michal,F,Q104771451,resolved by sex
6000000012481885973,Michal,M,Q18563993,resolved by sex
6000000016566310411,Michal,F,Q104771451,resolved by sex
6000000016831411145,Michal,F,Q104771451,resolved by sex
6000000028266382812,Michal,M,Q18563993,resolved by sex
6000000037195911979,Michal,M,Q18563993,resolved by sex
6000000038685350376,Michal,F,Q104771451,resolved by sex
6000000043048312210,Michal,F,Q104771451,resolved by sex
6000000046230017946,Michal,M,Q18563993,resolved by sex
6000000047348643962,Michal,M,Q18563993,resolved by sex
6000000071661378830,Michal,M,Q18563993,resolved by sex
6000000088016260906,Michal,M,Q18563993,resolved by sex
6000000088016260906,Michal,M,Q18563993,resolved by sex
6000000175598930824,Michal,M,Q18563993,resolved by sex
6000000219300533233,Michal,M,Q18563993,resolved by sex
6000000002188409493,Michele,M,Q18620536,resolved by sex
6000000006274198095,Michele,M,Q18620536,resolved by sex
6000000006283846358,Michele,M,Q18620536,resolved by sex
6000000006843386369,Michele,F,Q18620539,resolved by sex
6000000015818304416,Michele,M,Q18620536,resolved by sex
6000000018268004010,Michele,F,Q18620539,resolved by sex
6000000019801339738,Michele,M,Q18620536,resolved by sex
6000000032090618993,Michele,F,Q18620539,resolved by sex
6000000036205799860,Michele,M,Q18620536,resolved by sex
6000000063809340821,Michele,F,Q18620539,resolved by sex
6000000065462205868,Michele,M,Q18620536,resolved by sex
6000000068320615846,Michele,M,Q18620536,resolved by sex
6000000092490928828,Michele,M,Q18620536,resolved by sex
6000000112862483106,Michele,M,Q18620536,resolved by sex
6000000129867386822,Michele,F,Q18620539,resolved by sex
6000000173234048975,Michele,M,Q18620536,resolved by sex
6000000175606835898,Michele,M,Q18620536,resolved by sex
6000000175606835898,Michele,M,Q18620536,resolved by sex
6000000187330386834,Michele,M,Q18620536,resolved by sex
6000000207905126822,Michele,M,Q18620536,resolved by sex
6000000178440463896,Miho,M,Q101413235,resolved by sex
6000000223419798833,Miho,M,Q101413235,resolved by sex
6000000000416707583,Mills,M,Q16279484,resolved by sex
6000000006101401741,Mills,M,Q16279484,resolved by sex
6000000015224731682,Mills,M,Q16279484,resolved by sex
6000000180572766054,Mills,M,Q16279484,resolved by sex
6000000047393377223,Mirian,M,Q48979362,resolved by sex
6000000171736751239,Mirian,M,Q48979362,resolved by sex
6000000002796958374,Montgomery,M,Q1407764,resolved by sex
6000000004379700424,Montgomery,M,Q1407764,resolved by sex
6000000009244898024,Montgomery,M,Q1407764,resolved by sex
6000000035543162431,Montgomery,F,Q130747820,resolved by sex
6000000065024789560,Montgomery,M,Q1407764,resolved by sex
6000000065137682825,Montgomery,M,Q1407764,resolved by sex
6000000173886471401,Montgomery,M,Q1407764,resolved by sex
6000000221473463867,Montgomery,M,Q1407764,resolved by sex
6000000013444134625,Morley,M,Q45368654,no recorded sex; generic given-name item
6000000016252228612,Morley,M,Q45368654,no recorded sex; generic given-name item
6000000053352758029,Morley,M,Q45368654,no recorded sex; generic given-name item
6000000000266809396,Murrough,M,Q115305232,resolved by sex
6000000008248294225,Murrough,M,Q115305232,resolved by sex
6000000050634827849,Nesta,F,Q59490070,resolved by sex
6000000001510510478,Noel,M,Q261113,resolved by sex
6000000008223958545,Noel,M,Q261113,resolved by sex
6000000008433851563,Noel,M,Q261113,resolved by sex
6000000008514697876,Noel,M,Q261113,resolved by sex
6000000016315308586,Noel,M,Q261113,resolved by sex
6000000035549023284,Noel,M,Q261113,resolved by sex
6000000038024578336,Noel,F,Q104212712,resolved by sex
6000000050650155828,Noel,M,Q261113,resolved by sex
6000000051857570195,Noel,M,Q261113,resolved by sex
6000000056656654941,Noel,F,Q104212712,resolved by sex
6000000181195659089,Noel,M,Q261113,resolved by sex
6000000204950023110,Noel,M,Q261113,resolved by sex
6000000206158132842,Noel,M,Q261113,resolved by sex
6000000207257845945,Noel,M,Q261113,resolved by sex
6000000006901276233,Olli,M,Q18760926,resolved by sex
6000000010661820524,Olli,M,Q18760926,resolved by sex
6000000013394214983,Olli,M,Q18760926,resolved by sex
6000000022969556873,Olli,M,Q18760926,resolved by sex
6000000042532363113,Olli,M,Q18760926,resolved by sex
6000000188048503872,Olli,M,Q18760926,resolved by sex
6000000226288625859,Olli,M,Q18760926,resolved by sex
6000000001510510540,Orla,M,Q23308522,resolved by sex
287641706910003641,Otter,M,Q112155701,resolved by sex
6000000003135566801,Otter,M,Q112155701,resolved by sex
6000000005441068566,Otter,M,Q112155701,resolved by sex
6000000007369729919,Otter,M,Q112155701,resolved by sex
6000000010736989695,Otter,M,Q112155701,resolved by sex
6000000011180328432,Otter,M,Q112155701,resolved by sex
6000000011180681498,Otter,M,Q112155701,resolved by sex
6000000013492035315,Otter,M,Q112155701,resolved by sex
6000000014029967679,Otter,M,Q112155701,resolved by sex
6000000014234422348,Otter,M,Q112155701,resolved by sex
6000000014746684918,Otter,M,Q112155701,resolved by sex
6000000019762827709,Otter,M,Q112155701,resolved by sex
6000000020704955277,Otter,M,Q112155701,resolved by sex
6000000023142277946,Otter,M,Q112155701,resolved by sex
6000000023143096870,Otter,M,Q112155701,resolved by sex
6000000026462544546,Otter,M,Q112155701,resolved by sex
6000000026462555649,Otter,M,Q112155701,resolved by sex
6000000029326068221,Otter,M,Q112155701,resolved by sex
6000000041228086590,Otter,M,Q112155701,resolved by sex
6000000044091345117,Otter,M,Q112155701,resolved by sex
6000000046798112094,Otter,M,Q112155701,resolved by sex
6000000049497932856,Otter,M,Q112155701,resolved by sex
6000000062595259069,Otter,M,Q112155701,resolved by sex
6000000080999761971,Otter,M,Q112155701,resolved by sex
6000000088835133932,Otter,M,Q112155701,resolved by sex
6000000089635386830,Otter,M,Q112155701,resolved by sex
6000000092598075959,Otter,M,Q112155701,resolved by sex
6000000119569619915,Otter,M,Q112155701,resolved by sex
6000000127271129838,Otter,M,Q112155701,resolved by sex
6000000146546039957,Otter,M,Q112155701,resolved by sex
6000000173170118571,Otter,M,Q112155701,resolved by sex
6000000173171824823,Otter,M,Q112155701,resolved by sex
6000000184437681835,Otter,M,Q112155701,resolved by sex
6000000215634349829,Otter,M,Q112155701,resolved by sex
6000000001959035507,Paris,F,Q16423586,resolved by sex
6000000007821805556,Paris,F,Q16423586,resolved by sex
6000000011803258686,Paris,M,Q140697105,resolved by sex
6000000016538266593,Paris,M,Q140697105,resolved by sex
6000000024171554736,Paris,F,Q16423586,resolved by sex
6000000041326393416,Paris,M,Q140697105,resolved by sex
6000000016328334902,Pepi,M,Q23443575,resolved by sex
6000000016328756567,Pepi,M,Q23443575,resolved by sex
6000000017679870060,Pepi,F,Q23444609,resolved by sex
6000000023871623021,Pepi,F,Q23444609,resolved by sex
6000000029812698208,Pepi,M,Q23443575,resolved by sex
6000000030939776833,Pepi,F,Q23444609,resolved by sex
6000000047324846853,Pepi,M,Q23443575,resolved by sex
6000000047324888861,Pepi,M,Q23443575,resolved by sex
6000000066674510832,Pepi,F,Q23444609,resolved by sex
6000000009700236779,RAY,M,Q2133832,resolved by sex
321924512670006340,RAy,F,Q119007150,resolved by sex
4425467010400127296,RAy,F,Q119007150,resolved by sex
4429317325660056118,RAy,F,Q119007150,resolved by sex
6000000001592434101,RAy,F,Q119007150,resolved by sex
6000000003223664004,RAy,F,Q119007150,resolved by sex
6000000003224189578,RAy,F,Q119007150,resolved by sex
6000000003224621881,RAy,F,Q119007150,resolved by sex
6000000003225026210,RAy,F,Q119007150,resolved by sex
6000000003225081683,RAy,F,Q119007150,resolved by sex
6000000003225138504,RAy,F,Q119007150,resolved by sex
6000000003225432479,RAy,F,Q119007150,resolved by sex
6000000003225479501,RAy,F,Q119007150,resolved by sex
6000000003225518552,RAy,F,Q119007150,resolved by sex
6000000003225526814,RAy,F,Q119007150,resolved by sex
6000000003225579389,RAy,F,Q119007150,resolved by sex
6000000003225621630,RAy,F,Q119007150,resolved by sex
6000000003225860810,RAy,F,Q119007150,resolved by sex
6000000003225987253,RAy,F,Q119007150,resolved by sex
6000000003226019043,RAy,F,Q119007150,resolved by sex
6000000003226019973,RAy,F,Q119007150,resolved by sex
6000000003226235101,RAy,F,Q119007150,resolved by sex
6000000003371289572,RAy,F,Q119007150,resolved by sex
6000000003706845677,RAy,F,Q119007150,resolved by sex
6000000003707045879,RAy,F,Q119007150,resolved by sex
6000000003707253722,RAy,F,Q119007150,resolved by sex
6000000003707254643,RAy,F,Q119007150,resolved by sex
6000000003707295527,RAy,F,Q119007150,resolved by sex
6000000003707312086,RAy,F,Q119007150,resolved by sex
6000000003707337809,RAy,F,Q119007150,resolved by sex
6000000003707486780,RAy,F,Q119007150,resolved by sex
6000000003707512342,RAy,F,Q119007150,resolved by sex
6000000003707571088,RAy,F,Q119007150,resolved by sex
6000000003707757279,RAy,F,Q119007150,resolved by sex
6000000003760872179,RAy,F,Q119007150,resolved by sex
6000000003761301898,RAy,F,Q119007150,resolved by sex
6000000003761336833,RAy,F,Q119007150,resolved by sex
6000000003761443494,RAy,F,Q119007150,resolved by sex
6000000003761500878,RAy,F,Q119007150,resolved by sex
6000000003761502839,RAy,F,Q119007150,resolved by sex
6000000003761545344,RAy,F,Q119007150,resolved by sex
6000000003761553110,RAy,F,Q119007150,resolved by sex
6000000003786387875,RAy,F,Q119007150,resolved by sex
6000000003786414549,RAy,F,Q119007150,resolved by sex
6000000003786431815,RAy,F,Q119007150,resolved by sex
6000000003786435493,RAy,F,Q119007150,resolved by sex
6000000003786447380,RAy,F,Q119007150,resolved by sex
6000000003786540013,RAy,F,Q119007150,resolved by sex
6000000004153401770,RAy,F,Q119007150,resolved by sex
6000000009715534378,RAy,F,Q119007150,resolved by sex
6000000011640221250,RAy,F,Q119007150,resolved by sex
6000000021861362426,RAy,F,Q119007150,resolved by sex
6000000027360374307,RAy,F,Q119007150,resolved by sex
6000000027509791746,RAy,F,Q119007150,resolved by sex
6000000027509964710,RAy,F,Q119007150,resolved by sex
6000000027510047324,RAy,F,Q119007150,resolved by sex
6000000027510246088,RAy,F,Q119007150,resolved by sex
6000000027510468114,RAy,F,Q119007150,resolved by sex
6000000027510491916,RAy,F,Q119007150,resolved by sex
6000000027511061287,RAy,F,Q119007150,resolved by sex
6000000029541452300,RAy,F,Q119007150,resolved by sex
6000000029541917411,RAy,F,Q119007150,resolved by sex
6000000029541977060,RAy,F,Q119007150,resolved by sex
6000000030101838539,RAy,F,Q119007150,resolved by sex
6000000030102674903,RAy,F,Q119007150,resolved by sex
6000000030102934606,RAy,F,Q119007150,resolved by sex
6000000030103059364,RAy,F,Q119007150,resolved by sex
6000000030130114303,RAy,F,Q119007150,resolved by sex
6000000030249618975,RAy,F,Q119007150,resolved by sex
6000000033067169864,RAy,F,Q119007150,resolved by sex
6000000033067169864,RAy,F,Q119007150,resolved by sex
6000000033067169864,RAy,F,Q119007150,resolved by sex
6000000033115682583,RAy,F,Q119007150,resolved by sex
6000000033116173301,RAy,F,Q119007150,resolved by sex
6000000033146835507,RAy,F,Q119007150,resolved by sex
6000000033150202706,RAy,F,Q119007150,resolved by sex
6000000035435400180,RAy,F,Q119007150,resolved by sex
6000000035454394924,RAy,F,Q119007150,resolved by sex
6000000035454879992,RAy,F,Q119007150,resolved by sex
6000000035669635966,RAy,F,Q119007150,resolved by sex
6000000035767416141,RAy,F,Q119007150,resolved by sex
6000000038342114778,RAy,F,Q119007150,resolved by sex
6000000043464245020,RAy,F,Q119007150,resolved by sex
6000000047850601430,RAy,F,Q119007150,resolved by sex
6000000051891389004,RAy,F,Q119007150,resolved by sex
6000000062658917937,RAy,F,Q119007150,resolved by sex
6000000062830390297,RAy,F,Q119007150,resolved by sex
6000000062831485926,RAy,F,Q119007150,resolved by sex
6000000062845266873,RAy,F,Q119007150,resolved by sex
6000000062855519831,RAy,F,Q119007150,resolved by sex
6000000062893100821,RAy,F,Q119007150,resolved by sex
6000000062936543227,RAy,F,Q119007150,resolved by sex
6000000062936938849,RAy,F,Q119007150,resolved by sex
6000000062937738852,RAy,F,Q119007150,resolved by sex
6000000063223453281,RAy,F,Q119007150,resolved by sex
6000000063226398935,RAy,F,Q119007150,resolved by sex
6000000063226549859,RAy,F,Q119007150,resolved by sex
6000000063226755833,RAy,F,Q119007150,resolved by sex
6000000063293509033,RAy,F,Q119007150,resolved by sex
6000000063293570218,RAy,F,Q119007150,resolved by sex
6000000063293599977,RAy,F,Q119007150,resolved by sex
6000000063293919848,RAy,F,Q119007150,resolved by sex
6000000063294471928,RAy,F,Q119007150,resolved by sex
6000000063294585833,RAy,F,Q119007150,resolved by sex
6000000063455770958,RAy,F,Q119007150,resolved by sex
6000000063455955895,RAy,F,Q119007150,resolved by sex
6000000063456037872,RAy,F,Q119007150,resolved by sex
6000000063928433130,RAy,F,Q119007150,resolved by sex
6000000063928612032,RAy,F,Q119007150,resolved by sex
6000000063928942843,RAy,F,Q119007150,resolved by sex
6000000063928948855,RAy,F,Q119007150,resolved by sex
6000000063928980833,RAy,F,Q119007150,resolved by sex
6000000063929779891,RAy,F,Q119007150,resolved by sex
6000000067842852544,RAy,F,Q119007150,resolved by sex
6000000101757112821,RAy,F,Q119007150,resolved by sex
6000000101757285821,RAy,F,Q119007150,resolved by sex
6000000101757540821,RAy,F,Q119007150,resolved by sex
6000000101758565821,RAy,F,Q119007150,resolved by sex
6000000101758851821,RAy,F,Q119007150,resolved by sex
6000000101760013835,RAy,F,Q119007150,resolved by sex
6000000001510499727,Ray,F,Q119007150,resolved by sex
6000000001510517769,Ray,M,Q2133832,resolved by sex
6000000002245669499,Ray,M,Q2133832,resolved by sex
6000000003974406971,Ray,M,Q2133832,resolved by sex
6000000010453965159,Ray,M,Q2133832,resolved by sex
6000000011301706339,Ray,M,Q2133832,resolved by sex
6000000012432519645,Ray,M,Q2133832,resolved by sex
6000000015039012589,Ray,M,Q2133832,resolved by sex
6000000017337787001,Ray,M,Q2133832,resolved by sex
6000000018456467551,Ray,M,Q2133832,resolved by sex
6000000024406063095,Ray,M,Q2133832,resolved by sex
6000000024599827257,Ray,M,Q2133832,resolved by sex
6000000037744575862,Ray,M,Q2133832,resolved by sex
6000000041078149457,Ray,F,Q119007150,resolved by sex
6000000041512353608,Ray,M,Q2133832,resolved by sex
6000000043847027843,Ray,M,Q2133832,resolved by sex
6000000064938009839,Ray,M,Q2133832,resolved by sex
6000000080545701368,Ray,M,Q2133832,resolved by sex
6000000082588927843,Ray,F,Q119007150,resolved by sex
6000000102919552857,Ray,M,Q2133832,resolved by sex
6000000117050045258,Ray,M,Q2133832,resolved by sex
6000000125972461833,Ray,M,Q2133832,resolved by sex
6000000201952909834,Ray,M,Q2133832,resolved by sex
6000000203013182939,Ray,M,Q2133832,resolved by sex
6000000206102683865,Ray,M,Q2133832,resolved by sex
6000000223056597109,Ray,M,Q2133832,resolved by sex
6000000224205112166,Ray,M,Q2133832,resolved by sex
6000000226829486863,Ray,F,Q119007150,resolved by sex
1788100,Rene,M,Q19827830,resolved by sex
4825621524310082796,Rene,M,Q19827830,resolved by sex
5414867360670067670,Rene,M,Q19827830,resolved by sex
6000000002686999923,Rene,M,Q19827830,resolved by sex
6000000008197207617,Rene,M,Q19827830,resolved by sex
6000000021596672461,Rene,M,Q19827830,resolved by sex
6000000027873473018,Rene,M,Q19827830,resolved by sex
6000000040109592195,Rene,M,Q19827830,resolved by sex
6000000075431365840,Rene,M,Q19827830,resolved by sex
6000000082529650440,Rene,M,Q19827830,resolved by sex
6000000192697785823,Rene,F,Q98651602,resolved by sex
6000000173422349669,Romi,M,Q12800400,resolved by sex
5247794732230104914,Salamah,F,Q64681698,resolved by sex (unisex; no item for that sex)
5273521473540046404,Salamah,F,Q64681698,resolved by sex (unisex; no item for that sex)
6000000000297409856,Salamah,F,Q64681698,resolved by sex (unisex; no item for that sex)
6000000001426407874,Salamah,F,Q64681698,resolved by sex (unisex; no item for that sex)
6000000001487980234,Salamah,F,Q64681698,resolved by sex (unisex; no item for that sex)
6000000005039193515,Salamah,F,Q64681698,resolved by sex (unisex; no item for that sex)
6000000006450113430,Salamah,F,Q64681698,resolved by sex (unisex; no item for that sex)
6000000008045505591,Salamah,F,Q64681698,resolved by sex (unisex; no item for that sex)
6000000008352063212,Salamah,F,Q64681698,resolved by sex (unisex; no item for that sex)
6000000010042946742,Salamah,F,Q64681698,resolved by sex (unisex; no item for that sex)
6000000010099475517,Salamah,F,Q64681698,resolved by sex (unisex; no item for that sex)
6000000013582656545,Salamah,F,Q64681698,resolved by sex (unisex; no item for that sex)
6000000020176662792,Salamah,F,Q64681698,resolved by sex (unisex; no item for that sex)
6000000027239328452,Salamah,F,Q64681698,resolved by sex (unisex; no item for that sex)
6000000035281001699,Salamah,M,Q116365265,resolved by sex
6000000038326164932,Salamah,F,Q64681698,resolved by sex (unisex; no item for that sex)
6000000039178692687,Salamah,F,Q64681698,resolved by sex (unisex; no item for that sex)
6000000062834835000,Salamah,F,Q64681698,resolved by sex (unisex; no item for that sex)
6000000063293509033,Salamah,F,Q64681698,resolved by sex (unisex; no item for that sex)
6000000189532003835,Salamah,F,Q64681698,resolved by sex (unisex; no item for that sex)
6000000189864437823,Salamah,F,Q64681698,resolved by sex (unisex; no item for that sex)
6000000190026086874,Salamah,F,Q64681698,resolved by sex (unisex; no item for that sex)
6000000191370449849,Salamah,M,Q116365265,resolved by sex
6000000191446925821,Salamah,F,Q64681698,resolved by sex (unisex; no item for that sex)
6000000193620603829,Salamah,F,Q64681698,resolved by sex (unisex; no item for that sex)
6000000194466772821,Salamah,F,Q64681698,resolved by sex (unisex; no item for that sex)
6000000194481632835,Salamah,F,Q64681698,resolved by sex (unisex; no item for that sex)
6000000194567595823,Salamah,F,Q64681698,resolved by sex (unisex; no item for that sex)
6000000201512963825,Salamah,F,Q64681698,resolved by sex (unisex; no item for that sex)
6000000207036646850,Salamah,F,Q64681698,resolved by sex (unisex; no item for that sex)
6000000215116910853,Salamah,F,Q64681698,resolved by sex (unisex; no item for that sex)
6000000216122552823,Salamah,F,Q64681698,resolved by sex (unisex; no item for that sex)
6000000218119116839,Salamah,F,Q64681698,resolved by sex (unisex; no item for that sex)
6000000220854294909,Salamah,M,Q116365265,resolved by sex
6000000224882340835,Salamah,M,Q116365265,resolved by sex
6000000226741952895,Salamah,M,Q116365265,resolved by sex
6000000226775808860,Salamah,M,Q116365265,resolved by sex
6000000226784850831,Salamah,M,Q116365265,resolved by sex
6000000227040163844,Salamah,M,Q116365265,resolved by sex
6000000227148554861,Salamah,M,Q116365265,resolved by sex
6000000002765673047,Sali,F,Q66740990,resolved by sex
6000000004064337493,Sali,F,Q66740990,resolved by sex
6000000009329734750,Sali,F,Q66740990,resolved by sex
6000000010621054101,Sali,M,Q96653822,resolved by sex
6000000014935647122,Sali,M,Q96653822,resolved by sex
6000000016170205111,Sali,M,Q96653822,resolved by sex
6000000033524340137,Sali,M,Q96653822,resolved by sex
6000000045720563034,Sali,F,Q66740990,resolved by sex
6000000053746664918,Sali,M,Q96653822,resolved by sex
6000000080759347842,Sali,M,Q96653822,resolved by sex
6000000167772507822,Sali,M,Q96653822,resolved by sex
6000000192662458830,Sali,M,Q96653822,resolved by sex
6000000193688209821,Sali,M,Q96653822,resolved by sex
1667974,Sally,F,Q19816532,resolved by sex
3367971,Sally,M,Q107183194,resolved by sex
6000000000436777032,Sally,F,Q19816532,resolved by sex
6000000001169638125,Sally,F,Q19816532,resolved by sex
6000000001510466116,Sally,F,Q19816532,resolved by sex
6000000001510494979,Sally,F,Q19816532,resolved by sex
6000000001510504342,Sally,F,Q19816532,resolved by sex
6000000001794809507,Sally,F,Q19816532,resolved by sex
6000000001959348696,Sally,F,Q19816532,resolved by sex
6000000002073519239,Sally,F,Q19816532,resolved by sex
6000000002699070555,Sally,F,Q19816532,resolved by sex
6000000002764388670,Sally,F,Q19816532,resolved by sex
6000000002802315802,Sally,F,Q19816532,resolved by sex
6000000002860931306,Sally,F,Q19816532,resolved by sex
6000000002950541173,Sally,F,Q19816532,resolved by sex
6000000003077512592,Sally,F,Q19816532,resolved by sex
6000000003194532902,Sally,M,Q107183194,resolved by sex
6000000003272300338,Sally,F,Q19816532,resolved by sex
6000000003940887686,Sally,F,Q19816532,resolved by sex
6000000004046549070,Sally,F,Q19816532,resolved by sex
6000000004986294224,Sally,F,Q19816532,resolved by sex
6000000005229611692,Sally,F,Q19816532,resolved by sex
6000000005366557932,Sally,F,Q19816532,resolved by sex
6000000005415329612,Sally,F,Q19816532,resolved by sex
6000000006262478473,Sally,F,Q19816532,resolved by sex
6000000006330675305,Sally,F,Q19816532,resolved by sex
6000000006439859973,Sally,M,Q107183194,resolved by sex
6000000006943958246,Sally,M,Q107183194,resolved by sex
6000000006944073240,Sally,M,Q107183194,resolved by sex
6000000007273253584,Sally,F,Q19816532,resolved by sex
6000000007273387607,Sally,F,Q19816532,resolved by sex
6000000007689932536,Sally,F,Q19816532,resolved by sex
6000000008056408312,Sally,M,Q107183194,resolved by sex
6000000008427098695,Sally,F,Q19816532,resolved by sex
6000000009335412321,Sally,F,Q19816532,resolved by sex
6000000009617674882,Sally,F,Q19816532,resolved by sex
6000000010293372598,Sally,F,Q19816532,resolved by sex
6000000010647750867,Sally,F,Q19816532,resolved by sex
6000000010874457801,Sally,M,Q107183194,resolved by sex
6000000011059566044,Sally,F,Q19816532,resolved by sex
6000000011422947767,Sally,M,Q107183194,resolved by sex
6000000011422947767,Sally,M,Q107183194,resolved by sex
6000000011644298555,Sally,F,Q19816532,resolved by sex
6000000013603000030,Sally,F,Q19816532,resolved by sex
6000000014170391651,Sally,F,Q19816532,resolved by sex
6000000014644190161,Sally,F,Q19816532,resolved by sex
6000000014646784124,Sally,F,Q19816532,resolved by sex
6000000015479543313,Sally,M,Q107183194,resolved by sex
6000000015589627486,Sally,M,Q107183194,resolved by sex
6000000015738199379,Sally,F,Q19816532,resolved by sex
6000000016720649227,Sally,M,Q107183194,resolved by sex
6000000016720649227,Sally,M,Q107183194,resolved by sex
6000000017673115870,Sally,F,Q19816532,resolved by sex
6000000018252356263,Sally,M,Q107183194,resolved by sex
6000000018281725941,Sally,F,Q19816532,resolved by sex
6000000018281935538,Sally,F,Q19816532,resolved by sex
6000000018380289974,Sally,F,Q19816532,resolved by sex
6000000018397130409,Sally,M,Q107183194,resolved by sex
6000000018399368193,Sally,F,Q19816532,resolved by sex
6000000018515472278,Sally,M,Q107183194,resolved by sex
6000000018784389170,Sally,F,Q19816532,resolved by sex
6000000019592681425,Sally,F,Q19816532,resolved by sex
6000000019845331949,Sally,F,Q19816532,resolved by sex
6000000020501502854,Sally,F,Q19816532,resolved by sex
6000000021250078345,Sally,M,Q107183194,resolved by sex
6000000023043725125,Sally,F,Q19816532,resolved by sex
6000000023679958768,Sally,F,Q19816532,resolved by sex
6000000024305828834,Sally,F,Q19816532,resolved by sex
6000000024696566375,Sally,M,Q107183194,resolved by sex
6000000025112100094,Sally,F,Q19816532,resolved by sex
6000000026368510819,Sally,F,Q19816532,resolved by sex
6000000027522650248,Sally,M,Q107183194,resolved by sex
6000000027686054527,Sally,M,Q107183194,resolved by sex
6000000028917518327,Sally,M,Q107183194,resolved by sex
6000000031056226979,Sally,F,Q19816532,resolved by sex
6000000031372562196,Sally,F,Q19816532,resolved by sex
6000000032318264484,Sally,F,Q19816532,resolved by sex
6000000032708356481,Sally,M,Q107183194,resolved by sex
6000000033079819197,Sally,F,Q19816532,resolved by sex
6000000034029202935,Sally,F,Q19816532,resolved by sex
6000000034956572349,Sally,M,Q107183194,resolved by sex
6000000035445867918,Sally,M,Q107183194,resolved by sex
6000000035445867918,Sally,M,Q107183194,resolved by sex
6000000035886937796,Sally,F,Q19816532,resolved by sex
6000000036367151822,Sally,F,Q19816532,resolved by sex
6000000037823208745,Sally,F,Q19816532,resolved by sex
6000000038074444128,Sally,F,Q19816532,resolved by sex
6000000038551288889,Sally,F,Q19816532,resolved by sex
6000000039376405995,Sally,M,Q107183194,resolved by sex
6000000039787082113,Sally,F,Q19816532,resolved by sex
6000000040426136983,Sally,F,Q19816532,resolved by sex
6000000042127420352,Sally,F,Q19816532,resolved by sex
6000000043853072918,Sally,F,Q19816532,resolved by sex
6000000044103647996,Sally,M,Q107183194,resolved by sex
6000000045215133816,Sally,M,Q107183194,resolved by sex
6000000046156771183,Sally,M,Q107183194,resolved by sex
6000000048926038094,Sally,F,Q19816532,resolved by sex
6000000051439165885,Sally,M,Q107183194,resolved by sex
6000000054474719829,Sally,F,Q19816532,resolved by sex
6000000057214606881,Sally,M,Q107183194,resolved by sex
6000000057544866964,Sally,F,Q19816532,resolved by sex
6000000064844485374,Sally,M,Q107183194,resolved by sex
6000000068743042849,Sally,F,Q19816532,resolved by sex
6000000073597129911,Sally,F,Q19816532,resolved by sex
6000000078321787368,Sally,F,Q19816532,resolved by sex
6000000080379776850,Sally,F,Q19816532,resolved by sex
6000000082447558373,Sally,F,Q19816532,resolved by sex
6000000084055893991,Sally,F,Q19816532,resolved by sex
6000000084203391066,Sally,F,Q19816532,resolved by sex
6000000089552766483,Sally,F,Q19816532,resolved by sex
6000000090039427922,Sally,F,Q19816532,resolved by sex
6000000098898524013,Sally,F,Q19816532,resolved by sex
6000000099160280822,Sally,F,Q19816532,resolved by sex
6000000104363906102,Sally,F,Q19816532,resolved by sex
6000000104849269279,Sally,M,Q107183194,resolved by sex
6000000105853307206,Sally,M,Q107183194,resolved by sex
6000000112071279065,Sally,F,Q19816532,resolved by sex
6000000113715786963,Sally,M,Q107183194,resolved by sex
6000000114664014822,Sally,F,Q19816532,resolved by sex
6000000130416301070,Sally,F,Q19816532,resolved by sex
6000000135695504665,Sally,F,Q19816532,resolved by sex
6000000135787716400,Sally,F,Q19816532,resolved by sex
6000000148141690830,Sally,F,Q19816532,resolved by sex
6000000161425911503,Sally,M,Q107183194,resolved by sex
6000000165545487866,Sally,F,Q19816532,resolved by sex
6000000170031018183,Sally,F,Q19816532,resolved by sex
6000000172772424948,Sally,M,Q107183194,resolved by sex
6000000173023627322,Sally,F,Q19816532,resolved by sex
6000000173215079888,Sally,M,Q107183194,resolved by sex
6000000173795822368,Sally,F,Q19816532,resolved by sex
6000000173796326854,Sally,F,Q19816532,resolved by sex
6000000173816728313,Sally,F,Q19816532,resolved by sex
6000000176378004863,Sally,F,Q19816532,resolved by sex
6000000176474121821,Sally,F,Q19816532,resolved by sex
6000000178569538842,Sally,F,Q19816532,resolved by sex
6000000181938210863,Sally,F,Q19816532,resolved by sex
6000000182504692845,Sally,M,Q107183194,resolved by sex
6000000182505387833,Sally,M,Q107183194,resolved by sex
6000000182505855822,Sally,M,Q107183194,resolved by sex
6000000183088330848,Sally,M,Q107183194,resolved by sex
6000000183978518830,Sally,M,Q107183194,resolved by sex
6000000185436216821,Sally,M,Q107183194,resolved by sex
6000000187302824826,Sally,F,Q19816532,resolved by sex
6000000187653585375,Sally,M,Q107183194,resolved by sex
6000000191981228821,Sally,F,Q19816532,resolved by sex
6000000192138531073,Sally,F,Q19816532,resolved by sex
6000000193468127873,Sally,F,Q19816532,resolved by sex
6000000194856782824,Sally,M,Q107183194,resolved by sex
6000000195918353886,Sally,M,Q107183194,resolved by sex
6000000196783917836,Sally,F,Q19816532,resolved by sex
6000000198726769833,Sally,M,Q107183194,resolved by sex
6000000199010813837,Sally,F,Q19816532,resolved by sex
6000000201750844880,Sally,F,Q19816532,resolved by sex
6000000204346239845,Sally,M,Q107183194,resolved by sex
6000000206320075821,Sally,F,Q19816532,resolved by sex
6000000210822897856,Sally,M,Q107183194,resolved by sex
6000000212419928847,Sally,F,Q19816532,resolved by sex
6000000216746531885,Sally,M,Q107183194,resolved by sex
6000000222337463834,Sally,M,Q107183194,resolved by sex
6000000226603826918,Sally,M,Q107183194,resolved by sex
4004222909400126946,Salmon,M,Q112678335,resolved by sex
6000000000354057658,Salmon,M,Q112678335,resolved by sex
6000000000533829070,Salmon,M,Q112678335,resolved by sex
6000000000843288849,Salmon,M,Q112678335,resolved by sex
6000000001563158366,Salmon,M,Q112678335,resolved by sex
6000000002962891477,Salmon,M,Q112678335,resolved by sex
6000000003836790254,Salmon,M,Q112678335,resolved by sex
6000000007604160825,Salmon,M,Q112678335,resolved by sex
6000000007645820745,Salmon,M,Q112678335,resolved by sex
6000000008155536446,Salmon,M,Q112678335,resolved by sex
6000000008155548383,Salmon,M,Q112678335,resolved by sex
6000000012154796665,Salmon,M,Q112678335,resolved by sex
6000000016937330887,Salmon,M,Q112678335,resolved by sex
6000000017144992176,Salmon,M,Q112678335,resolved by sex
6000000017168695412,Salmon,M,Q112678335,resolved by sex
6000000071709237980,Salmon,M,Q112678335,resolved by sex
6000000073058052051,Salmon,M,Q112678335,resolved by sex
6000000073597137849,Salmon,M,Q112678335,resolved by sex
6000000077456240250,Salmon,M,Q112678335,resolved by sex
6000000104537299829,Salmon,M,Q112678335,resolved by sex
6000000140101090976,Salmon,M,Q112678335,resolved by sex
6000000154909918242,Salmon,M,Q112678335,resolved by sex
6000000187903244832,Salmon,M,Q112678335,resolved by sex
6000000194622676899,Salmon,M,Q112678335,resolved by sex
6000000040325726182,Sima,F,Q20202207,resolved by sex
6000000081366215026,Sima,F,Q20202207,resolved by sex
6000000141826556837,Sime,F,Q96655033,resolved by sex
6000000001295132179,Slocum,M,Q121745055,resolved by sex
6000000002950557826,Slocum,M,Q121745055,resolved by sex
6000000005608897195,Tine,F,Q13138335,resolved by sex
6000000005609513726,Tine,F,Q13138335,resolved by sex
6000000007305026219,Tine,F,Q13138335,resolved by sex
6000000042909194836,Tine,F,Q13138335,resolved by sex
6000000062685801218,Tine,F,Q13138335,resolved by sex
6000000175135271913,Tine,F,Q13138335,resolved by sex
6000000194611964825,Tomi,M,Q11898010,resolved by sex
6000000006906066396,Torun,F,Q30086406,resolved by sex
6000000000027557993,Uri,M,Q8661943,resolved by sex
6000000001505457621,Uri,M,Q8661943,resolved by sex
6000000002149227301,Uri,M,Q8661943,resolved by sex
6000000002389977878,Uri,M,Q8661943,resolved by sex
6000000002630154056,Uri,M,Q8661943,resolved by sex
6000000002765045171,Uri,F,Q96655215,resolved by sex
6000000002765045171,Uri,F,Q96655215,resolved by sex
6000000002794473598,Uri,M,Q8661943,resolved by sex
6000000002802945677,Uri,M,Q8661943,resolved by sex
6000000002802965360,Uri,M,Q8661943,resolved by sex
6000000002853071191,Uri,M,Q8661943,resolved by sex
6000000005747693499,Uri,M,Q8661943,resolved by sex
6000000006712290384,Uri,M,Q8661943,resolved by sex
6000000006911140325,Uri,M,Q8661943,resolved by sex
6000000006911145222,Uri,M,Q8661943,resolved by sex
6000000007255826761,Uri,M,Q8661943,resolved by sex
6000000007282197906,Uri,M,Q8661943,resolved by sex
6000000008737979207,Uri,M,Q8661943,resolved by sex
6000000008883142515,Uri,M,Q8661943,resolved by sex
6000000012475295710,Uri,M,Q8661943,resolved by sex
6000000013632083374,Uri,M,Q8661943,resolved by sex
6000000013632083374,Uri,M,Q8661943,resolved by sex
6000000013676940076,Uri,M,Q8661943,resolved by sex
6000000019128942626,Uri,M,Q8661943,resolved by sex
6000000019128942626,Uri,M,Q8661943,resolved by sex
6000000020558785192,Uri,M,Q8661943,resolved by sex
6000000020558785192,Uri,M,Q8661943,resolved by sex
6000000025004738969,Uri,M,Q8661943,resolved by sex
6000000025365465517,Uri,M,Q8661943,resolved by sex
6000000034397829323,Uri,M,Q8661943,resolved by sex
6000000054718616930,Uri,F,Q96655215,resolved by sex
6000000068653688859,Uri,M,Q8661943,resolved by sex
6000000077829354924,Uri,F,Q96655215,resolved by sex
6000000078402890940,Uri,M,Q8661943,resolved by sex
6000000080123727916,Uri,M,Q8661943,resolved by sex
6000000080190383885,Uri,M,Q8661943,resolved by sex
6000000082680473998,Uri,M,Q8661943,resolved by sex
6000000082681303896,Uri,M,Q8661943,resolved by sex
6000000150350656821,Uri,M,Q8661943,resolved by sex
6000000190059880821,Uri,F,Q96655215,resolved by sex
6000000190142180850,Uri,F,Q96655215,resolved by sex
6000000195869492891,Uri,F,Q96655215,resolved by sex
6000000206224907881,Uri,M,Q8661943,resolved by sex
6000000206225117837,Uri,M,Q8661943,resolved by sex
6000000208040008841,Uri,M,Q8661943,resolved by sex
6000000227227274837,Uri,M,Q8661943,resolved by sex
6000000025676256481,Uvedale,M,Q113636520,resolved by sex
333668429600005271,Wing,F,Q10720261,resolved by sex (unisex; no item for that sex)
345557212050011801,Wing,M,Q96654193,resolved by sex
367185223490011080,Wing,M,Q96654193,resolved by sex
6000000006230926679,Wing,M,Q96654193,resolved by sex
6000000007503461515,Wing,F,Q10720261,resolved by sex (unisex; no item for that sex)
6000000013345266636,Wing,M,Q96654193,resolved by sex
6000000188313855876,Wing,M,Q96654193,resolved by sex
6000000006440130874,Wirt,M,Q122819485,resolved by sex
6000000009632835059,Wirt,M,Q122819485,resolved by sex
6000000062170516988,Wirt,M,Q122819485,resolved by sex
6000000113368360697,Wirt,M,Q122819485,resolved by sex
6000000172073034559,Ziyad,M,Q64681720,resolved by sex
6000000224971411888,Ziyad,M,Q64681720,resolved by sex
6000000226205471897,Ziyad,M,Q64681720,resolved by sex
6000000226775751926,Ziyad,M,Q64681720,resolved by sex
6000000227140125970,Ziyad,M,Q64681720,resolved by sex
6000000008815682407,andre,M,Q16274896,resolved by sex
6000000204841567853,andre,M,Q16274896,resolved by sex
6000000008559239950,anne,F,Q564684,resolved by sex
6000000132276872873,anne,F,Q564684,resolved by sex
6000000172492990880,anne,F,Q564684,resolved by sex
6000000200485795834,esther,F,Q837839,resolved by sex
6000000172491706523,francis,M,Q1441346,resolved by sex
6000000053551394838,jean,M,Q7521081,resolved by sex
6000000053574639948,jean,M,Q7521081,resolved by sex
6000000065465031896,jean,M,Q7521081,resolved by sex
6000000132603652851,jean,M,Q7521081,resolved by sex
6000000149476553891,jean,F,Q4160311,resolved by sex
6000000000675552265,jose,M,Q19801116,resolved by sex
6000000011146613707,jose,M,Q19801116,resolved by sex
6000000033192767056,jose,M,Q19801116,resolved by sex
6000000034132371486,jose,M,Q19801116,resolved by sex
6000000034133865882,jose,M,Q19801116,resolved by sex
6000000096666865031,jose,M,Q19801116,resolved by sex
6000000096672204822,jose,M,Q19801116,resolved by sex
6000000096672857866,jose,M,Q19801116,resolved by sex
6000000139624458061,jose,M,Q19801116,resolved by sex
6000000026241898185,maría,F,Q18088640,resolved by sex
6000000005101461467,pike,F,Q107654750,resolved by sex
6000000005101461485,pike,F,Q107654750,resolved by sex
6000000005101461493,pike,F,Q107654750,resolved by sex
6000000006412220355,pike,F,Q107654750,resolved by sex
6000000006412449081,pike,F,Q107654750,resolved by sex
6000000019658001580,pike,F,Q107654750,resolved by sex
6000000024075126859,pike,F,Q107654750,resolved by sex
6000000054493611034,pike,F,Q107654750,resolved by sex
6000000104324509828,pike,F,Q107654750,resolved by sex
