6000000015888585019
6000000057295931967
6000000186892417824
6000000015271163985
6000000197069007832
6000000015863389894
6000000208013649570
6000000065664416833
6000000180808811841
6000000025594617600
6000000002188416171
6000000024582490028
6000000021582620387
6000000208492448750
6000000173870458959
6000000118974471821
6000000001435355948
6000000093436722060
6000000025350092979
6000000076608690891
6000000114943301835
6000000002188368679
6000000015824265148
6000000221290521824
6000000014466957291
6000000203787010831
6000000008868130295
6000000084458159062
6000000027022077383
6000000103645322729
6000000005065663086
6000000224569033847
6000000015119079161
6000000050284353842
6000000002008907893
6000000003512522293
6000000032579099343
6000000002590350514
6000000001435355170
6000000185141154822
