335301390280001287
361246792660007630
361249042200013426
361249243780011638
361324047730004602
361324418330013559
361324645540004605
361492044320004652
361493362090011607
385223927880013853
4872592682460047336
5122526739060117443
5129087897520072687
5613487841160029258
6000000000129362295
6000000000196844689
6000000000196854600
6000000000196961141
6000000000307280238
6000000000337130731
6000000000505640707
6000000000505665724
6000000000505678382
6000000000505738296
6000000000640990934
6000000000641101649
6000000000670055831
6000000000751760004
6000000000751966877
6000000000752035582
6000000000752067508
6000000000752120431
6000000000752123239
6000000001180486923
6000000001185659794
6000000001584922370
6000000001742254888
6000000001742439522
6000000002003993923
6000000002004005824
6000000002181368497
6000000002540626580
6000000002844297561
6000000002910402716
6000000002969302843
6000000002969415351
6000000002969473174
6000000002969479064
6000000002969543568
6000000002969607284
6000000002969662094
6000000002969679058
6000000002969687178
6000000002969699234
6000000002969773072
6000000003007170847
6000000003012106659
6000000003012246829
6000000003012380606
6000000003012397205
6000000003012406128
6000000003012415025
6000000003094066593
6000000003094175314
6000000003094569130
6000000003094707249
6000000003134325868
6000000003250339096
6000000003481830028
6000000003696100411
6000000003800575039
6000000003979051871
6000000004094725968
6000000004094974286
6000000005024058326
6000000005085327966
6000000005773477489
6000000005773737044
6000000006093277864
6000000006093966243
6000000006182535777
6000000006182639799
6000000006183948335
6000000006183990149
6000000006184146048
6000000006184156093
6000000006285653944
6000000006285890642
6000000006286183404
6000000006286361342
6000000006343997454
6000000006344620211
6000000006345090010
6000000006345117275
6000000006345136200
6000000006345138116
6000000006345156150
6000000006345159681
6000000006345203285
6000000006345218160
6000000006345262103
6000000006345391451
6000000006345443045
6000000006345458030
6000000006345460036
6000000006346190025
6000000006350751002
6000000006443349788
6000000006443638820
6000000006444099404
6000000006591265870
6000000006591283632
6000000006591572596
6000000006591909105
6000000006714616317
6000000006714642539
6000000006714670274
6000000006714719479
6000000006714790102
6000000006714822021
6000000006811409479
6000000006811714131
6000000006862784876
6000000006948123673
6000000006948702437
6000000006950133003
6000000006950145025
6000000006999652591
6000000006999704307
6000000006999759316
6000000006999815272
6000000006999844101
6000000006999855045
6000000006999941150
6000000006999946166
6000000007000017031
6000000007000048135
6000000007103443860
6000000007291182455
6000000007291209265
6000000007291219277
6000000007291239237
6000000007331755607
6000000007331834341
6000000007487676360
6000000007548637157
6000000007560960423
6000000007831757178
6000000007832331249
6000000007947489857
6000000007947647281
6000000007947744434
6000000007948039276
6000000007948054460
6000000007950298772
6000000007950931464
6000000008020992573
6000000008021098223
6000000008021100514
6000000008090464834
6000000008191480342
6000000008191488448
6000000008191534264
6000000008191555542
6000000008213976947
6000000008215160992
6000000008215507591
6000000008218332043
6000000008218430735
6000000008218435313
6000000008351579436
6000000008415553952
6000000008415678736
6000000008415775537
6000000008467712710
6000000008489096160
6000000008489489603
6000000008489618289
6000000008492551154
6000000008493208454
6000000008496014954
6000000008496165034
6000000008496183426
6000000008496339584
6000000008496363222
6000000008496367209
6000000008496391230
6000000008497550073
6000000008497647041
6000000008497857319
6000000008498030438
6000000008498039607
6000000008498083497
6000000008498094262
6000000008498361098
6000000008498536029
6000000008498756928
6000000008498767888
6000000008498869556
6000000008499004269
6000000008499052342
6000000008499062362
6000000008499098587
6000000008500684161
6000000008500699837
6000000008500844803
6000000008500857369
6000000008500922279
6000000008501144134
6000000008501285969
6000000008511144356
6000000008599861237
6000000008620089775
6000000008661852799
6000000008879500431
6000000008907626062
6000000008907762154
6000000008908499318
6000000009046235110
6000000009243762174
6000000009243839975
6000000009243957547
6000000009244009029
6000000009244028022
6000000009244032716
6000000009244072597
6000000009244096480
6000000009244139451
6000000009244144537
6000000009244168553
6000000009244168586
6000000009244201267
6000000009244208882
6000000009246699693
6000000009247045436
6000000009301847335
6000000009318575084
6000000009318697947
6000000009318763952
6000000009318840628
6000000009318918853
6000000009318931067
6000000009318937423
6000000009318967776
6000000009318986360
6000000009678909433
6000000009949029200
6000000009949439996
6000000009949492194
6000000009965781308
6000000010672042363
6000000010783795050
6000000010783845572
6000000010783914747
6000000010783993561
6000000010786394445
6000000011036404515
6000000011091914293
6000000011484326596
6000000011638213696
6000000011650557957
6000000011650668524
6000000011678842254
6000000011679295204
6000000011707129276
6000000012043234977
6000000012918830498
6000000012919269410
6000000013032111958
6000000013032929695
6000000013143768828
6000000013143784441
6000000013143803986
6000000013143950308
6000000013492614546
6000000013492784215
6000000013546153990
6000000013886525232
6000000014312677662
6000000014312747933
6000000014312919521
6000000015066203195
6000000015165110561
6000000015165413862
6000000015165811054
6000000015165846287
6000000015166362092
6000000015647948256
6000000015878719431
6000000015878763841
6000000015878864229
6000000015879086112
6000000016129127960
6000000016755995142
6000000017044051146
6000000017050814455
6000000017052525383
6000000017103754878
6000000017103759558
6000000017548386276
6000000017548529455
6000000017548581271
6000000017602477535
6000000017602641366
6000000017606313853
6000000017606685980
6000000017606846361
6000000017643128426
6000000017643334019
6000000017666587821
6000000017667048531
6000000017667331082
6000000017710995623
6000000017720601521
6000000017720968667
6000000017721602042
6000000017835669315
6000000019242181996
6000000019243229041
6000000019596984669
6000000019597002614
6000000019597062418
6000000020221330381
6000000020221450352
6000000020249090887
6000000020359564519
6000000020359993521
6000000020360013372
6000000020373184345
6000000020546826481
6000000020546933118
6000000022362864995
6000000022424734639
6000000022424767661
6000000022424974664
6000000022425018083
6000000022425169974
6000000022425294567
6000000022425319698
6000000022425358897
6000000022425551078
6000000022425559119
6000000022426251044
6000000022471299076
6000000022479686598
6000000023524116867
6000000023827922887
6000000024332914679
6000000024333059442
6000000024333144948
6000000024333200043
6000000024333240848
6000000024333241901
6000000024333243824
6000000024451513645
6000000024451923236
6000000024958338064
6000000026078368957
6000000026130604750
6000000026130920333
6000000026131151774
6000000026131153742
6000000026131208772
6000000026131208777
6000000026131208787
6000000026131208792
6000000026131208797
6000000026131322112
6000000026131432904
6000000026504793790
6000000026504875775
6000000026505303098
6000000027104666877
6000000027127209358
6000000027147082818
6000000027595872124
6000000027722490408
6000000029108801129
6000000029247424432
6000000029247548501
6000000029247704016
6000000029247837862
6000000029247846830
6000000029266395589
6000000029283707823
6000000029941723488
6000000029941866765
6000000029998079413
6000000030848611252
6000000030849265049
6000000030849361045
6000000030849405923
6000000030883492289
6000000030883529278
6000000030883628132
6000000030883715190
6000000030991557754
6000000030991705411
6000000030991826046
6000000030991849088
6000000030992011834
6000000031032945696
6000000031032950644
6000000031508753738
6000000031546585273
6000000031546742135
6000000031546887817
6000000031546997530
6000000031547031062
6000000031547128680
6000000031547129330
6000000031547135203
6000000031547207098
6000000031547217385
6000000031547251191
6000000031547335821
6000000031547354464
6000000031547405921
6000000031547424916
6000000031547479878
6000000031547603016
6000000031547720822
6000000032480390774
6000000032480674264
6000000032480820215
6000000032481051855
6000000032565560910
6000000033197752104
6000000033197938977
6000000033248172638
6000000033248332548
6000000033248807357
6000000033249419066
6000000033249529924
6000000033249542942
6000000033249721835
6000000033327069036
6000000033920885139
6000000033920993912
6000000034024692665
6000000034252553225
6000000034563084716
6000000034563316474
6000000034563474153
6000000035225729807
6000000035229023961
6000000035615176558
6000000035615181385
6000000035615279369
6000000035615409218
6000000035615437165
6000000035615470070
6000000035615578133
6000000035615584891
6000000035615604111
6000000035615696866
6000000036132064158
6000000036205738949
6000000036205799860
6000000036724436979
6000000036724489898
6000000037180226740
6000000037540334679
6000000037651186097
6000000038661358260
6000000038982494541
6000000038982683353
6000000038982844257
6000000038983263833
6000000039131285805
6000000039131957045
6000000039132010013
6000000039132063016
6000000039132071995
6000000040336902347
6000000040358747409
6000000040359900879
6000000040360020185
6000000040361958744
6000000040384323565
6000000040384546274
6000000040384627013
6000000040384672966
6000000040435877802
6000000040436034724
6000000040436320478
6000000040436328388
6000000040436611118
6000000040436655172
6000000040436698927
6000000040436744992
6000000040436908539
6000000040437169263
6000000040437350080
6000000040442063431
6000000040638003289
6000000040652025637
6000000040652447690
6000000040652732345
6000000040898017479
6000000040969990621
6000000040970002033
6000000040970451065
6000000040970857384
6000000040970892864
6000000040976962011
6000000040977423070
6000000040978571310
6000000040979216822
6000000040979383922
6000000040979443957
6000000040979578916
6000000040979703538
6000000040979937366
6000000040980011893
6000000040980343677
6000000040980458495
6000000040980573220
6000000040980582355
6000000040980777023
6000000040981276451
6000000040982302294
6000000040982528549
6000000040994725305
6000000040994830109
6000000040994870017
6000000040994895080
6000000040994950934
6000000040998607713
6000000040998774330
6000000041000005391
6000000041000204037
6000000041000887201
6000000041000893080
6000000041001016766
6000000041001198806
6000000041001256537
6000000041001258468
6000000041001286446
6000000041001299373
6000000041001301597
6000000041001310365
6000000041001335427
6000000041001344244
6000000041001349303
6000000041001363366
6000000041001368112
6000000041001423289
6000000041001425338
6000000041001426470
6000000041001438496
6000000041001457683
6000000041001469238
6000000041001473272
6000000041001477005
6000000041001482860
6000000041001494072
6000000041001501134
6000000041001507092
6000000041001570940
6000000041001962093
6000000041001987200
6000000041001994193
6000000041002157897
6000000041932758073
6000000041977493911
6000000042113521534
6000000042245581970
6000000042645921820
6000000042647189337
6000000043437657497
6000000043437825225
6000000043437903080
6000000043437918112
6000000044318041755
6000000044318684133
6000000044318852028
6000000044319004876
6000000048583126853
6000000051142238950
6000000052188730025
6000000052376892913
6000000052377060868
6000000052977620877
6000000052977985829
6000000056245599141
6000000056245599145
6000000056245599149
6000000057111612050
6000000057200428097
6000000058337890937
6000000060760951017
6000000060761324248
6000000060761694127
6000000063582718891
6000000065461831980
6000000065497623833
6000000065497903825
6000000070947642129
6000000071265494849
6000000075234133672
6000000075234555598
6000000075235346081
6000000075235455003
6000000075235704937
6000000075235796822
6000000081528812391
6000000081529181624
6000000081529498221
6000000081529666236
6000000081529684204
6000000081529755121
6000000081529850113
6000000081529861057
6000000081529918022
6000000081563555960
6000000082545139237
6000000082545730981
6000000082545774508
6000000082547481088
6000000082600044275
6000000082600818063
6000000083763107436
6000000083763298179
6000000083763326385
6000000083763921047
6000000083763923209
6000000083764574924
6000000083766836196
6000000083767150002
6000000083767246099
6000000083767284075
6000000083767532831
6000000083767552933
6000000083767780866
6000000083768038183
6000000083821318323
6000000083821631355
6000000083822192903
6000000083822229830
6000000087826144027
6000000087899849064
6000000087899888009
6000000087900467870
6000000088007696936
6000000088012621861
6000000088378634401
6000000088381004141
6000000088381186155
6000000088412921120
6000000088412991160
6000000088413953823
6000000088415636853
6000000088415717872
6000000088927148883
6000000089074179925
6000000089229553861
6000000089303345953
6000000092582113590
6000000094638364895
6000000097150113846
6000000099195110031
6000000103762386948
6000000103762888931
6000000120652059821
6000000121560194851
6000000121560718977
6000000121560871978
6000000121561015979
6000000121561033882
6000000121561177863
6000000121561251921
6000000121561670824
6000000125326041205
6000000126170257961
6000000127704209994
6000000138122190177
6000000138122751097
6000000140032976904
6000000141862431896
6000000141862559824
6000000141862720824
6000000156432981826
6000000156433001823
6000000161871422846
6000000161871746822
6000000164455541309
6000000164462975979
6000000164463076983
6000000166200225948
6000000166203602821
6000000166203668841
6000000168347613927
6000000169590685029
6000000169593822111
6000000169594435836
6000000169594897957
6000000169595049869
6000000169598686935
6000000169799884037
6000000173492481068
6000000175627674853
6000000175629908822
6000000175629985826
6000000175668347828
6000000175979289853
6000000176099710863
6000000176101444830
6000000177489886854
6000000178546523905
6000000178547153840
6000000178548833873
6000000178548934868
6000000178549083889
6000000178549183849
6000000178549287871
6000000178549384882
6000000179342280974
6000000179366999895
6000000179368408851
6000000179368669822
6000000179370478845
6000000179394039897
6000000179394695860
6000000179490393831
6000000179491563835
6000000179542750823
6000000179543712837
6000000179543830839
6000000179544117829
6000000179560801910
6000000179562131875
6000000179564420826
6000000179564690821
6000000181919870858
6000000181920830821
6000000181920852877
6000000181940466922
6000000181941577846
6000000181941663979
6000000181941997841
6000000181942371906
6000000181942740826
6000000181942833827
6000000181942886822
6000000181942903830
6000000181943038821
6000000182280235868
6000000182375583867
6000000184198891831
6000000184647238943
6000000185630407936
6000000186267392971
6000000186291378925
6000000186291378929
6000000186291378933
6000000186291379006
6000000186291379012
6000000186554247850
6000000186681409844
6000000186681880828
6000000186699572830
6000000188316367945
6000000188317643834
6000000188317758837
6000000188956025830
6000000189533367826
6000000189533660869
6000000189546196826
6000000189549099826
6000000189675887933
6000000189682630883
6000000189683016838
6000000189683119835
6000000189683134826
6000000189683190886
6000000189683482821
6000000189683530830
6000000189683643836
6000000189683728823
6000000189724597853
6000000189724788857
6000000189728779821
6000000189777464867
6000000189777848840
6000000189787791851
6000000189799956821
6000000189802415964
6000000189802693862
6000000189802945857
6000000189846391844
6000000189865374851
6000000189865513836
6000000189865564833
6000000189865676823
6000000189865764821
6000000189865767821
6000000190037939878
6000000190038639859
6000000190038753853
6000000190088756916
6000000190089958825
6000000190116069821
6000000190154700921
6000000190154846917
6000000190155490857
6000000190155889821
6000000190155899821
6000000190315865963
6000000190317252836
6000000190317254836
6000000190390516851
6000000190535723842
6000000190705072823
6000000190877027821
6000000190951767863
6000000191124227830
6000000191125698875
6000000191125931844
6000000191126113827
6000000191126197849
6000000191219185868
6000000191361117838
6000000191361119834
6000000191361253825
6000000191361263826
6000000191361323822
6000000191363961861
6000000191364864860
6000000191364876830
6000000191365092831
6000000191677730946
6000000191678642855
6000000191679069858
6000000191679084834
6000000191679090842
6000000191679158821
6000000191725049877
6000000191726091851
6000000191726807831
6000000191726932823
6000000191726983821
6000000191857216855
6000000191929439864
6000000191954030830
6000000191954144839
6000000192100323824
6000000192119879949
6000000192120419830
6000000192120513832
6000000192120570830
6000000192120643832
6000000192120824825
6000000192185086841
6000000192185152822
6000000192185804905
6000000192608774838
6000000192608789827
6000000192608877821
6000000192662004850
6000000192777202008
6000000192779330831
6000000192779395823
6000000192779451847
6000000192779500835
6000000192779658821
6000000192993677822
6000000193418881917
6000000194124279880
6000000194124433849
6000000194124640824
6000000194124662825
6000000194124695828
6000000194124918821
6000000194129216840
6000000195596225821
6000000195688558826
6000000195688627826
6000000195761394834
6000000198314353833
6000000198384621823
6000000198602599884
6000000198682102863
6000000198682440823
6000000199162862824
6000000199162939822
6000000199162969821
6000000199875554862
6000000199875802824
6000000199875827821
6000000199875871824
6000000202558016821
6000000204184315840
6000000204790929885
6000000204945121853
6000000204945160833
6000000204945188830
6000000204945196840
6000000204945201830
6000000204946247937
6000000205052274826
6000000205090503896
6000000205092642826
6000000205094399851
6000000205100740840
6000000205234372833
6000000205334335872
6000000205334456913
6000000205334624853
6000000205334996849
6000000205526769821
6000000205695794941
6000000205696813912
6000000205696813955
6000000205697355870
6000000205697474908
6000000205697510853
6000000205697604845
6000000205698087832
6000000205713473869
6000000205713607845
6000000205713609836
6000000205713622861
6000000205714080822
6000000206123620831
6000000206488898830
6000000206488932859
6000000206557845854
6000000206641824831
6000000207098651821
6000000207098740832
6000000207098863825
6000000207098987821
6000000207103826879
6000000207103941864
6000000207104013838
6000000207104066853
6000000207104261827
6000000207104297832
6000000207677555849
6000000207677776821
6000000207687476873
6000000207687586922
6000000207688056834
6000000207688135828
6000000207688240822
6000000207688407829
6000000207688428830
6000000208826995871
6000000208869334873
6000000209261641846
6000000209262036827
6000000209771419840
6000000209771727825
6000000209904112848
6000000210160739873
6000000210160830829
6000000212363770829
6000000212560415833
6000000214128535824
6000000214128576822
6000000214128591822
6000000215007256833
6000000215007441836
6000000215508382828
6000000215509638874
6000000215509840854
6000000215510018822
6000000215952116821
6000000215968930821
6000000215968930836
6000000215968997827
6000000215973717855
6000000215973884835
6000000216231676834
6000000216231709824
6000000216231716841
6000000216231752839
6000000216231754832
6000000216231756821
6000000216231792824
6000000216231804821
6000000216231822821
6000000216231982829
6000000216232380822
6000000216478448824
6000000216478540822
6000000216478692827
6000000216478901822
6000000216478901899
6000000216478984843
6000000216479059834
6000000216481145871
6000000216481233827
6000000216481280822
6000000216481294821
6000000216481301822
6000000216481324821
6000000216481374826
6000000216486085841
6000000216486101826
6000000216486136840
6000000216486149822
6000000216486159824
6000000216486369822
6000000217462856827
6000000217468367921
6000000217468654826
6000000217468688822
6000000217470466822
6000000217470584831
6000000217470870826
6000000217470910826
6000000217471915825
6000000217472000832
6000000217472061844
6000000217472092910
6000000217472340828
6000000217473062824
6000000217473113821
6000000217474289856
6000000217474381825
6000000217475097840
6000000217475495835
6000000217475625836
6000000217475787904
6000000217477044876
6000000217477171845
6000000217477194869
6000000217477296843
6000000217477333822
6000000217477405844
6000000217477481838
6000000217477491830
6000000217477600824
6000000217478085823
6000000217478135823
6000000217481342821
6000000217481812823
6000000217482109837
6000000217482377821
6000000217485784823
6000000217485802837
6000000217626494826
6000000217713866907
6000000217714109968
6000000217714215907
6000000217714311840
6000000217734498821
6000000218170152837
6000000218170159825
6000000218403159901
6000000218403368886
6000000218403382862
6000000218403408843
6000000218403439835
6000000218403504824
6000000218403534830
6000000218403552871
6000000218403621821
6000000218403636821
6000000218403708842
6000000218404322831
6000000218711926832
6000000218711951824
6000000218711996821
6000000218712108853
6000000218712160845
6000000218712196856
6000000218712209827
6000000220080309837
6000000224155556065
6000000224155594000
6000000224155904835
6000000225721321930
6000000227006352996
6000000227006538925
6000000227006643874
6000000227006651880
6000000227006684869
6000000227006836821
6000000227238907082
6000000227239069922
6000000227239142907
6000000227239284860
6000000227239290854
6000000227239303848
6000000227239342829
6000000227239361822
6000000227239417841
6000000227239453825