1386965
1609740
1899596
2559121
312657085750007101
330769326910002601
343445159510013099
349440463640013536
349443968540012643
3679726
375732891600013185
375736773940012637
375737821580012544
388326689980012420
3960809
4026550158290011193
4067703
4184733660450025774
4293217
4377269
4462693
4462761
4583969
5106195884670114511
5117661362950072593
5336724108230122658
5379294044530135351
5379950964420081030
5580386719230045362
5580392798120128622
5671689391980027024
6000000000044429416
6000000000047260007
6000000000127488686
6000000000139648597
6000000000146784512
6000000000146859401
6000000000161702219
6000000000186469135
6000000000291187543
6000000000325081045
6000000000325081063
6000000000325081072
6000000000410527402
6000000000410600770
6000000000496960006
6000000000496982295
6000000000542707550
6000000000572198595
6000000000574078388
6000000000581186204
6000000000655802125
6000000000722124788
6000000001005144207
6000000001138830586
6000000001141145118
6000000001144914191
6000000001169232790
6000000001169235574
6000000001169235592
6000000001169317582
6000000001169345035
6000000001208487154
6000000001311917463
6000000001318443316
6000000001334466327
6000000001334466338
6000000001334601101
6000000001520375930
6000000001770176883
6000000001770277395
6000000001770277407
6000000001864870637
6000000001882580286
6000000001966670019
6000000002055318933
6000000002063115439
6000000002254696782
6000000002325842230
6000000002335691083
6000000002335691094
6000000002376475916
6000000002376687013
6000000002376915521
6000000002390972936
6000000002574331178
6000000002576754400
6000000002681115184
6000000002734683252
6000000002734687344
6000000002759813645
6000000002759813969
6000000002763148549
6000000002763507564
6000000002763668350
6000000002797426818
6000000002810895810
6000000002836313613
6000000002847229203
6000000002866077692
6000000002866078652
6000000002960353877
6000000002960482301
6000000002999495543
6000000003014761913
6000000003023400685
6000000003051245269
6000000003051285168
6000000003094961709
6000000003094961773
6000000003094967990
6000000003095034712
6000000003095034721
6000000003095172413
6000000003095237260
6000000003125122695
6000000003377660936
6000000003378670599
6000000003491933566
6000000003491933571
6000000003491933642
6000000003491947979
6000000003491951111
6000000003491951682
6000000003491962664
6000000003491988866
6000000003491988871
6000000003491995639
6000000003492033746
6000000003492064591
6000000003492072273
6000000003492072726
6000000003492072736
6000000003492072898
6000000003492072945
6000000003492083933
6000000003694839669
6000000003770263723
6000000003770393284
6000000003770421312
6000000003883345592
6000000003883549023
6000000003963789346
6000000003966326458
6000000003966366446
6000000004073836387
6000000004074091429
6000000004335151518
6000000004577966933
6000000004648609906
6000000004648809570
6000000004727604002
6000000005102264546
6000000005102264552
6000000005381997903
6000000005393641057
6000000005606886646
6000000005607089279
6000000005607089288
6000000005607099245
6000000005607155002
6000000005607187598
6000000005607201226
6000000005607217157
6000000005607326866
6000000005607362736
6000000005607365222
6000000005607475221
6000000005607599851
6000000005608873564
6000000005608892528
6000000005608892535
6000000005609102976
6000000005609265258
6000000005609287361
6000000005609287370
6000000005609451528
6000000005609460067
6000000005609488533
6000000005609488627
6000000005609488636
6000000005609513979
6000000005609518027
6000000005609534679
6000000005609534687
6000000005609547575
6000000005609547635
6000000005856163014
6000000005934528029
6000000005936931116
6000000006127120919
6000000006127120926
6000000006127131390
6000000006127174110
6000000006127284199
6000000006127355736
6000000006127409064
6000000006127496847
6000000006127526968
6000000006127557060
6000000006127651336
6000000006127651347
6000000006127737792
6000000006127737796
6000000006127783693
6000000006127824369
6000000006171259545
6000000006345183107
6000000006371654208
6000000006371752035
6000000006429653326
6000000006595581182
6000000006595794555
6000000006595825517
6000000006605769895
6000000006704094498
6000000006771426531
6000000006771426543
6000000006776171443
6000000006776171451
6000000006776185092
6000000006783166556
6000000006833125349
6000000006833371173
6000000006911465252
6000000006911473220
6000000006964530073
6000000007026071622
6000000007141651300
6000000007159289201
6000000007220645211
6000000007286110282
6000000007289863298
6000000007314101475
6000000007367523351
6000000007367592462
6000000007400293799
6000000007400364409
6000000007420343457
6000000007473385613
6000000007473614567
6000000007509570928
6000000007511651193
6000000007511893198
6000000007548056402
6000000007548088462
6000000007588356972
6000000007588665344
6000000007588947689
6000000007588996666
6000000007598076234
6000000007602245312
6000000007602850104
6000000007602857711
6000000007612151312
6000000007621601531
6000000007645527815
6000000007774780346
6000000007787563524
6000000007798643226
6000000007910835508
6000000007910838142
6000000007910876307
6000000007980605161
6000000007980728811
6000000007980729100
6000000007993337442
6000000008047204297
6000000008151349039
6000000008173927866
6000000008173999409
6000000008244587579
6000000008244928656
6000000008258069758
6000000008391114564
6000000008412100548
6000000008467554009
6000000008496913568
6000000008529326355
6000000008529438221
6000000008530637755
6000000008686071336
6000000008686123397
6000000008725409154
6000000008725770698
6000000008798179389
6000000008840975651
6000000008841179321
6000000008889881939
6000000008890220733
6000000008899550780
6000000008908318641
6000000008913799290
6000000008918863111
6000000008935291612
6000000008943464725
6000000008964031145
6000000008979112162
6000000008988775900
6000000008988803122
6000000008988950831
6000000008989149051
6000000009014595002
6000000009014627733
6000000009109484400
6000000009217450213
6000000009233420346
6000000009243757359
6000000009339131461
6000000009401706934
6000000009447665156
6000000009492573975
6000000009813964400
6000000009842925791
6000000009890241398
6000000010020651161
6000000010302836013
6000000010317246389
6000000010517303222
6000000010573777066
6000000010807476638
6000000010836681461
6000000010934387089
6000000011043803107
6000000011078617825
6000000011078886609
6000000011078954380
6000000011079026264
6000000011115929762
6000000011116043585
6000000011232313787
6000000011331587868
6000000011392245825
6000000011392283730
6000000011533077050
6000000011583126365
6000000011623184503
6000000011626537082
6000000011700523031
6000000011714588237
6000000011716033687
6000000011726641066
6000000011851638215
6000000011873098708
6000000011925763450
6000000011927519928
6000000012232723402
6000000012267581574
6000000012331979551
6000000012400865380
6000000012417757623
6000000012501208346
6000000012617301379
6000000012641619366
6000000012734285538
6000000012736539557
6000000012736619268
6000000012736684384
6000000012925092093
6000000012956793199
6000000012959021518
6000000013007809177
6000000013022865578
6000000013081299620
6000000013081445510
6000000013173722518
6000000013173753277
6000000013255932944
6000000013257070935
6000000013344839263
6000000013400726490
6000000013400765266
6000000013401377353
6000000013462214188
6000000013851233663
6000000014233913271
6000000014234029655
6000000014275855552
6000000014276970304
6000000014276983733
6000000014277595137
6000000015302207141
6000000015741614240
6000000016750975561
6000000016751032722
6000000016753690469
6000000016754171976
6000000017754603397
6000000017754603402
6000000017985507553
6000000017985794774
6000000018252161683
6000000018595909144
6000000018604269628
6000000018604734443
6000000018625238474
6000000018625507007
6000000018646675929
6000000018647200388
6000000018809114345
6000000018809134224
6000000018964557693
6000000018985534304
6000000019068623814
6000000019178967030
6000000019263256732
6000000019362691691
6000000019582909951
6000000019583224446
6000000019659479506
6000000019659634521
6000000019777571448
6000000019933609341
6000000020341721242
6000000020341882809
6000000020389536815
6000000020393995501
6000000020394079179
6000000020488764955
6000000020865272445
6000000020865417405
6000000020984683047
6000000021080039290
6000000021080208341
6000000021080450944
6000000021080514848
6000000021149617365
6000000021198283586
6000000021198738511
6000000021221473369
6000000021890809973
6000000022197988079
6000000023140541858
6000000023500505361
6000000023500670116
6000000024762555454
6000000025170379012
6000000025170500054
6000000025610708508
6000000025999391796
6000000026093195817
6000000026093371209
6000000026306135380
6000000026434671579
6000000026434774123
6000000027466443589
6000000027505365840
6000000028475780607
6000000029575791353
6000000032063019943
6000000034023942150
6000000034023970142
6000000035049072634
6000000035525393426
6000000036729993087
6000000036747100847
6000000038290473453
6000000040336826716
6000000040451157526
6000000040451571925
6000000040953967420
6000000042116230266
6000000043307679865
6000000046751478093
6000000055756062112
6000000057619669935
6000000059561790841
6000000063300979653
6000000066753194899
6000000066753299821
6000000072179033092
6000000081249322994
6000000081249631901
6000000115345881850
6000000117729497886
6000000117729761836
6000000138755587213
6000000150599235822
6000000150599509911
6000000161721983869
6000000172119276069
6000000172226224822
6000000175321141191
6000000177687759847
6000000177688179832
6000000177921458845
6000000177921458851
6000000177921458990
6000000177921459099
6000000177921459104
6000000177921459109
6000000177921459114
6000000177921561822
6000000177921561828
6000000177943460822
6000000177944025822
6000000177969322833
6000000178120150821
6000000178279770847
6000000178831327913
6000000180334613868
6000000184732497844
6000000184732904826
6000000186285688241
6000000189963920888
6000000189964294868
6000000201845176860
6000000204756670829
6000000206911240984
6000000208664806836
6000000209170887823
6000000211987721869
6000000211987743851
6000000221742699868
6000000224651276916
6000000224651392847
6000000225709965832
6000000226904073973
6000000227191441892
6000000227315643833
6000000227468650841