1386965
1609740
1899596
312657085750007101
343445159510013099
4184733660450025774
4377269
5106195884670114511
5117661362950072593
6000000000044429416
6000000000047260007
6000000000127488686
6000000000146784512
6000000000146859401
6000000000161702219
6000000000542707550
6000000000572198595
6000000000581186204
6000000000655802125
6000000001208487154
6000000001334601101
6000000001882580286
6000000002063115439
6000000002254696782
6000000002681115184
6000000002734683252
6000000002734687344
6000000002797426818
6000000002810895810
6000000002960353877
6000000002960482301
6000000002999495543
6000000003125122695
6000000003694839669
6000000003770393284
6000000003770421312
6000000003883345592
6000000003883549023
6000000003966326458
6000000003966366446
6000000004577966933
6000000005393641057
6000000006127120919
6000000006127120926
6000000006127174110
6000000006127355736
6000000006127409064
6000000006127496847
6000000006127526968
6000000006127557060
6000000006127651336
6000000006127651347
6000000006127824369
6000000006345183107
6000000006429653326
6000000006595825517
6000000006783166556
6000000006911465252
6000000006911473220
6000000007026071622
6000000007159289201
6000000007286110282
6000000007289863298
6000000007314101475
6000000007400293799
6000000007400364409
6000000007473385613
6000000007473614567
6000000007509570928
6000000007548056402
6000000007548088462
6000000007588356972
6000000007588665344
6000000007588947689
6000000007588996666
6000000007598076234
6000000007602245312
6000000007602850104
6000000007602857711
6000000007787563524
6000000007798643226
6000000007910835508
6000000007910838142
6000000007910876307
6000000008047204297
6000000008151349039
6000000008244587579
6000000008244928656
6000000008258069758
6000000008467554009
6000000008496913568
6000000008840975651
6000000008841179321
6000000008899550780
6000000008918863111
6000000008935291612
6000000008943464725
6000000008979112162
6000000008988775900
6000000008988803122
6000000009014595002
6000000009014627733
6000000009217450213
6000000009401706934
6000000009492573975
6000000009842925791
6000000010573777066
6000000010807476638
6000000010836681461
6000000010934387089
6000000011115929762
6000000011116043585
6000000011232313787
6000000011331587868
6000000011533077050
6000000011583126365
6000000011700523031
6000000011714588237
6000000011851638215
6000000012267581574
6000000012400865380
6000000012501208346
6000000012641619366
6000000012734285538
6000000012736539557
6000000012736619268
6000000012736684384
6000000013007809177
6000000013022865578
6000000013173722518
6000000013173753277
6000000013257070935
6000000013344839263
6000000013400765266
6000000013401377353
6000000015741614240
6000000016753690469
6000000016754171976
6000000018252161683
6000000018625238474
6000000018625507007
6000000018646675929
6000000018809114345
6000000018809134224
6000000018964557693
6000000018985534304
6000000019068623814
6000000019362691691
6000000019582909951
6000000019583224446
6000000019659479506
6000000019659634521
6000000019777571448
6000000019933609341
6000000020389536815
6000000020393995501
6000000020394079179
6000000020865272445
6000000020865417405
6000000020984683047
6000000021149617365
6000000021221473369
6000000021890809973
6000000022197988079
6000000023140541858
6000000025610708508
6000000026093195817
6000000026093371209
6000000026306135380
6000000026434671579
6000000026434774123
6000000028475780607
6000000034023942150
6000000034023970142
6000000035049072634
6000000042116230266
6000000046751478093
6000000057619669935
6000000059561790841
6000000138755587213
6000000172119276069