6000000003492005116
6000000003491986946
6000000003732742137
6000000003491988826
6000000005609534542
6000000005609425379
6000000003095034654
6000000007980728982
6000000003095034944
6000000005608959093
6000000005607359959
6000000002481819312
6000000002463510938
6000000002572701505
6000000004870648136
6000000002572699392
6000000005795638082
6000000011239201122
6000000003418900347
6000000003076221220
6000000034013672054
6000000000771986019
6000000001200156499
6000000001827562649
6000000003645683608
4927821238910067084
6000000001412935350
4258970970100070152
6000000005936551695
6000000008592343633
6000000001669654269
6000000000424624719
6000000001266578142
6000000002457013227
6000000087535357291
6000000177921459056
6000000177921459078
6000000032068841409
6000000020344732085
6000000005609547544
6000000002744891329
6000000069466362236
6000000012587690898
6000000005609304829
6000000001770188397
6000000002482084257
6000000002482165558
6000000001169235389
6000000003043806217
