6000000227350450833;6000000227350468920;6000000227350508962;6000000227350557852;6000000227350595891;6000000227350639842
6000000134618107838;6000000134618194822;6000000134618204827;6000000134618224855
6000000227350487098;6000000227350700930;6000000227350790824;6000000227350802824
6000000227350466844;6000000227350527916;6000000227350573875;6000000227350605869
6000000028841321482;6000000028843303282;6000000028843747039
6000000227350480005;6000000227350512947;6000000227350539869
6000000227350705920;6000000227350708868;6000000227350739858
6000000085826717041;6000000086014791183;6000000086015652973
6000000188976953881;6000000188977386849;6000000188977580823
6000000227350800846;6000000227350814835;6000000227351379821
6000000227350530885;6000000227350828902;6000000227350858841
6000000227350483988;6000000227350716880;6000000227350815823
6000000227350605990;6000000227350705908
6000000227350617924;6000000227350800834
6000000227350856824;6000000227350867821
6000000173357796059;6000000173772098945
6000000217391222821;6000000217391341845
6000000217390968832;6000000217424446897
6000000227350468929;6000000227350612827
6000000227350468901;6000000227350683895
6000000210408779828;6000000227350547867
6000000002605670592;6000000077191836856
6000000083162101936;6000000084306154336
6000000227350486846;6000000227350592846
6000000227350468906;6000000227350504993
6000000227350734887;6000000227350744934
6000000227351205912;6000000227351270846
6000000227350808869;6000000227379436850
6000000227350589923;6000000227350676015
6000000227350508982;6000000227350587897
6000000227350703883;6000000227350737865
6000000227350588855;6000000227350600828
6000000227350486925;6000000227350556836
6000000192799932866;6000000193147318911
6000000227350595928;6000000227350748821
6000000227350590843;6000000227350739851
6000000227350704918;6000000227351269898
6000000048944139355;6000000173903765094
6000000227350533879;6000000227350734863
6000000227350727867;6000000227350739869
6000000227350480021;6000000227350508924
6000000227350703911;6000000227350752844
6000000227350759876;6000000227350826825
6000000227350676877;6000000227350738821
6000000227350457835;6000000227350676859
6000000227350483979;6000000227350511019
6000000118829267029;6000000118829569849
6000000227350709826;6000000227351250838
6000000227350432965;6000000227350573858
6000000227350698848;6000000227350704822
6000000227350871828;6000000227350877878
6000000075345390010;6000000075345552971
6000000048381502986;6000000048381816842
6000000002508529010;6000000009165380861
6000000028754162110;6000000028754298848;6000000029538891808;6000000029539245250;6000000029539310607;6000000029539453071
6000000028553258928;6000000028754031154;6000000028754121430;6000000029539331738;6000000029539477908
6000000028776141878;6000000030272823195;6000000030802547460;6000000030802786205;6000000030802795111
6000000028547827741;6000000028547871245;6000000028548020195;6000000028548028031;6000000028548066021
6000000028263728371;6000000028263841405;6000000028264042036;6000000030272669111;6000000030334151582
6000000025779727075;6000000028264130609;6000000028264187069;6000000028264208476;6000000028264213907
6000000028547921294;6000000028547922013;6000000028547959147;6000000028547967990
6000000030739609280;6000000030739695878;6000000030739760001;6000000030739921902
6000000030739399380;6000000030739726996;6000000030739750025;6000000030739843856
6000000028775930503;6000000028776232869;6000000030272881994
6000000006347128141;6000000006347128152;6000000020626198871
6000000204393559161;6000000204393559187;6000000204393559204
6000000098074319947;6000000098074319963;6000000098074319988
6000000225069211242;6000000225069211258;6000000225069211282
6000000048278246368;6000000048278279374;6000000048278472200
6000000028082718254;6000000028082865094;6000000028082926934
6000000028263964511;6000000030272875932;6000000030272896829
6000000028264085873;6000000028776305921;6000000030821075904
6000000033506159115;6000000033506261999
6000000183585773822;6000000193606469882
6000000004121395967;6000000219433951347
1027298;6000000220601198026
6000000006299257099;6000000006346963141
6000000006346814527;6000000226344085987
6000000009288893097;6000000009288983841
6000000023869935921;6000000203135076924
4645645245540021717;6000000174266357051
6000000004121398040;6000000216984366401
6000000180038455823;6000000218667921577
6000000003095101443;6000000006979667087
6000000014188075658;6000000014192574638
6000000019513220422;6000000101820325114
6000000019522584733;6000000219169813827
6000000077144112062;6000000220601198020
6000000007236920831;6000000222731756432
6000000004121398295;6000000219435628331
6000000032458324057;6000000193681776866
6000000059483632902;6000000089903274400
6000000025349912002;6000000223071833953
6000000070298066853;6000000205267913102
6000000093223243025;6000000093224233871
6000000069724577288;6000000069725247922
6000000181332131974;6000000181332132005
6000000129054264422;6000000220417577833
6000000029574502995;6000000100107000848
5266239807240120957;6000000204037422848
6000000039407837034;6000000039408102862
6000000038786838853;6000000039878631119
6000000205990901286;6000000216806930255
6000000004122073389;6000000220601198031
6000000006590036300;6000000011465767565
6000000013092935132;6000000191292029683
6000000205910847876;6000000205910847901
6000000006127085422;6000000204702951833
6000000025095221918;6000000188260382406
6000000017014834961;6000000019199634402
6000000004121398569;6000000219433951358
6000000211019538191;6000000211019538225
6000000190353633822;6000000210123094402
6000000059483688893;6000000089903274403
6000000003087580666;6000000219433951325
6000000008089071919;6000000219433259419
6000000014163322246;6000000185833360841
6000000023870852032;6000000203135076948
6000000026107968953;6000000101810569144
6000000014529236087;6000000225401150821
6000000010241775012;6000000177517757823
6000000014805883634;6000000196831703915
6000000002865012743;6000000011874229882
6000000027470574775;6000000156763499997
6000000119361736975;6000000223826625054
6000000080302431860;6000000223231824531
6000000032608640163;6000000208493280997
6000000003095108770;6000000003095149846
6000000176227798825;6000000176227798948
6000000189487193858;6000000189487199877
6000000029782574238;6000000060156854025
6000000196305225167;6000000196305225193
6000000011101366002;6000000101825240115
6000000023854533954;6000000203135076908
6000000028564203624;6000000101810415030
6000000004121402081;6000000219433951313
6000000000172370220;6000000045446382912
6000000004121807823;6000000218498410048
6000000036789091245;6000000036789167417
6000000006187533319;6000000163854685982
6000000183685240834;6000000183685240864
6000000183686480846;6000000183686480854
6000000183110744846;6000000192201720386
6000000182967998876;6000000182967998912
6000000183073127871;6000000183109315859
6000000002188081541;6000000176099378169
6000000024092412781;6000000024092723751
6000000024805956821;6000000082155671908
6000000184000950845;6000000200502654832
6000000024970692142;6000000033705954043
6000000033284031770;6000000037091859092
6000000013837862439;6000000196404142985
6000000223149147795;6000000223149147804
6000000029915181154;6000000131006117886
6000000010290690454;6000000010290715816
6000000020626966537;6000000145042806356
6000000183999241913;6000000200501200922
6000000024818463203;6000000219047097841
6000000027206195335;6000000218497909294
6000000019628630050;6000000101810569138
6000000004121402659;6000000219433951342
6000000060268682949;6000000060268734992
6000000098074319967;6000000098074319994
6000000084548595213;6000000084548906954
6000000220431296836;6000000220431342823
6000000025094998142;6000000188260382430
6000000201387984822;6000000209925534821
6000000095057295079;6000000095218589969
6000000028057183303;6000000028057501043
6000000004106791867;6000000016507935007
6000000033872833497;6000000033872860341
6000000030760569478;6000000030761248953
6000000028246578671;6000000028714321402
6000000028547714252;6000000028547959175
6000000034218944283;6000000034219313962
6000000034218910275;6000000034218921337
6000000034218718495;6000000034218784316
6000000034218926303;6000000034219427901
6000000029392418597;6000000029399225873
6000000028419197701;6000000028419777048
6000000030272579496;6000000030272745201
6000000028264102009;6000000029842232307
6000000028264135163;6000000028264192985
6000000028263841487;6000000028264120908
6000000028835895339;6000000028835960880
6000000028264069150;6000000028264073384
6000000029452331886;6000000029452450870
6000000030052963703;6000000030908922997
4579802672330038505;6000000014765089240;6000000225542887822;6000000226147783827
6000000197954899919;6000000197954899963;6000000223149147795;6000000223149147804
6000000197954899919;6000000197954899963;6000000223149147795;6000000223149147804
6000000006590150531;6000000222125015864;6000000222125062836
6000000089620434964;6000000089620469964;6000000193060182823
6000000089620434964;6000000089620469964;6000000193060182823
6000000190303478873;6000000192188211827;6000000194296807824
6000000191959274850;6000000192281733871;6000000192282003821
6000000007021923685;6000000015155219701;6000000015155245421
6000000003522641768;6000000003577535464;6000000011122368159
4802330555180081416;6000000221235886880;6000000221235933829
6000000226775820852;6000000226776021873
6000000021213987139;6000000225987220849
4814162842170060070;6000000219204423843
6000000014314783637;6000000026283310674
6000000015083104482;6000000015083274632
6000000017421621462;6000000017592275688
6000000002188091119;6000000046845477856
6000000021700669058;6000000027644749134
6000000004096239737;6000000004096244312
6000000022132288280;6000000101825842952
6000000106669770879;6000000223790517205
6000000004096239758;6000000004096244148
6000000004096239598;6000000004096244100
6000000001317140063;6000000227034449834
6000000028050887799;6000000223428558837
6000000028050887799;6000000223428558837
6000000007690779458;6000000227034514860
6000000006127141707;6000000227034410839
6000000005250868691;6000000005250976622
6000000006127141715;6000000227034418861
6000000000112110722;6000000176464662828
6000000190032207845;6000000208955929845
6000000008630912005;6000000222851967953
6000000000629551722;6000000106487547833
6000000006127141719;6000000227034439869
6000000066014562951;6000000221364618899
6000000007690541018;6000000227034432850
6000000036964196047;6000000071340829873
6000000219912116855;6000000219913707875
6000000002638769862;6000000050938246852
6000000007690706836;6000000227034295952
4802434289790025219;4805701267670077433
6000000007450372297;6000000022514160509
6000000009479050521;6000000017275333629
6000000009974737353;6000000014322332474
6000000223775384871;6000000223775565094
6000000216105953632;6000000216105953647
6000000006346928088;6000000101820324974
4875839791910079009;6000000223428423844
6000000002217910145;6000000131293091851
6000000019607841510;6000000214032492960
6000000003243418109;6000000026188365804
6000000004121611706;6000000212734442842