300372611270008118
311725150020002642
311726124930005771
329701056720007585
359282141180013088
359282548040006278
361088850870011645
361088998770012651
361089507860011643
361244423510011619
361246584430007702
361246792660007630
361248587300001388
361249243780011638
361249577580001353
361250787660004588
361294506280011622
361298880640003460
361872255810006908
364546674660002455
367569056090011115
367569685710012560
367570029420002975
367570860480002947
367571920550003856
367574441710002974
367577807530012553
367585192160006590
367793606500003997
367793941240007394
367794161490012685
367794521940005201
367794789490012658
367795070310007387
367795289130012648
367795492730013743
367798636610006644
367798729210013747
367817667660012734
367825496880012729
367825724410004136
367826121200013833
370822999470007686
374572796950012476
374574014480004486
377691812420012492
4181086260680010857
4345907827450064942
4345910619610041011
4345919548630038290
4501729
4695498
4741008834280020973
4914390446680065242
4914415446210024322
5004464116060117006
5129087897520072687
5129132324450083091
5167035790980047641
5167427332910131249
5216082820490062836
5218811648840135507
5227336465080081295
5294781477310117337
5294796818400123982
5294796839380123988
5294809831620132193
5602983891220027915
6000000000045500984
6000000000045588270
6000000000045817907
6000000000045857394
6000000000045892532
6000000000129356093
6000000000129356104
6000000000129356113
6000000000129362295
6000000000129362313
6000000000129362703
6000000000129362802
6000000000129386566
6000000000129390453
6000000000129400085
6000000000129400159
6000000000138844979
6000000000138928544
6000000000138948482
6000000000138962298
6000000000172348087
6000000000196844689
6000000000196854600
6000000000196966254
6000000000197040207
6000000000293367254
6000000000307280059
6000000000307280073
6000000000307280238
6000000000307280247
6000000000307812013
6000000000307813536
6000000000307815370
6000000000307821172
6000000000337130731
6000000000337283058
6000000000337283672
6000000000350865321
6000000000446306972
6000000000446513444
6000000000505640707
6000000000505665724
6000000000505678382
6000000000505699915
6000000000505738296
6000000000505879286
6000000000505937196
6000000000512198281
6000000000512521332
6000000000512719135
6000000000541939759
6000000000628768481
6000000000628780199
6000000000628796178
6000000000628798005
6000000000628798016
6000000000628817165
6000000000628843233
6000000000628845099
6000000000628854411
6000000000632013655
6000000000632027759
6000000000640927318
6000000000640930594
6000000000640937017
6000000000640975401
6000000000640989019
6000000000640989029
6000000000640989186
6000000000640989195
6000000000640989204
6000000000640989252
6000000000640989283
6000000000640989330
6000000000640989349
6000000000640989385
6000000000640989394
6000000000640989403
6000000000640989415
6000000000640989433
6000000000640989442
6000000000640989453
6000000000640989494
6000000000640989583
6000000000640989603
6000000000640989707
6000000000640989746
6000000000640989764
6000000000640989785
6000000000640990050
6000000000640990068
6000000000640990077
6000000000640990086
6000000000640990116
6000000000640990358
6000000000640990385
6000000000640990447
6000000000640990916
6000000000640990934
6000000000640991162
6000000000640991372
6000000000640991408
6000000000640991417
6000000000640991426
6000000000640991444
6000000000640991453
6000000000640991464
6000000000640991473
6000000000640991491
6000000000640991509
6000000000640991609
6000000000640991639
6000000000640991697
6000000000640991759
6000000000640991788
6000000000640991797
6000000000640992603
6000000000640992874
6000000000640992883
6000000000640992948
6000000000640992957
6000000000640993497
6000000000640993869
6000000000640994521
6000000000640994532
6000000000640994553
6000000000640994592
6000000000640994613
6000000000640994642
6000000000640994651
6000000000640994660
6000000000640994807
6000000000640994816
6000000000640995456
6000000000640995465
6000000000640995502
6000000000640995553
6000000000640995861
6000000000640995952
6000000000640996200
6000000000640996892
6000000000640997219
6000000000640997344
6000000000640997365
6000000000640997374
6000000000640997383
6000000000640997406
6000000000640997435
6000000000640997444
6000000000640997463
6000000000640997472
6000000000640997483
6000000000640997494
6000000000640997608
6000000000640997644
6000000000640997707
6000000000640997734
6000000000640997743
6000000000640997770
6000000000640997797
6000000000640997824
6000000000640997833
6000000000640998121
6000000000640998139
6000000000640998189
6000000000640998227
6000000000640998265
6000000000640998274
6000000000640998409
6000000000640998438
6000000000640998467
6000000000640998535
6000000000640998564
6000000000640998593
6000000000640998980
6000000000640999892
6000000000640999901
6000000000640999910
6000000000641000368
6000000000641000378
6000000000641000388
6000000000641000428
6000000000641004750
6000000000641005293
6000000000641005343
6000000000641005354
6000000000641005365
6000000000641005416
6000000000641007220
6000000000641007268
6000000000641007277
6000000000641007286
6000000000641007553
6000000000641008651
6000000000641008660
6000000000641008940
6000000000641009167
6000000000641009176
6000000000641009194
6000000000641009212
6000000000641011628
6000000000641011774
6000000000641011820
6000000000641011867
6000000000641011939
6000000000641012085
6000000000641012552
6000000000641016563
6000000000641020817
6000000000641021141
6000000000641021171
6000000000641021280
6000000000641022265
6000000000641022274
6000000000641022293
6000000000641022332
6000000000641022341
6000000000641022350
6000000000641022405
6000000000641025369
6000000000641029036
6000000000641029113
6000000000641029662
6000000000641030272
6000000000641030314
6000000000641030910
6000000000641031593
6000000000641033225
6000000000641033372
6000000000641033528
6000000000641033556
6000000000641033567
6000000000641033597
6000000000641033627
6000000000641033750
6000000000641033797
6000000000641034230
6000000000641034584
6000000000641034871
6000000000641043093
6000000000641043129
6000000000641043864
6000000000641044032
6000000000641044621
6000000000641044648
6000000000641048183
6000000000641048192
6000000000641048201
6000000000641063041
6000000000641063051
6000000000641063620
6000000000641063672
6000000000641082869
6000000000641082889
6000000000641085511
6000000000641085531
6000000000641086002
6000000000641086012
6000000000641086022
6000000000641094468
6000000000641094549
6000000000641094568
6000000000641094838
6000000000641095178
6000000000641095458
6000000000641095822
6000000000641100823
6000000000641100841
6000000000641101649
6000000000641107268
6000000000641107288
6000000000641107298
6000000000669984837
6000000000670055831
6000000000670173610
6000000000670279300
6000000000698197888
6000000000698523841
6000000000698805737
6000000000746493508
6000000000746523797
6000000000750946565
6000000000751062284
6000000000751675327
6000000000751760004
6000000000752035582
6000000000752036538
6000000000752120431
6000000000752175059
6000000000770001102
6000000000770001124
6000000000770001135
6000000000770001251
6000000000770001263
6000000000770001331
6000000000770001342
6000000000770001409
6000000000770001420
6000000000770001441
6000000000770001773
6000000000770001784
6000000000836350499
6000000000841388071
6000000000842892424
6000000000843042071
6000000000843049128
6000000000851678345
6000000000856408220
6000000000857016008
6000000000883254898
6000000000883304840
6000000000883334967
6000000000883338447
6000000000883399328
6000000000883502040
6000000000883626680
6000000000883637534
6000000000883747168
6000000000883752116
6000000000883757224
6000000000883790003
6000000000883831185
6000000000883851097
6000000000883963087
6000000000905010305
6000000000905018424
6000000000905085347
6000000000906504975
6000000000978702307
6000000001042071191
6000000001121942662
6000000001235612590
6000000001319323403
6000000001319413078
6000000001323878378
6000000001338972115
6000000001339449427
6000000001343069313
6000000001379204104
6000000001395361096
6000000001422275097
6000000001435344198
6000000001435345980
6000000001435355223
6000000001435364505
6000000001435365181
6000000001435365220
6000000001435366077
6000000001435366127
6000000001435366187
6000000001435366302
6000000001435366324
6000000001435366455
6000000001435366465
6000000001435366475
6000000001435366490
6000000001435366502
6000000001435367932
6000000001435367958
6000000001435372934
6000000001435504434
6000000001435507697
6000000001441138527
6000000001441225516
6000000001468340138
6000000001479508039
6000000001479578007
6000000001500866583
6000000001500964101
6000000001500964124
6000000001500964244
6000000001500964252
6000000001501047229
6000000001501047236
6000000001777323448
6000000001777536029
6000000001841472088
6000000001841495783
6000000001841619252
6000000001842442210
6000000001842471516
6000000001842544359
6000000001842551175
6000000001842580141
6000000001842614063
6000000001842762576
6000000001842873597
6000000001849187050
6000000001849188528
6000000001849400415
6000000001849478364
6000000001849536031
6000000001875312777
6000000001875351616
6000000001881371427
6000000001881446504
6000000001881520257
6000000001881564111
6000000001881573381
6000000001893103526
6000000001893375118
6000000001893414125
6000000001916284084
6000000001916293038
6000000001916294146
6000000001916324013
6000000001956348839
6000000002009192096
6000000002022153112
6000000002180978779
6000000002181368497
6000000002187911279
6000000002188395768
6000000002188453140
6000000002188502034
6000000002188504627
6000000002322323932
6000000002322328873
6000000002322337149
6000000002398945602
6000000002398972975
6000000002399101296
6000000002447405119
6000000002447405127
6000000002562808393
6000000002634082703
6000000002634235493
6000000002634347389
6000000003003872009
6000000003047659421
6000000003055498767
6000000003122317723
6000000003122317837
6000000003122317858
6000000003122319829
6000000003122319844
6000000003122319864
6000000003122340655
6000000003122346868
6000000003122380919
6000000003122380924
6000000003122380935
6000000003122380941
6000000003122380947
6000000003122380953
6000000003122380959
6000000003122384007
6000000003122384013
6000000003122384019
6000000003122384026
6000000003122384032
6000000003122384038
6000000003122384044
6000000003122384050
6000000003122384057
6000000003122384064
6000000003122384076
6000000003122384400
6000000003122427549
6000000003122477416
6000000003139134965
6000000003146970482
6000000003219792467
6000000003232545902
6000000003232579946
6000000003234018546
6000000003306282722
6000000003309293163
6000000003311986861
6000000003320572226
6000000003481828848
6000000003481828861
6000000003481828867
6000000003481828874
6000000003481828915
6000000003481828921
6000000003481830022
6000000003481830046
6000000003481830058
6000000003481830064
6000000003493171505
6000000003493171533
6000000003493171560
6000000003493171581
6000000003493171588
6000000003493176482
6000000003493176544
6000000003493218891
6000000003493218905
6000000003493218919
6000000003493220220
6000000003493220228
6000000003493220235
6000000003493396385
6000000003496767507
6000000003515021714
6000000003574235264
6000000003580928225
6000000003649101088
6000000003659008443
6000000003682632338
6000000003695602736
6000000003695843572
6000000003696065270
6000000003696065448
6000000003696158386
6000000003784237528
6000000003784346124
6000000003784428066
6000000003827384234
6000000003827561325
6000000003827561331
6000000003827650119
6000000003827650747
6000000003827650754
6000000003827650760
6000000003827650905
6000000003845478484
6000000003845495674
6000000003845707346
6000000003846023168
6000000003935484952
6000000003979033691
6000000003979051871
6000000003979130845
6000000004041806746
6000000004082907343
6000000004094974286
6000000004120195518
6000000004145280433
6000000004150889590
6000000004154417178
6000000004154417190
6000000004157990702
6000000004174937484
6000000004175578608
6000000004175606509
6000000004175711144
6000000004176823693
6000000004176944447
6000000004178183584
6000000004336841042
6000000004692292049
6000000005062536963
6000000005062596951
6000000005062613809
6000000005062692717
6000000005062778475
6000000005062923062
6000000005064208780
6000000005065443858
6000000005065453564
6000000005065914146
6000000005066084145
6000000005066116839
6000000005644622005
6000000005644700019
6000000006087639405
6000000006088076037
6000000006101312718
6000000006101348166
6000000006101354494
6000000006101354499
6000000006101354564
6000000006101354569
6000000006101354573
6000000006101354608
6000000006101354612
6000000006101354617
6000000006101354628
6000000006101354639
6000000006101354644
6000000006101354649
6000000006101354653
6000000006101354658
6000000006101354662
6000000006101354667
6000000006101354678
6000000006101354683
6000000006101354687
6000000006101354702
6000000006101354707
6000000006101354712
6000000006101354717
6000000006101354726
6000000006101354731
6000000006101354736
6000000006101354745
6000000006101354766
6000000006101354780
6000000006101354797
6000000006101354801
6000000006101354807
6000000006101354813
6000000006101354819
6000000006101354824
6000000006101354828
6000000006101354833
6000000006101354838
6000000006101354844
6000000006101354848
6000000006101354852
6000000006101354883
6000000006101354887
6000000006101354905
6000000006101354910
6000000006101354916
6000000006101354920
6000000006101354926
6000000006101381936
6000000006101415836
6000000006101430416
6000000006101430421
6000000006101430426
6000000006101430432
6000000006101430446
6000000006101430458
6000000006101430490
6000000006109201186
6000000006127682204
6000000006365302655
6000000006377497551
6000000006377986027
6000000006420358940
6000000006420440641
6000000006420641372
6000000006420692242
6000000006420692444
6000000006420711150
6000000006420721111
6000000006421013012
6000000006428370888
6000000006428419376
6000000006428491389
6000000006428590101
6000000006435592832
6000000006436359683
6000000006436413760
6000000006436641118
6000000006444086851
6000000006444099404
6000000006444272490
6000000006444307257
6000000006444422097
6000000006444422102
6000000006444422467
6000000006444711394
6000000006444746709
6000000006444753224
6000000006444762285
6000000006451209985
6000000006451369773
6000000006451403719
6000000006451608453
6000000006451693425
6000000006451796150
6000000006451828146
6000000006451831121
6000000006451831140
6000000006456114459
6000000006456150386
6000000006459691005
6000000006496358950
6000000006508205018
6000000006509540001
6000000006591586020
6000000006706372714
6000000006721857089
6000000006726361763
6000000006727785569
6000000006727820407
6000000006727853745
6000000006727855670
6000000006727858380
6000000006727876826
6000000006734852355
6000000006763568151
6000000006764269412
6000000006772115293
6000000006781963580
6000000006782136431
6000000006782325048
6000000006787854686
6000000006797646030
6000000006875137282
6000000007086577488
6000000007086614548
6000000007086662766
6000000007086799142
6000000007103443860
6000000007103452979
6000000007103452983
6000000007103452987
6000000007103485616
6000000007103611425
6000000007103611430
6000000007202988733
6000000007273295799
6000000007273301741
6000000007273418655
6000000007328237457
6000000007329991665
6000000007330164271
6000000007336586390
6000000007336627094
6000000007336866596
6000000007337390586
6000000007385644071
6000000007394938990
6000000007395315362
6000000007395323305
6000000007417117848
6000000007443415956
6000000007511741535
6000000007522028712
6000000007540491273
6000000007605705166
6000000007606332445
6000000007606332450
6000000007606332461
6000000007606332483
6000000007606332489
6000000007606332494
6000000007606332499
6000000007606332521
6000000007606332549
6000000007606332660
6000000007664858090
6000000007665462377
6000000007665528232
6000000007819331265
6000000007831757178
6000000007832123585
6000000007832246488
6000000007832249486
6000000007832331249
6000000007832357362
6000000007841176184
6000000007872233144
6000000007872334406
6000000007872445231
6000000007947489857
6000000007947744434
6000000007948039276
6000000007948054460
6000000007948731482
6000000007949043978
6000000007949054335
6000000007949056229
6000000007950931464
6000000007951073336
6000000007951369403
6000000007951910569
6000000007960129940
6000000007960350261
6000000007960434327
6000000007985365662
6000000008009146219
6000000008010175894
6000000008010248463
6000000008010371409
6000000008018892870
6000000008018900992
6000000008018991833
6000000008018997063
6000000008019105593
6000000008019107442
6000000008019159202
6000000008019216356
6000000008020992573
6000000008021100514
6000000008021169405
6000000008024070894
6000000008024133707
6000000008024168627
6000000008024207441
6000000008024303241
6000000008036168750
6000000008049080226
6000000008050917580
6000000008090331855
6000000008090464834
6000000008090560796
6000000008090578579
6000000008090587849
6000000008090725243
6000000008091983321
6000000008092041322
6000000008102509048
6000000008104677107
6000000008112460783
6000000008112494525
6000000008113948763
6000000008113987852
6000000008114105722
6000000008114111556
6000000008114167750
6000000008114307280
6000000008114439489
6000000008115021475
6000000008115212866
6000000008154791008
6000000008154848800
6000000008155003397
6000000008155003843
6000000008155039419
6000000008155059218
6000000008251412595
6000000008251538432
6000000008262011906
6000000008262617721
6000000008262941290
6000000008265874856
6000000008266043781
6000000008269958481
6000000008277258052
6000000008311458087
6000000008345389102
6000000008345914624
6000000008345922587
6000000008346271398
6000000008351579436
6000000008383977191
6000000008383986578
6000000008384001982
6000000008384003915
6000000008384024462
6000000008384075400
6000000008384102573
6000000008384169515
6000000008395473048
6000000008415553952
6000000008415565707
6000000008415678736
6000000008415722429
6000000008415775537
6000000008415892311
6000000008467548795
6000000008467694955
6000000008467712710
6000000008468591496
6000000008489096160
6000000008489345902
6000000008489489603
6000000008489496922
6000000008489668536
6000000008495096130
6000000008495200036
6000000008495872607
6000000008495937741
6000000008496014954
6000000008496144580
6000000008496150654
6000000008496153627
6000000008496168847
6000000008496183426
6000000008496363222
6000000008496367209
6000000008496391230
6000000008497550073
6000000008497608976
6000000008497647041
6000000008497723073
6000000008497857319
6000000008498030438
6000000008498039607
6000000008498083497
6000000008498094262
6000000008506981493
6000000008506994135
6000000008507734667
6000000008507818779
6000000008510357137
6000000008510783714
6000000008510794007
6000000008511108662
6000000008511144356
6000000008511157206
6000000008521686371
6000000008521689490
6000000008521691340
6000000008521761380
6000000008521823512
6000000008521840258
6000000008527795054
6000000008528029042
6000000008528074136
6000000008528326285
6000000008528496737
6000000008528686507
6000000008531100673
6000000008580578636
6000000008606971917
6000000008630790179
6000000008630797779
6000000008651401607
6000000008651471815
6000000008651498792
6000000008651499028
6000000008651623491
6000000008660465549
6000000008660473146
6000000008661852799
6000000008665970211
6000000008681815194
6000000008689959405
6000000008690016307
6000000008708234185
6000000008779404728
6000000008779479474
6000000008779505790
6000000008779555053
6000000008779628553
6000000008779651184
6000000008779695711
6000000008826548841
6000000008826672401
6000000008826743264
6000000008849515408
6000000008850996059
6000000008851276069
6000000008851295871
6000000008851470234
6000000008854492428
6000000008864637334
6000000008864693384
6000000008865532468
6000000008873027696
6000000008873107678
6000000008873201392
6000000008873225461
6000000008873763178
6000000008873841029
6000000008874060787
6000000008874090582
6000000008874151412
6000000008874167327
6000000008874167360
6000000008909004927
6000000008909055987
6000000008909111842
6000000008909125873
6000000008909157808
6000000008909200102
6000000008909202880
6000000008909224402
6000000008909253425
6000000008909294506
6000000008909332277
6000000008909339233
6000000008909343285
6000000008909351307
6000000008909365215
6000000008909372434
6000000008909391214
6000000008970361615
6000000009056907667
6000000009056931305
6000000009077619858
6000000009128263245
6000000009146347720
6000000009176644630
6000000009178056402
6000000009178085271
6000000009178184292
6000000009182931724
6000000009237863003
6000000009238216329
6000000009243471193
6000000009243606680
6000000009243628925
6000000009243680638
6000000009243685554
6000000009243685847
6000000009243689980
6000000009243805626
6000000009243839975
6000000009243974742
6000000009244009029
6000000009244028022
6000000009244032716
6000000009244069285
6000000009244072597
6000000009244096480
6000000009244139451
6000000009244144537
6000000009244168553
6000000009244168586
6000000009244201267
6000000009244208882
6000000009244406903
6000000009247045436
6000000009301772264
6000000009301847335
6000000009318575084
6000000009318697947
6000000009318763952
6000000009318840628
6000000009318918853
6000000009318931067
6000000009318937423
6000000009318967776
6000000009318986360
6000000009429759546
6000000009429843423
6000000009429912221
6000000009524445777
6000000009524802456
6000000009525069321
6000000009525450236
6000000009572156839
6000000009572335890
6000000009577257192
6000000009628883681
6000000009629322270
6000000009678928856
6000000009678960362
6000000009679234491
6000000009679261416
6000000009679336331
6000000009689748191
6000000009689834576
6000000009689949524
6000000009796094100
6000000009796108140
6000000009796423191
6000000009796434089
6000000009796525041
6000000009796698635
6000000009796698640
6000000009796701797
6000000009796721173
6000000009796741428
6000000009796818789
6000000009796835818
6000000009796860580
6000000009796874114
6000000009796929492
6000000009796974055
6000000009796980270
6000000009796983248
6000000009796995206
6000000009797049232
6000000009797090644
6000000009797140353
6000000009797153607
6000000009797155281
6000000009797173282
6000000009797183320
6000000009861774211
6000000009964270896
6000000009964326934
6000000009965113296
6000000009965401953
6000000009965449321
6000000009965590931
6000000009965727848
6000000009965781308
6000000009965786615
6000000009968796089
6000000009969319244
6000000009969408387
6000000009969529088
6000000009969636966
6000000009977073456
6000000009977405497
6000000010083463939
6000000010083484450
6000000010083516886
6000000010083532651
6000000010090862109
6000000010091199038
6000000010091257033
6000000010091264837
6000000010091328698
6000000010091334516
6000000010091400932
6000000010091432360
6000000010091441520
6000000010129239296
6000000010260332878
6000000010260726071
6000000010260947239
6000000010261231434
6000000010261340311
6000000010303874801
6000000010313776224
6000000010503212851
6000000010503650858
6000000010672042363
6000000010712216032
6000000010742219827
6000000010742298674
6000000010742379238
6000000010742397257
6000000010753243951
6000000010762730942
6000000010762955383
6000000010785501562
6000000010791601618
6000000010791679635
6000000010905184636
6000000010905531409
6000000010905884208
6000000010918431385
6000000010926264734
6000000010926312551
6000000010941840335
6000000010941894151
6000000010942468401
6000000010945031615
6000000011015980952
6000000011016365380
6000000011016400248
6000000011021437521
6000000011021619314
6000000011036404515
6000000011036556222
6000000011048446458
6000000011049951415
6000000011050675449
6000000011071521954
6000000011071650640
6000000011078459498
6000000011078877873
6000000011091914293
6000000011091979289
6000000011092337926
6000000011115626077
6000000011116440089
6000000011148176317
6000000011151911793
6000000011152007754
6000000011152276590
6000000011152341468
6000000011152756219
6000000011152756225
6000000011187853171
6000000011188182841
6000000011188217703
6000000011196549854
6000000011196638698
6000000011196748568
6000000011196793448
6000000011196811307
6000000011205884055
6000000011205965575
6000000011206057735
6000000011206109498
6000000011208695341
6000000011221613253
6000000011242102128
6000000011242401144
6000000011242532340
6000000011242609259
6000000011330838529
6000000011330908815
6000000011365720021
6000000011366808209
6000000011367483397
6000000011429610327
6000000011445239765
6000000011445425315
6000000011445602315
6000000011469944465
6000000011483491860
6000000011484326596
6000000011484536035
6000000011635945929
6000000011636160156
6000000011636280889
6000000011636291448
6000000011636371064
6000000011636404598
6000000011636459351
6000000011636543249
6000000011682324123
6000000011934148672
6000000012032707982
6000000012032980193
6000000012033147891
6000000012033259013
6000000012033329848
6000000012033363754
6000000012033654469
6000000012033654635
6000000012033678711
6000000012033678721
6000000012033766537
6000000012033813461
6000000012042263080
6000000012136666282
6000000012378670597
6000000012399565905
6000000012402156355
6000000012408750343
6000000012408785312
6000000012448742478
6000000012562267187
6000000012569430661
6000000012612557501
6000000012612683172
6000000012696337070
6000000012716991954
6000000012717903468
6000000012718067249
6000000012718209528
6000000012786874373
6000000012807329106
6000000012808241290
6000000012828021493
6000000012832397278
6000000012841241913
6000000012876437261
6000000013009634026
6000000013009736448
6000000013009836254
6000000013017083444
6000000013018790934
6000000013018865938
6000000013018997657
6000000013019003632
6000000013019050829
6000000013019075408
6000000013019078783
6000000013019103091
6000000013019107574
6000000013019117526
6000000013019118827
6000000013019159496
6000000013019190312
6000000013019203291
6000000013032929695
6000000013036163350
6000000013036357290
6000000013053583152
6000000013054435903
6000000013054549921
6000000013054643766
6000000013054651337
6000000013054763684
6000000013054780562
6000000013054828643
6000000013055095655
6000000013056089567
6000000013061779725
6000000013083019193
6000000013083482316
6000000013173427777
6000000013173693646
6000000013173814124
6000000013173876777
6000000013175053920
6000000013175080776
6000000013175153819
6000000013260627711
6000000013270529721
6000000013272564758
6000000013272971564
6000000013273083298
6000000013279212949
6000000013279362022
6000000013279400970
6000000013279743475
6000000013300915679
6000000013331596630
6000000013331626975
6000000013544962900
6000000013545353703
6000000013546470518
6000000013558176238
6000000013743920129
6000000013743993091
6000000013743994168
6000000013751549502
6000000013942882658
6000000013942968186
6000000013943062677
6000000014040068430
6000000014094061814
6000000014117776743
6000000014123375805
6000000014123653322
6000000014123866712
6000000014142009833
6000000014142252988
6000000014142405381
6000000014142445463
6000000014142516308
6000000014142600026
6000000014161552440
6000000014193118635
6000000014275087519
6000000014275110748
6000000014275384506
6000000014275414951
6000000014275452064
6000000014275620106
6000000014275652158
6000000014289816763
6000000014290426102
6000000014293711926
6000000014293722975
6000000014293724990
6000000014293984697
6000000014294095886
6000000014294104646
6000000014294130527
6000000014294130535
6000000014294133702
6000000014294143226
6000000014294150867
6000000014294165359
6000000014294169984
6000000014294229133
6000000014294243195
6000000014294273520
6000000014294279024
6000000014294280038
6000000014294282585
6000000014294358966
6000000014294412649
6000000014294422524
6000000014294450460
6000000014294455052
6000000014294456328
6000000014294491286
6000000014294510247
6000000014294515187
6000000014294520035
6000000014294544029
6000000014294589872
6000000014294597945
6000000014294605022
6000000014294605731
6000000014294609001
6000000014294618039
6000000014294631096
6000000014294641567
6000000014294661530
6000000014294663660
6000000014294672729
6000000014294679062
6000000014294689911
6000000014294719543
6000000014294721555
6000000014294731788
6000000014294772802
6000000014294776633
6000000014294784153
6000000014294794550
6000000014294796558
6000000014294804084
6000000014294807004
6000000014295035296
6000000014295054324
6000000014295054371
6000000014295075726
6000000014295099344
6000000014295103009
6000000014295183003
6000000014295185817
6000000014295266278
6000000014295266283
6000000014295280962
6000000014295289536
6000000014295366705
6000000014295385638
6000000014295399458
6000000014295399791
6000000014295400244
6000000014295543583
6000000014295543590
6000000014295581252
6000000014295622529
6000000014295798293
6000000014295885248
6000000014295942973
6000000014295951380
6000000014295988708
6000000014296133710
6000000014296133743
6000000014296297113
6000000014296435072
6000000014296455106
6000000014297434060
6000000014297500403
6000000014297918219
6000000014301742158
6000000014301755430
6000000014302010193
6000000014303474424
6000000014303774753
6000000014312677662
6000000014312747225
6000000014312919521
6000000014313369606
6000000014313584416
6000000014315203608
6000000014315979410
6000000014316102263
6000000014337763606
6000000014339977281
6000000014352344396
6000000014362122981
6000000014362640574
6000000014363901840
6000000014364003777
6000000014364149895
6000000014364172592
6000000014364172600
6000000014364257233
6000000014364257252
6000000014364364207
6000000014364392763
6000000014364502557
6000000014364518823
6000000014398840820
6000000014398945645
6000000014399032634
6000000014399044423
6000000014399071967
6000000014399226696
6000000014399450278
6000000014399460653
6000000014399597089
6000000014399604871
6000000014406470663
6000000014410309648
6000000014410369411
6000000014411056318
6000000014411093510
6000000014411994722
6000000014419044326
6000000014420419363
6000000014420435531
6000000014420460526
6000000014420579091
6000000014422053172
6000000014430137824
6000000014432282596
6000000014432463813
6000000014439224530
6000000014439960381
6000000014440005407
6000000014440351250
6000000014441204194
6000000014441241585
6000000014441263447
6000000014441347165
6000000014441615301
6000000014441640963
6000000014441682979
6000000014441698953
6000000014441744726
6000000014441747717
6000000014441797233
6000000014441900007
6000000014441908022
6000000014441929130
6000000014442076865
6000000014442126532
6000000014442126671
6000000014442173546
6000000014442177364
6000000014442380565
6000000014442435927
6000000014442485716
6000000014442582950
6000000014442603145
6000000014442670009
6000000014442696306
6000000014442770902
6000000014442780842
6000000014442789099
6000000014442841114
6000000014442841562
6000000014442938653
6000000014442951229
6000000014442958097
6000000014466880764
6000000014467554378
6000000014568702032
6000000014607998680
6000000014608020262
6000000014608053600
6000000014608086619
6000000014608138147
6000000014651771706
6000000014706493226
6000000014706521119
6000000014734777824
6000000014744950569
6000000014756541377
6000000014757173096
6000000014815644440
6000000014906874670
6000000014926004277
6000000014926019174
6000000014928249462
6000000014928544038
6000000014928795709
6000000014928903633
6000000014928928952
6000000014928949702
6000000014928950236
6000000014928971428
6000000014929025197
6000000014929036088
6000000014929177756
6000000014929234557
6000000014929314831
6000000014929392736
6000000014929451550
6000000014929500514
6000000014929607025
6000000014929607341
6000000014929634200
6000000014929764199
6000000014929892116
6000000014930015030
6000000014930015327
6000000014934987909
6000000014935329212
6000000015092991908
6000000015094565204
6000000015132549918
6000000015162280069
6000000015162302004
6000000015164701160
6000000015165110561
6000000015165278325
6000000015165413862
6000000015165484642
6000000015165572317
6000000015165736101
6000000015165846287
6000000015166328873
6000000015166330203
6000000015166345474
6000000015166393247
6000000015166467175
6000000015167569986
6000000015167666731
6000000015167745926
6000000015167762973
6000000015168098033
6000000015168198123
6000000015186672867
6000000015208210614
6000000015214141459
6000000015214164705
6000000015214169481
6000000015214177434
6000000015214199992
6000000015214231345
6000000015214249646
6000000015214313503
6000000015214320410
6000000015214336090
6000000015214356415
6000000015214378037
6000000015214485434
6000000015214515822
6000000015214567362
6000000015214599926
6000000015214631471
6000000015216191129
6000000015216227143
6000000015216315200
6000000015227975777
6000000015259513175
6000000015275699344
6000000015279928822
6000000015280050267
6000000015280155364
6000000015301980094
6000000015310253530
6000000015310440311
6000000015310598271
6000000015310750243
6000000015311031591
6000000015311164259
6000000015322332187
6000000015322738558
6000000015325355702
6000000015325612388
6000000015327071515
6000000015327654046
6000000015339706789
6000000015339965664
6000000015340347867
6000000015340734639
6000000015341001647
6000000015341003638
6000000015342663368
6000000015342771193
6000000015342876908
6000000015343048013
6000000015350151251
6000000015350311505
6000000015350503911
6000000015352742167
6000000015356579186
6000000015357569830
6000000015357823951
6000000015358092732
6000000015358458188
6000000015358488049
6000000015360300353
6000000015361893594
6000000015361921240
6000000015361951400
6000000015367406265
6000000015368231862
6000000015368719150
6000000015392049851
6000000015392271245
6000000015392298983
6000000015392561511
6000000015392658117
6000000015437716511
6000000015485802310
6000000015505992356
6000000015514989455
6000000015522848914
6000000015528241436
6000000015528454477
6000000015531731377
6000000015531741266
6000000015532103388
6000000015532406251
6000000015532471056
6000000015532540121
6000000015532550172
6000000015535430243
6000000015536081641
6000000015536192633
6000000015536989424
6000000015537032916
6000000015537447837
6000000015537671870
6000000015537829358
6000000015543529405
6000000015544075032
6000000015628911730
6000000015633226273
6000000015633331146
6000000015645951538
6000000015647948256
6000000015648134353
6000000015648140902
6000000015648482275
6000000015689892717
6000000015703639550
6000000015703825796
6000000015703837470
6000000015703840381
6000000015703949073
6000000015705313459
6000000015715291847
6000000015715526759
6000000015715782533
6000000015716095681
6000000015716513775
6000000015716521900
6000000015716554509
6000000015717072027
6000000015738036752
6000000015738077677
6000000015739521115
6000000015743818463
6000000015746510337
6000000015746654214
6000000015746688153
6000000015747090924
6000000015747610334
6000000015748310358
6000000015754605079
6000000015755102503
6000000015765820752
6000000015766283471
6000000015776825306
6000000015777039535
6000000015777244303
6000000015812589795
6000000015812648445
6000000015812656590
6000000015812656610
6000000015815236686
6000000015815295476
6000000015815371000
6000000015815439960
6000000015815450732
6000000015815658016
6000000015865714298
6000000015870547860
6000000015871097985
6000000015871153179
6000000015871297688
6000000015871373186
6000000015871431158
6000000015871436066
6000000015872052095
6000000015878665613
6000000015878719431
6000000015878742630
6000000015878763841
6000000015878972752
6000000015879086112
6000000015879171075
6000000015879202188
6000000015879244082
6000000015879324167
6000000015888047853
6000000015888155537
6000000015888156405
6000000015888173484
6000000015888434397
6000000015888463053
6000000015888505085
6000000015888568869
6000000015888679666
6000000015888737447
6000000015888961231
6000000015888980637
6000000015888997109
6000000015889006077
6000000015908958881
6000000015908983941
6000000015909511157
6000000015924484311
6000000015940783277
6000000015940811643
6000000015940897174
6000000015944586782
6000000015945444279
6000000016000810506
6000000016000910328
6000000016000936213
6000000016000971011
6000000016096908745
6000000016103215354
6000000016103520182
6000000016129127960
6000000016170672200
6000000016236895891
6000000016435903023
6000000016437882772
6000000016438425083
6000000016442010389
6000000016442110251
6000000016524359572
6000000016524970415
6000000016526576510
6000000016526889001
6000000016619181437
6000000016631878025
6000000016648305393
6000000016705541332
6000000016764363357
6000000016764494698
6000000016764571476
6000000016764582469
6000000016774180811
6000000016774497052
6000000016792417330
6000000016793310471
6000000016838749822
6000000016839211828
6000000016882072785
6000000016936050659
6000000016936079909
6000000016936250214
6000000016936268106
6000000016936297094
6000000017005269271
6000000017005409252
6000000017049450640
6000000017050078452
6000000017050209563
6000000017050356534
6000000017050814455
6000000017050871138
6000000017050964101
6000000017050969165
6000000017050981423
6000000017052345125
6000000017052450055
6000000017052525383
6000000017052530004
6000000017141065557
6000000017141263626
6000000017148948933
6000000017149777040
6000000017226081107
6000000017227353674
6000000017227390650
6000000017377784289
6000000017477932044
6000000017576375305
6000000017579492502
6000000017579909372
6000000017580002426
6000000017580249664
6000000017580903022
6000000017602326319
6000000017602449365
6000000017602458237
6000000017602477535
6000000017602588168
6000000017602588548
6000000017602631388
6000000017602641366
6000000017602688086
6000000017606318968
6000000017606319532
6000000017606334670
6000000017606368760
6000000017606702172
6000000017606975104
6000000017640864721
6000000017641114539
6000000017641175038
6000000017641367144
6000000017641387078
6000000017642159210
6000000017715796238
6000000017716028118
6000000017716078252
6000000017720364800
6000000017720660189
6000000017720754772
6000000017720891519
6000000017920089406
6000000017920275850
6000000017920630425
6000000017920897825
6000000017921038233
6000000017921118148
6000000017921757042
6000000017934862906
6000000017935311806
6000000017935421306
6000000017935447330
6000000017935472194
6000000017935617007
6000000018107768710
6000000018107792550
6000000018108182275
6000000018115983250
6000000018116266960
6000000018116418721
6000000018116661206
6000000018116688137
6000000018116700134
6000000018116771104
6000000018116891659
6000000018122788587
6000000018122855831
6000000018123012667
6000000018136726161
6000000018143619297
6000000018144500205
6000000018192663175
6000000018193952777
6000000018194098010
6000000018194234253
6000000018201996644
6000000018202200826
6000000018202249453
6000000018507340927
6000000018613778810
6000000018613784575
6000000018613838346
6000000018613870370
6000000018613884704
6000000018614323181
6000000018625899766
6000000018625952817
6000000018626022307
6000000018626022323
6000000018626023450
6000000018626298858
6000000018626614555
6000000018626667355
6000000018626700132
6000000018891510381
6000000018907077666
6000000018907597016
6000000018909155670
6000000018909512047
6000000018938183219
6000000018963480057
6000000018968225161
6000000018971353831
6000000018971460578
6000000018985520604
6000000018986901513
6000000018987120257
6000000018989044665
6000000018989105888
6000000018989197558
6000000018989383328
6000000018989387517
6000000018989388319
6000000018989447366
6000000018989453467
6000000018989458203
6000000018989480384
6000000018989533298
6000000018989586060
6000000018989602143
6000000018994804816
6000000018995673056
6000000018995770048
6000000019000104933
6000000019000549486
6000000019000591557
6000000019000591580
6000000019000716099
6000000019001833219
6000000019007464696
6000000019007835150
6000000019007840185
6000000019008009221
6000000019008297925
6000000019012093796
6000000019012127887
6000000019012246437
6000000019012246482
6000000019012246498
6000000019012295292
6000000019012302441
6000000019012353272
6000000019012434040
6000000019012479385
6000000019034805680
6000000019044242827
6000000019044268869
6000000019044275777
6000000019044307743
6000000019044440482
6000000019044475865
6000000019044476816
6000000019044809242
6000000019044841227
6000000019044874132
6000000019044886093
6000000019045280534
6000000019045545281
6000000019045709118
6000000019053725882
6000000019053922743
6000000019053966819
6000000019054408539
6000000019054471136
6000000019054488053
6000000019054515179
6000000019054609377
6000000019054670068
6000000019054672303
6000000019054712021
6000000019054724262
6000000019054831074
6000000019056936136
6000000019057248507
6000000019057272867
6000000019057473315
6000000019173640006
6000000019230537182
6000000019230889393
6000000019231100432
6000000019231118418
6000000019231123359
6000000019231166412
6000000019231429345
6000000019231482198
6000000019260239297
6000000019260335559
6000000019458082815
6000000019458148639
6000000019458368954
6000000019458515482
6000000019458515492
6000000019458515497
6000000019458604423
6000000019458605293
6000000019458689484
6000000019458706387
6000000019458772231
6000000019458908238
6000000019458929166
6000000019459057394
6000000019459138182
6000000019459168339
6000000019459217213
6000000019459325013
6000000019580701990
6000000019580756786
6000000019583671013
6000000019592082913
6000000019592102887
6000000019592806760
6000000019593473000
6000000019593478899
6000000019593509717
6000000019593509837
6000000019593687838
6000000019593758402
6000000019593761646
6000000019593764048
6000000019593770464
6000000019593771387
6000000019593781196
6000000019593903268
6000000019593943178
6000000019593980187
6000000019594032230
6000000019594390566
6000000020019374746
6000000020019490315
6000000020020487060
6000000020069628296
6000000020069874459
6000000020069942662
6000000020091854024
6000000021040892486
6000000021040914420
6000000021041069129
6000000021041174969
6000000021042423671
6000000021042749398
6000000021042777733
6000000021042909311
6000000021042938733
6000000021043129233
6000000021043153384
6000000021043198216
6000000021043778926
6000000021043916437
6000000021044200963
6000000021119673557
6000000021120039632
6000000021120068500
6000000021120177050
6000000021120270244
6000000021120272918
6000000021150978462
6000000021151149413
6000000021151236629
6000000021151358482
6000000021151594900
6000000021187397984
6000000021187684553
6000000021200671587
6000000021239810525
6000000021240296349
6000000021240694181
6000000021240872979
6000000021248389362
6000000021340981724
6000000021377576892
6000000021413197944
6000000021505156794
6000000021505383351
6000000021517050737
6000000021517291979
6000000021517471861
6000000021540561314
6000000021540646055
6000000021540705883
6000000021582544658
6000000021582838001
6000000021609603237
6000000021610667669
6000000021610814186
6000000021610865770
6000000021611205225
6000000021611403011
6000000021611591971
6000000021612272793
6000000021612967442
6000000021613008321
6000000021613834608
6000000021613965415
6000000021614270422
6000000021614418167
6000000021615229916
6000000021615493877
6000000021615739991
6000000021617876785
6000000021618027378
6000000021618185198
6000000021618221543
6000000021618227441
6000000021618351197
6000000021618421192
6000000021618428024
6000000021618454067
6000000021662477072
6000000021674834181
6000000021675166880
6000000021847505644
6000000021847863467
6000000021847895348
6000000021848125057
6000000021848529727
6000000021848814095
6000000021849316673
6000000021849438706
6000000021849515765
6000000021849525330
6000000021849548417
6000000021849643876
6000000021884091646
6000000021884153364
6000000021884216514
6000000021884225479
6000000021884352114
6000000021884356507
6000000021884377008
6000000021884427926
6000000021884487110
6000000021911367870
6000000022015222245
6000000022129149516
6000000022135453336
6000000022135521849
6000000022135830147
6000000022135874911
6000000022150456141
6000000022187449894
6000000022275223894
6000000022280320512
6000000022396231210
6000000022424420810
6000000022424679734
6000000022425169974
6000000022425294567
6000000022425339493
6000000022425346294
6000000022425484433
6000000022425559119
6000000022426251044
6000000022429931981
6000000022430556860
6000000022606843152
6000000022607651936
6000000022634527444
6000000022635999485
6000000022636209275
6000000022638387700
6000000022642629329
6000000022642883872
6000000022642932298
6000000022643093961
6000000022644686516
6000000022644968274
6000000022645164643
6000000022645187336
6000000022645479898
6000000022645546108
6000000022645573923
6000000022645582836
6000000022645672262
6000000022699151381
6000000022785186486
6000000022785330413
6000000022785356238
6000000022785366221
6000000022785451227
6000000024033496664
6000000024132650121
6000000024168588582
6000000024336072401
6000000024336193415
6000000024402049626
6000000024416186382
6000000024416509007
6000000024451602220
6000000024451617626
6000000024451689146
6000000024451865087
6000000024451865093
6000000024476559026
6000000024476585203
6000000024490360055
6000000024510733357
6000000024529686549
6000000024530013981
6000000024530017052
6000000024729754533
6000000024948121730
6000000024948207813
6000000024948408653
6000000024948571097
6000000024948627398
6000000024948720176
6000000024948782278
6000000025569035161
6000000025569642872
6000000025570041888
6000000025595036289
6000000025595165543
6000000025596054461
6000000025596201574
6000000025596376493
6000000025596454482
6000000025596909558
6000000025596988178
6000000025846205934
6000000026036527396
6000000026036710574
6000000026101993038
6000000026102600887
6000000026117459450
6000000026123913342
6000000026124985512
6000000026125810988
6000000026127840974
6000000026185751596
6000000026257322636
6000000026257912323
6000000026258617910
6000000026273726392
6000000026273984771
6000000026323237455
6000000026323849848
6000000026335384024
6000000026335443932
6000000026352737671
6000000026370229997
6000000026370273954
6000000026370368902
6000000026504059832
6000000026518742106
6000000026518979003
6000000026519039887
6000000026540246404
6000000026541508409
6000000026543030092
6000000026547062548
6000000026547070236
6000000026547150131
6000000026627571547
6000000026631818025
6000000026631827126
6000000026653422505
6000000026653858973
6000000026872332988
6000000026878278045
6000000026884183582
6000000026884294790
6000000026884369608
6000000026887086906
6000000026887204929
6000000026887285921
6000000026887320914
6000000026889425033
6000000026892328177
6000000026892389699
6000000026892403405
6000000026892436047
6000000026908972642
6000000026909324497
6000000026909485514
6000000026909546276
6000000026909600305
6000000026909838296
6000000026909857446
6000000026909935402
6000000026910069072
6000000026910102921
6000000026910107218
6000000026910187089
6000000026910289858
6000000026933303834
6000000026933331821
6000000026950063352
6000000026950065192
6000000027090501279
6000000027090957648
6000000027104534631
6000000027105062355
6000000027105159336
6000000027105749250
6000000027105953773
6000000027106156983
6000000027106241027
6000000027106333165
6000000027106464031
6000000027106548361
6000000027106636370
6000000027121519664
6000000027122279588
6000000027122365103
6000000027122806635
6000000027125524398
6000000027127209358
6000000027127463623
6000000027142639301
6000000027143615141
6000000027149096412
6000000027179553426
6000000027209341390
6000000027247402432
6000000027249412950
6000000027320569820
6000000027323465031
6000000027340413515
6000000027340806933
6000000027372409271
6000000027372532459
6000000027372557206
6000000027372597690
6000000027385476747
6000000027394800463
6000000027395040960
6000000027420870622
6000000027491652570
6000000027494060163
6000000027504275678
6000000027504663013
6000000027504663889
6000000027504725848
6000000027510124595
6000000027510228544
6000000027520096463
6000000027520195737
6000000027607562346
6000000027607577559
6000000027607647266
6000000027607924430
6000000027607957890
6000000027608160836
6000000027608220361
6000000027610962593
6000000027611106375
6000000027657317836
6000000027657751343
6000000027707319045
6000000027709309404
6000000027716828042
6000000027717002742
6000000027719012930
6000000027719773440
6000000027720005942
6000000027720024630
6000000027720156131
6000000027722490408
6000000027722806417
6000000027724994928
6000000027740519942
6000000027740599622
6000000027805319113
6000000027877677876
6000000027895816893
6000000027965266489
6000000027965878605
6000000027966112257
6000000027973837741
6000000028107306587
6000000028117296485
6000000028117946600
6000000028118459402
6000000028120159889
6000000028418914022
6000000028447332940
6000000028463851493
6000000028464078890
6000000029165528771
6000000029165532700
6000000029166152890
6000000029175638476
6000000029175895444
6000000029207128768
6000000029208605779
6000000029330394524
6000000029330775890
6000000029378976992
6000000029439060962
6000000029439559864
6000000029439562953
6000000029590619079
6000000029702643135
6000000029797367629
6000000029816455811
6000000029916654898
6000000030009222467
6000000030282455159
6000000030284894521
6000000030285179782
6000000030285245393
6000000030285281271
6000000030285287147
6000000030285328345
6000000030285359361
6000000030285373338
6000000030285454934
6000000030285472879
6000000030285649783
6000000030311723403
6000000030312264915
6000000030312545821
6000000030548931563
6000000030549096530
6000000030549137459
6000000030549226450
6000000030549462099
6000000030616800361
6000000030616995382
6000000030620550611
6000000030626335778
6000000030707994779
6000000030708307111
6000000030708337156
6000000030708541148
6000000030835844953
6000000030836098513
6000000030836483935
6000000030836492934
6000000030870880383
6000000030871224291
6000000030871275376
6000000030871939138
6000000030899604640
6000000030929190190
6000000030971152421
6000000030971343940
6000000030983071763
6000000030991363722
6000000030991374799
6000000030991557754
6000000030991705411
6000000030991727213
6000000030991746432
6000000030991759165
6000000030991826046
6000000030991849088
6000000030992011834
6000000030992038944
6000000030992094074
6000000031010199921
6000000031010443445
6000000031011304890
6000000031031582372
6000000031031750273
6000000031031762117
6000000031031897963
6000000031031923143
6000000031032000942
6000000031032043922
6000000031032053909
6000000031032637793
6000000031032676359
6000000031032803749
6000000031032847759
6000000031032876771
6000000031032998812
6000000031033042632
6000000031033049474
6000000031033123132
6000000031033156821
6000000031033162358
6000000031033212990
6000000031033252223
6000000031033267855
6000000031125363984
6000000031125520249
6000000031125782995
6000000031126013904
6000000031126662907
6000000031133466185
6000000031133487773
6000000031133519075
6000000031133617009
6000000031134175030
6000000031137273738
6000000031137504087
6000000031137641977
6000000031137654078
6000000031137682945
6000000031154068311
6000000031154118147
6000000031154238012
6000000031154269831
6000000031154944415
6000000031155131178
6000000031155241962
6000000031377455704
6000000031377852273
6000000031527300474
6000000031543549547
6000000031543897008
6000000031546458518
6000000031546613378
6000000031546643205
6000000031546887817
6000000031546896844
6000000031546901444
6000000031547031062
6000000031547128680
6000000031547135203
6000000031547207098
6000000031547335821
6000000031547354464
6000000031547405921
6000000031547479878
6000000031567384555
6000000031567475347
6000000031567617195
6000000031567640273
6000000031567739950
6000000031567746020
6000000031567827836
6000000031637102494
6000000031813650294
6000000031829483987
6000000031830007946
6000000031830198864
6000000031998365978
6000000032177163528
6000000032177596922
6000000032187870149
6000000032188211029
6000000032302968647
6000000032327207506
6000000032480968539
6000000032481224185
6000000032581143063
6000000032588836281
6000000032602892948
6000000032605365711
6000000032606532148
6000000032672386067
6000000032959203810
6000000032959310594
6000000032959413626
6000000032959465267
6000000032959478440
6000000032959551177
6000000032959595027
6000000032959623084
6000000032959623102
6000000032995927957
6000000032995932429
6000000032996277186
6000000032996470894
6000000033472606479
6000000033472797977
6000000033472816106
6000000033750216048
6000000033750265095
6000000034252076064
6000000034271586923
6000000034277564550
6000000034279831814
6000000034280024758
6000000034299481369
6000000034299505724
6000000034300037406
6000000034300215189
6000000034300435960
6000000034307481329
6000000034309017250
6000000034551858585
6000000034554689004
6000000034557508262
6000000034557689142
6000000034557807555
6000000034557983319
6000000034558297927
6000000034558346848
6000000034558384282
6000000034559115938
6000000034559131899
6000000034559413844
6000000035263093563
6000000035263267538
6000000035615176558
6000000035615181385
6000000035615245623
6000000035615279369
6000000035615387778
6000000035615409218
6000000035615416169
6000000035615470070
6000000035615578133
6000000035615584891
6000000035615604111
6000000035615768990
6000000035619162701
6000000035619341500
6000000035619403497
6000000035619545357
6000000035619869831
6000000035625660103
6000000035634793238
6000000035634983976
6000000035635116966
6000000035635523859
6000000036131849261
6000000036205241582
6000000036205452048
6000000036205464340
6000000036205506152
6000000036205562230
6000000036205799860
6000000036479042051
6000000036492711535
6000000036635640083
6000000036636136209
6000000036715479036
6000000036715520240
6000000036783133844
6000000036800132286
6000000036800321448
6000000036837315780
6000000036837546704
6000000036838246322
6000000036838331058
6000000036838422913
6000000036860998219
6000000036861256879
6000000036943865942
6000000036976105911
6000000037011667805
6000000037012032547
6000000037012410163
6000000037012617013
6000000037012629991
6000000037012792914
6000000037022874233
6000000037055354049
6000000037148793801
6000000037528554914
6000000037539964439
6000000037572908063
6000000037573267136
6000000037573322945
6000000037573370135
6000000038327129547
6000000038329918858
6000000038381649797
6000000038381892385
6000000038381959109
6000000038382095023
6000000038382110985
6000000038440398996
6000000038440624968
6000000038440767979
6000000038596193986
6000000039098413519
6000000039098814184
6000000039312600757
6000000039314366033
6000000039633393112
6000000039636860325
6000000039637463899
6000000039798057956
6000000039798312624
6000000039798808834
6000000039801398431
6000000039801483440
6000000039801670274
6000000039801913903
6000000039842720194
6000000040076414160
6000000040129106669
6000000040129314197
6000000040129392144
6000000040129458873
6000000040129722518
6000000040207253043
6000000040207333325
6000000040207560080
6000000040207791669
6000000040207876808
6000000040208012473
6000000040208550051
6000000040208864954
6000000040231752566
6000000040386476203
6000000040463652244
6000000040463986883
6000000040806858576
6000000040807085491
6000000040807136240
6000000040807150464
6000000040807168602
6000000040864848999
6000000041099323676
6000000041099330297
6000000041914193238
6000000042001116749
6000000042317107874
6000000042343243100
6000000042346135953
6000000042347195565
6000000042347446225
6000000042348099231
6000000042348445921
6000000042348478467
6000000042348645366
6000000042377290818
6000000042396007509
6000000042513701075
6000000042578329952
6000000042672435878
6000000042912823686
6000000044121506583
6000000044281725177
6000000044281846017
6000000044860640876
6000000044928730891
6000000044931778217
6000000044932228890
6000000045038154410
6000000045038468888
6000000045038492872
6000000045038533853
6000000045038564851
6000000046928501923
6000000047273775090
6000000047857288828
6000000047968541912
6000000048007693331
6000000048007979035
6000000048008609860
6000000048051913593
6000000048111997283
6000000048112446003
6000000048138874030
6000000048138904903
6000000048157162870
6000000048175445255
6000000048213916055
6000000048529633969
6000000048529908955
6000000048530259839
6000000048539947338
6000000048539962128
6000000048540045083
6000000048540064418
6000000048540091072
6000000048540096101
6000000048540192062
6000000048540215194
6000000048540269186
6000000048540274887
6000000048540306833
6000000048540383015
6000000048540426821
6000000048540427943
6000000048540506907
6000000048540522874
6000000048540551857
6000000048540597821
6000000048582608101
6000000048582986897
6000000048583002895
6000000048583087856
6000000048583126853
6000000048606468567
6000000048608508264
6000000048608855134
6000000048608906082
6000000048608993000
6000000048609051918
6000000048609088052
6000000048609257856
6000000048609412874
6000000048609771857
6000000048662153179
6000000048788082032
6000000048788284828
6000000048788330825
6000000048788437829
6000000048925806049
6000000049012527831
6000000049028054944
6000000049348770021
6000000049348915054
6000000049349352842
6000000049581566860
6000000049583366942
6000000049583436877
6000000049583625873
6000000049583706883
6000000049591222906
6000000049592146028
6000000049592534908
6000000050036899917
6000000050195291874
6000000050237598380
6000000050238492988
6000000050239103032
6000000050239232002
6000000050479438066
6000000050582116932
6000000050778106888
6000000050953313886
6000000051142238950
6000000052070297107
6000000052070389118
6000000052178149930
6000000052188463068
6000000052188494090
6000000052188624956
6000000052188708967
6000000052188730025
6000000052354599821
6000000052377060868
6000000052624545020
6000000052797462220
6000000052797479833
6000000052854939043
6000000052856412864
6000000052856448889
6000000053494903892
6000000053544737848
6000000053544848896
6000000054179571238
6000000054180986920
6000000054209048953
6000000054209879838
6000000054210266821
6000000054307866959
6000000054564132043
6000000054564351957
6000000054564435855
6000000056226446896
6000000056398346821
6000000056813824851
6000000056931419325
6000000056932079973
6000000056932277854
6000000056932885932
6000000056932951836
6000000056933043857
6000000057105398011
6000000057200945882
6000000057201055848
6000000058775146945
6000000060231097866
6000000060312686886
6000000060312690864
6000000060312695870
6000000060313669828
6000000060745534189
6000000060746013888
6000000060746476984
6000000060747401823
6000000060752054171
6000000060752912847
6000000060753698937
6000000060760150565
6000000060760694040
6000000060760707049
6000000060760749969
6000000060760951017
6000000060761029839
6000000060761694127
6000000061174176919
6000000061174235874
6000000061174244833
6000000061272734998
6000000061304837854
6000000061306225822
6000000061306397821
6000000061306536922
6000000061306725821
6000000062286065072
6000000062286329953
6000000062286386967
6000000062286623115
6000000062286665864
6000000062542976827
6000000062543434830
6000000062543861821
6000000062912936115
6000000062913676869
6000000062913730830
6000000063535101903
6000000063577614992
6000000063582718891
6000000063587242822
6000000063589686821
6000000063780411837
6000000063781355997
6000000063815780073
6000000063819051026
6000000063819544901
6000000063819632885
6000000064173000133
6000000064349490931
6000000064377970992
6000000064379720821
6000000065451165862
6000000065451379887
6000000065451586996
6000000065452075859
6000000065460574970
6000000065460802824
6000000065461738942
6000000065461831980
6000000065462095858
6000000065462205868
6000000065480598113
6000000065595082999
6000000065596017821
6000000065711147833
6000000065712231833
6000000066092380869
6000000066155737890
6000000066155740003
6000000066155925878
6000000066155972882
6000000066156236821
6000000066284816886
6000000066284912825
6000000066286405900
6000000066287024825
6000000066359644823
6000000066361144822
6000000066594778910
6000000066595985821
6000000066602716889
6000000066602793825
6000000066761374946
6000000066761888876
6000000066762867890
6000000066763146911
6000000066763149826
6000000066765711127
6000000066765717883
6000000066766062963
6000000066833893017
6000000067249567845
6000000067250068832
6000000067947022013
6000000068036522056
6000000069372983920
6000000069374406879
6000000069374612917
6000000069374613003
6000000069374640924
6000000069374684989
6000000069374975952
6000000069374984872
6000000069375048222
6000000069375067914
6000000069375180961
6000000069375275978
6000000069939628838
6000000070558159164
6000000070558342081
6000000070558453095
6000000070558620935
6000000070558722881
6000000070558748123
6000000070558871052
6000000070788866939
6000000070947642129
6000000071130202975
6000000071258547862
6000000071258957822
6000000071260480936
6000000071260623840
6000000071265494849
6000000071652493447
6000000071653249848
6000000071741591926
6000000071742445946
6000000071837440852
6000000071837747872
6000000071838044843
6000000071842321822
6000000071843003824
6000000071843454821
6000000071871089471
6000000071871367357
6000000071871842060
6000000071871885075
6000000071871999971
6000000071890995834
6000000071891122867
6000000072038935920
6000000072351796062
6000000072353067972
6000000072406219992
6000000072406639261
6000000072599745835
6000000072599862992
6000000072747098824
6000000072762168864
6000000072795718287
6000000072818124160
6000000072818379959
6000000072818456243
6000000072818779897
6000000072818909825
6000000073024263821
6000000073028727833
6000000073031921831
6000000073055178903
6000000073055410848
6000000073117846181
6000000073118748081
6000000073495653283
6000000073851163371
6000000073851837945
6000000074450307914
6000000074983758828
6000000074984404821
6000000075299185889
6000000075303107928
6000000075303152835
6000000075303876511
6000000075303888388
6000000075304316911
6000000075304327834
6000000075308985157
6000000075428285846
6000000075428297999
6000000075428471879
6000000075429136842
6000000075431365840
6000000075433223822
6000000075433339850
6000000075433725821
6000000075433804879
6000000075433861822
6000000075437131844
6000000075439754824
6000000075471603821
6000000075472393821
6000000075472747821
6000000075473278104
6000000075497726893
6000000075581166054
6000000075581333961
6000000075622551884
6000000075622821821
6000000075622993842
6000000075688517911
6000000075688562833
6000000075709566917
6000000075995216194
6000000076051144006
6000000076160666395
6000000076161393061
6000000076777762988
6000000076794232324
6000000077163930102
6000000077313031652
6000000077313785061
6000000077313878152
6000000077314068171
6000000077314884505
6000000077315661871
6000000077555401020
6000000077742261225
6000000078109937693
6000000078110407522
6000000078175937985
6000000078313968707
6000000078314823078
6000000078573612505
6000000078631698930
6000000078734311760
6000000079000299368
6000000079000938903
6000000079001403717
6000000079001525127
6000000079001772128
6000000079276310138
6000000079276781129
6000000079480088562
6000000079480901172
6000000079480938035
6000000079669289781
6000000079671346085
6000000079671699927
6000000079775133856
6000000079799168528
6000000079799779994
6000000079799779998
6000000079799780002
6000000079799780006
6000000079826008908
6000000079826170867
6000000079862541508
6000000080333039634
6000000080847407004
6000000080906271952
6000000081001306233
6000000081127558125
6000000081128240173
6000000081222566829
6000000081295424071
6000000081528812391
6000000081529039762
6000000081529181624
6000000081529498221
6000000081529666236
6000000081529684204
6000000081529755121
6000000081529850113
6000000081529861057
6000000081529918022
6000000081530092937
6000000081550326136
6000000081550373196
6000000081550403904
6000000081550448235
6000000081550530976
6000000081550677049
6000000081563555960
6000000081599641091
6000000081605033101
6000000081666397821
6000000081773703358
6000000081775130924
6000000081775192908
6000000081776394220
6000000081776882860
6000000081777652170
6000000081777713841
6000000081777789174
6000000081778218821
6000000081778307038
6000000081933429821
6000000082019058670
6000000082048426821
6000000082048743974
6000000082048841842
6000000082048943839
6000000082049507838
6000000082049802880
6000000082049846055
6000000082050111901
6000000082050189882
6000000082050770855
6000000082051585872
6000000082051715853
6000000082073560352
6000000082074372009
6000000082074890879
6000000082074944989
6000000082075516845
6000000082075624871
6000000082075974831
6000000082076559933
6000000082076602863
6000000082077146851
6000000082323534022
6000000082323646862
6000000082323969284
6000000082661197847
6000000083266208551
6000000083267935099
6000000083268679875
6000000083271343714
6000000083541328799
6000000083541584682
6000000083542029866
6000000083542222821
6000000083710021326
6000000083727353044
6000000083727502051
6000000083728170821
6000000083747559243
6000000083747661104
6000000083747972007
6000000083748327916
6000000083763107436
6000000083763298179
6000000083763326385
6000000083763921047
6000000083763923209
6000000083764253130
6000000083764322034
6000000083764483080
6000000083764574924
6000000083764756957
6000000083764842899
6000000083765359036
6000000083766257626
6000000083766373784
6000000083766459814
6000000083766734060
6000000083766836196
6000000083766864341
6000000083767029162
6000000083767150002
6000000083767246099
6000000083767275964
6000000083767284075
6000000083767387945
6000000083767417956
6000000083767443821
6000000083767532831
6000000083767552933
6000000083767780866
6000000083768038183
6000000083768099429
6000000083768212319
6000000083768234365
6000000083768566127
6000000083768609061
6000000083768732973
6000000083768762901
6000000083768798861
6000000083768897881
6000000083769448141
6000000083769739958
6000000083769757910
6000000083769776945
6000000083769866871
6000000083770200334
6000000083770618971
6000000083772791968
6000000083773110826
6000000083773367839
6000000083775020592
6000000083775024664
6000000083775117407
6000000083775705351
6000000083775896182
6000000083787266487
6000000083789074194
6000000083793444135
6000000083797154869
6000000083818177804
6000000083819907040
6000000083819965999
6000000083821318323
6000000083821556359
6000000083821631355
6000000083821664377
6000000083821944299
6000000083822192903
6000000083822229830
6000000083822812099
6000000083823047836
6000000083840932063
6000000083841276984
6000000083851152856
6000000083853242855
6000000083853629945
6000000083862762902
6000000083863381378
6000000083997708999
6000000083997933939
6000000083998124886
6000000084000459420
6000000084021296935
6000000084510823600
6000000084511024290
6000000084511242012
6000000084567424958
6000000084568041885
6000000084579507971
6000000084580463089
6000000084580888266
6000000084582573894
6000000084610335018
6000000084610471854
6000000084611103554
6000000084612586234
6000000084613270977
6000000084613319889
6000000084647846508
6000000084648044421
6000000084650059922
6000000084672752216
6000000084673293821
6000000084816046863
6000000084971704838
6000000085219147822
6000000085291951858
6000000085292123852
6000000085294078859
6000000085297248179
6000000085398237098
6000000085398296115
6000000085398642000
6000000085398803856
6000000085398913943
6000000085401486864
6000000086459077907
6000000086667034857
6000000086856512948
6000000086895973163
6000000086897018947
6000000086900564859
6000000086931496894
6000000087453090977
6000000087855738927
6000000087857813068
6000000087899342200
6000000087899888009
6000000087900467870
6000000087903356316
6000000087903806240
6000000087904702857
6000000087904765910
6000000088371400911
6000000088371570858
6000000088372900821
6000000089134813916
6000000089142843821
6000000089625405842
6000000089625793884
6000000089824051242
6000000089825860878
6000000089825945964
6000000089826021891
6000000089826035933
6000000090080428076
6000000090446444869
6000000090549366939
6000000090550730897
6000000090612245908
6000000090613285232
6000000090614117055
6000000090614696890
6000000090811993356
6000000090872629842
6000000091377522408
6000000091378691935
6000000091378983863
6000000091632453181
6000000091634114365
6000000091635323204
6000000091636532100
6000000091636927899
6000000091833585982
6000000091833857861
6000000091986594915
6000000091987589002
6000000092114374363
6000000092114830872
6000000092582113590
6000000092583162834
6000000092684175310
6000000092688335916
6000000092736155821
6000000092909848159
6000000092912776834
6000000093562423457
6000000093563288948
6000000093563533868
6000000093565091014
6000000093599019896
6000000094167613899
6000000094197630857
6000000094317656956
6000000094638364895
6000000094640643845
6000000095369457833
6000000095394906821
6000000095745157020
6000000095746314881
6000000095897287169
6000000095899510847
6000000096053728515
6000000096198302787
6000000096200822003
6000000096569594847
6000000096999149834
6000000097059864914
6000000097128186821
6000000097700568276
6000000097701492468
6000000097702131278
6000000097703961867
6000000099053695832
6000000099058736822
6000000099058860832
6000000099059186834
6000000099060235838
6000000099060391823
6000000099061773826
6000000099071820830
6000000099071991823
6000000099073004821
6000000099073596821
6000000099193890848
6000000099195110031
6000000099269819025
6000000099271212878
6000000099271224934
6000000099271515869
6000000100808341873
6000000100809930917
6000000102044720894
6000000102045075130
6000000102045388833
6000000102045770006
6000000102046263899
6000000102046554091
6000000102047837857
6000000102331883068
6000000102332974946
6000000102334395833
6000000102338347142
6000000102339122969
6000000102339202961
6000000102339631109
6000000102497708937
6000000102497709211
6000000102659646836
6000000102674727862
6000000102674862833
6000000102677727877
6000000103215348853
6000000103297347850
6000000103300391853
6000000103396757833
6000000103421046341
6000000103465917821
6000000103482215933
6000000103484463939
6000000103484914864
6000000103658047832
6000000103658089899
6000000103963093125
6000000103963134976
6000000103964468821
6000000103964892986
6000000103964934143
6000000104006434848
6000000104607544822
6000000104607957878
6000000104696627859
6000000104703821984
6000000104703821993
6000000104703821997
6000000104703822003
6000000104703822009
6000000104945661043
6000000104947206942
6000000104947377995
6000000104948109951
6000000104948309843
6000000104956307907
6000000104956595832
6000000107599011234
6000000107602247868
6000000107798040849
6000000108384148945
6000000108384735821
6000000108386278841
6000000108401905847
6000000108663261821
6000000108664878886
6000000108765513853
6000000108869312843
6000000108869312859
6000000108869312865
6000000108869312870
6000000108869312875
6000000108869312912
6000000108869312927
6000000109117216894
6000000109117216922
6000000109121074897
6000000109132952877
6000000109132952882
6000000109132952913
6000000109132952918
6000000109132952923
6000000109132952928
6000000109135777970
6000000109268086897
6000000109279055920
6000000109279055955
6000000109279055960
6000000109279055965
6000000109293774898
6000000109293774904
6000000109296727892
6000000109296727898
6000000109296727904
6000000109296727929
6000000109296727945
6000000109296727951
6000000109670288842
6000000110034841833
6000000110034841853
6000000110034841864
6000000110034841872
6000000110034841880
6000000110034841888
6000000110034841896
6000000110034841921
6000000110034841932
6000000110034841937
6000000110034841942
6000000110067530947
6000000111198829843
6000000112573007837
6000000112859817976
6000000112860820863
6000000112861971893
6000000112862483106
6000000112862486967
6000000112862689855
6000000112862838912
6000000112863177893
6000000112927932106
6000000113599659314
6000000113601146848
6000000114218741961
6000000114298757874
6000000114444619873
6000000114621175179
6000000114645943987
6000000114645944002
6000000114645944019
6000000114646998859
6000000114646998863
6000000114646998867
6000000114646998988
6000000114646999097
6000000114646999102
6000000114646999154
6000000114647383957
6000000114647384014
6000000114647384071
6000000114647384078
6000000114647542885
6000000114647542893
6000000114648255843
6000000114648255852
6000000114648255875
6000000114648255879
6000000114648346883
6000000114811976954
6000000114812518867
6000000114821709876
6000000114913897965
6000000114915365878
6000000115229776838
6000000115294811407
6000000115294834584
6000000115296692908
6000000115413842828
6000000115413982958
6000000115416620822
6000000115534714457
6000000115535869956
6000000115771219840
6000000115771219873
6000000115771219883
6000000115771219893
6000000115771219903
6000000115772846896
6000000115825840928
6000000115904149837
6000000115921577831
6000000115921831827
6000000115921993844
6000000115922240821
6000000115955310825
6000000116219738826
6000000116314177012
6000000116314402964
6000000116314777833
6000000116321857101
6000000116322734944
6000000116322797864
6000000116678972159
6000000116679552835
6000000116679675896
6000000116763568850
6000000116764068824
6000000116764136836
6000000116798889835
6000000116851021027
6000000116851332009
6000000116852599866
6000000117823479863
6000000117840418857
6000000117841739834
6000000117841908828
6000000118372291138
6000000118372453981
6000000118372470939
6000000118372689892
6000000118373401824
6000000118373485842
6000000118373762896
6000000118373796856
6000000118374528956
6000000118375284935
6000000118545874845
6000000118974471821
6000000120102432863
6000000120650294467
6000000120650516098
6000000120650614954
6000000120652059821
6000000121560335891
6000000121560686223
6000000121560718977
6000000121560871978
6000000121561015979
6000000121561033882
6000000121561177863
6000000121561251921
6000000121561388927
6000000121561618938
6000000121561670824
6000000121561720978
6000000121561779899
6000000121561898826
6000000121562118860
6000000121562215826
6000000121562306843
6000000121562404843
6000000121562465956
6000000121562581866
6000000121562738946
6000000121563077853
6000000121563419833
6000000121591966899
6000000121593221832
6000000121734639915
6000000121745632833
6000000122494815893
6000000122529736914
6000000123013022049
6000000123013504996
6000000124434380112
6000000124434770934
6000000124435214899
6000000124559393477
6000000124574020843
6000000124574655821
6000000124647758914
6000000124647833905
6000000124647841870
6000000124647879822
6000000124683118966
6000000124684496871
6000000124684720855
6000000124685519823
6000000124685558836
6000000124685669822
6000000126169972892
6000000126170696842
6000000126189135956
6000000127379511821
6000000127380532867
6000000127380741821
6000000127382212866
6000000127383032880
6000000127478301887
6000000127479497827
6000000127479834821
6000000127482820833
6000000127638662863
6000000127806835007
6000000127807872868
6000000128127410864
6000000128128399821
6000000128128706821
6000000128982308896
6000000128982755827
6000000130996451823
6000000131266492849
6000000131343634902
6000000131344377079
6000000131344700848
6000000133389367976
6000000134547754160
6000000135396276831
6000000135537685091
6000000135566880903
6000000137565756947
6000000137572037825
6000000137586510073
6000000137586998938
6000000138614025892
6000000138750013927
6000000139780996126
6000000141564770861
6000000141564912841
6000000141570151822
6000000141859407227
6000000141862431896
6000000141862559824
6000000141863401831
6000000142056811031
6000000143743496821
6000000143754383925
6000000144056373851
6000000146307612110
6000000146308031906
6000000146308407821
6000000146308633870
6000000146309075827
6000000147156358938
6000000147168020909
6000000147182665914
6000000148752890023
6000000149555438480
6000000149610597915
6000000149612349862
6000000149614059887
6000000149615868006
6000000149621759987
6000000149846400911
6000000149846406823
6000000149892982821
6000000150111737821
6000000150680601877
6000000150686554892
6000000151675368883
6000000151676173893
6000000151676651978
6000000151676697821
6000000151677011836
6000000151678265859
6000000151678629845
6000000151678671891
6000000153185774821
6000000153187910836
6000000153188069827
6000000153188170833
6000000153188430821
6000000154685984879
6000000155996055829
6000000156432981826
6000000156433001823
6000000156541412869
6000000156541412874
6000000156541412880
6000000156541412885
6000000156551568826
6000000156557587878
6000000156558083954
6000000158846334827
6000000158872350822
6000000158872586821
6000000160975715821
6000000160977639826
6000000160978579821
6000000160978840821
6000000160979166821
6000000161327958828
6000000161644383876
6000000161871422846
6000000161871746822
6000000161872388827
6000000161872447867
6000000161877602885
6000000161877624908
6000000161878277827
6000000161879920905
6000000161880355844
6000000162014816155
6000000162018874832
6000000162029504872
6000000162029614907
6000000162029734917
6000000162029755834
6000000162029783890
6000000162029794846
6000000162030054842
6000000162030156821
6000000162030174836
6000000162030341821
6000000163425716101
6000000163426109898
6000000163426119845
6000000163426129885
6000000164234478005
6000000164234955904
6000000164235217836
6000000164270799777
6000000164271140509
6000000164271419459
6000000164271554402
6000000164272429070
6000000164272561007
6000000164276386030
6000000164435621835
6000000165168308017
6000000165168652883
6000000165168828853
6000000165625523953
6000000165625689975
6000000165625711993
6000000165625734964
6000000165626240846
6000000166197652199
6000000166202684973
6000000166203387821
6000000166386723829
6000000167329275048
6000000167329674861
6000000167340054012
6000000167340135912
6000000167340381868
6000000168137647067
6000000169590685029
6000000169591546856
6000000169594897957
6000000169598607985
6000000169598686935
6000000169612368380
6000000169612594062
6000000169612742055
6000000169613098081
6000000169613680904
6000000169620507321
6000000169620730302
6000000169680014176
6000000169680465400
6000000169680583012
6000000169680802554
6000000169681668822
6000000169682144342
6000000169682213975
6000000169682266082
6000000169682313956
6000000169682342854
6000000169682436835
6000000169682618866
6000000169682974916
6000000169750051952
6000000169798588853
6000000170019331092
6000000170804762631
6000000170804931293
6000000170805023541
6000000170805158610
6000000170805749127
6000000170805855035
6000000170806184854
6000000171058268960
6000000171668476453
6000000172260381906
6000000172697946663
6000000172755215847
6000000172756027228
6000000172756195099
6000000172756409023
6000000172756763910
6000000172788303171
6000000172788317135
6000000172788577080
6000000172788925889
6000000172789054949
6000000172789125915
6000000173099468514
6000000173100095041
6000000173129632758
6000000173130302021
6000000173246948948
6000000173247163958
6000000173247608865
6000000173247983821
6000000173331643111
6000000173521988923
6000000173596354564
6000000173614598911
6000000173729911881
6000000173912123122
6000000173912916086
6000000173928496939
6000000173929269752
6000000173930410043
6000000173930446032
6000000173931111935
6000000174063964247
6000000174065158821
6000000174158515779
6000000174291290137
6000000174312311287
6000000174315776369
6000000174316449212
6000000174316858821
6000000174400298581
6000000174401811590
6000000174402147435
6000000174402581200
6000000174403086003
6000000174403146069
6000000174403346129
6000000174403472022
6000000174408519812
6000000174715086184
6000000174998619994
6000000175022833225
6000000175374460560
6000000175376488007
6000000175376538078
6000000175446515822
6000000175464216230
6000000175464679988
6000000175464912895
6000000175464942930
6000000175465008858
6000000175475568843
6000000175558648876
6000000175568787821
6000000175627674853
6000000175628085832
6000000175629908822
6000000175629943831
6000000175629976821
6000000175629985826
6000000175629988821
6000000175648745822
6000000175667948840
6000000175668347828
6000000175718617826
6000000175960125828
6000000175960125854
6000000175960125865
6000000175961518847
6000000175961518852
6000000175962959822
6000000175965625866
6000000175965751832
6000000175965849840
6000000175966125821
6000000175966422821
6000000176239897833
6000000176328000822
6000000176574537875
6000000176574584822
6000000176574584825
6000000176574584828
6000000176574584834
6000000176574626831
6000000176779754860
6000000176780165823
6000000176826483921
6000000176827128854
6000000176827169829
6000000176827541821
6000000177012157887
6000000177182524823
6000000177182641930
6000000177183643849
6000000177183730924
6000000177184561867
6000000177184994841
6000000177185556828
6000000177237901870
6000000177239034825
6000000177300653884
6000000177301132862
6000000177301216844
6000000177301912867
6000000177303757837
6000000177489886854
6000000177490310843
6000000177542476862
6000000177542629844
6000000177542641846
6000000177542987837
6000000177562840867
6000000177565569843
6000000177674727824
6000000177674880829
6000000177706066827
6000000177706505842
6000000177706631825
6000000177707341837
6000000177707494821
6000000177707656947
6000000177708258873
6000000177743236876
6000000177753017859
6000000177753023844
6000000177753189855
6000000177753878827
6000000177753907872
6000000177754098830
6000000177771649833
6000000177974270866
6000000177988030824
6000000178023484823
6000000178023523825
6000000178023602827
6000000178023863821
6000000178389213822
6000000178389228822
6000000178389228839
6000000178389228852
6000000178389228864
6000000178389228876
6000000178389228902
6000000178389386822
6000000178481326861
6000000178676657875
6000000178713829830
6000000178713833846
6000000179197463881
6000000179435135287
6000000179471746829
6000000179688915821
6000000179906871924
6000000179907905846
6000000180163845872
6000000180167198878
6000000180376386889
6000000180379246949
6000000180383395840
6000000180383493872
6000000180383774883
6000000180383856837
6000000180384100829
6000000180391954871
6000000180392558823
6000000180437078850
6000000180438848821
6000000180534630859
6000000180535050835
6000000180535439826
6000000180697481990
6000000180699786842
6000000180699898888
6000000180699898968
6000000180699898972
6000000180699898990
6000000180699898994
6000000180700063907
6000000180700063915
6000000180700063919
6000000180700063923
6000000180700063927
6000000180700063931
6000000180700160852
6000000180700160856
6000000180701015854
6000000180701061850
6000000180701061865
6000000180701061869
6000000180701061873
6000000180701061885
6000000180701061890
6000000180701061894
6000000180701061899
6000000180701594861
6000000180701594921
6000000180701810847
6000000180701810851
6000000180701810855
6000000180701810859
6000000180701810869
6000000180701881849
6000000180701881896
6000000180701881917
6000000180701881921
6000000180701881925
6000000180701881929
6000000180702109868
6000000180702594853
6000000180702594858
6000000180702594874
6000000180702594878
6000000180703112828
6000000180703181847
6000000180703181933
6000000180703181963
6000000180703181968
6000000180703181978
6000000180703181982
6000000180703182002
6000000180703182011
6000000180704343923
6000000180710576858
6000000180711560898
6000000180711936847
6000000180711936855
6000000180711936892
6000000180753282823
6000000180755184822
6000000180758571825
6000000180758571833
6000000180758687826
6000000180758687831
6000000180785299827
6000000180787116826
6000000180787116829
6000000180787116833
6000000180787116837
6000000180787116841
6000000180787227832
6000000180787227852
6000000180787252945
6000000180787252979
6000000180808636823
6000000180809053844
6000000180812639833
6000000180830008831
6000000180982454822
6000000181062118868
6000000181062331887
6000000181062442846
6000000181062450848
6000000181062612866
6000000181062683840
6000000181063119838
6000000181063174825
6000000181063256823
6000000181063301821
6000000181063661836
6000000181224801856
6000000181225497837
6000000181814893884
6000000181815710846
6000000181816095859
6000000181816416822
6000000181816416826
6000000181818824825
6000000181818824829
6000000182033516822
6000000182033543829
6000000182033543833
6000000182033543841
6000000182033543845
6000000182186151842
6000000182276351822
6000000182276351826
6000000182276351830
6000000182276497836
6000000182276497848
6000000182276497858
6000000182389246830
6000000182389246840
6000000182389246853
6000000182389246863
6000000182389246873
6000000182389342827
6000000182389342847
6000000182389342851
6000000182389622827
6000000182402935835
6000000182465264844
6000000182465264849
6000000182465264870
6000000182465264874
6000000182465264882
6000000182518657833
6000000182518657845
6000000182518657849
6000000182518657858
6000000182518657866
6000000182518657873
6000000182518657880
6000000182519112839
6000000182519112856
6000000182519112892
6000000182519112909
6000000182519112929
6000000182519112948
6000000182519112956
6000000182519112968
6000000182519112972
6000000182522114822
6000000182573968848
6000000182574468825
6000000182574638821
6000000182609685856
6000000182611752874
6000000182611983849
6000000182612289846
6000000182612925838
6000000182612985828
6000000182638037928
6000000182639180949
6000000182640010869
6000000182640153853
6000000182640227867
6000000182640357848
6000000182640747833
6000000182640861829
6000000182656613821
6000000182669137823
6000000182692575830
6000000182692575835
6000000182692575853
6000000182759430832
6000000182759430836
6000000182759430851
6000000182964795908
6000000182965440109
6000000182965440290
6000000182965661020
6000000182965661054
6000000182965661112
6000000182965661124
6000000182965900131
6000000183411934822
6000000183411993823
6000000183412019827
6000000183412019836
6000000184123766822
6000000184135854834
6000000184198891831
6000000185143231842
6000000185143231881
6000000185143231888
6000000185143231916
6000000185143290930
6000000185143290936
6000000185143290948
6000000185143557049
6000000185143557055
6000000185143557061
6000000185143557079
6000000185143557122
6000000185143557181
6000000185143557193
6000000185143557314
6000000185143805857
6000000185143805863
6000000185143805881
6000000185143805897
6000000185143805903
6000000185143805911
6000000185143805917
6000000185143805925
6000000185143806033
6000000185143806067
6000000185143806081
6000000185329963927
6000000185329963933
6000000185420515912
6000000185421088906
6000000185421333912
6000000185422946841
6000000185430397037
6000000185431929879
6000000185433663823
6000000185479321399
6000000185570894367
6000000185571478264
6000000185601330204
6000000185601722006
6000000185601849020
6000000186267392971
6000000186267658951
6000000186290696357
6000000186290696394
6000000186290847173
6000000186290847179
6000000186290847192
6000000186290847252
6000000186290847265
6000000186291156199
6000000186291318061
6000000186291378929
6000000186291379006
6000000186291379012
6000000186291402868
6000000186584042905
6000000186584600826
6000000186672255832
6000000186681016931
6000000186681368863
6000000186681409844
6000000186681411875
6000000186681434823
6000000186681518837
6000000186681617839
6000000186681624850
6000000186681709853
6000000186681859822
6000000186681873831
6000000186681880828
6000000186682059853
6000000186697419878
6000000186697700876
6000000186698210841
6000000186698604915
6000000186698897863
6000000186699166854
6000000186699237838
6000000186699257830
6000000186699329829
6000000186699463833
6000000186699507825
6000000186699572830
6000000186700260870
6000000186700297961
6000000186700526859
6000000186707781878
6000000186708350847
6000000186709955838
6000000186709996834
6000000186710063826
6000000186710091827
6000000186710183821
6000000186710196821
6000000186710726880
6000000186711238861
6000000186711292839
6000000186711413828
6000000186711509915
6000000186711624846
6000000186711711836
6000000186711852837
6000000186711979949
6000000186712410924
6000000186712412841
6000000186712468821
6000000186712484821
6000000186712604892
6000000186712626915
6000000186712770874
6000000186712814829
6000000186713010839
6000000186713104821
6000000186713121827
6000000186716857035
6000000186717270923
6000000186717550890
6000000186717596852
6000000186717755870
6000000186717887835
6000000186726594036
6000000186729210940
6000000186729607863
6000000186730372823
6000000186732838824
6000000186759793822
6000000186761889822
6000000186761975846
6000000186761991823
6000000186768352969
6000000186774335843
6000000186774367830
6000000186774663824
6000000186774870828
6000000186774921841
6000000186775095827
6000000186775128821
6000000186775906288
6000000186775906298
6000000186776082339
6000000186777034777
6000000186779024873
6000000186779024877
6000000186779024883
6000000186779024959
6000000186779024965
6000000186796001877
6000000186803202824
6000000186804156827
6000000186812915833
6000000186813079821
6000000186821602822
6000000186821815841
6000000186821865854
6000000186821911833
6000000186834607824
6000000186834671821
6000000186839882879
6000000186839963852
6000000186840111853
6000000186840209834
6000000186840483822
6000000186840549821
6000000186840649831
6000000186841409846
6000000186886629827
6000000186919934837
6000000186923030847
6000000186923161855
6000000186923432832
6000000186923462826
6000000186923478828
6000000186923547822
6000000186923564821
6000000186923565823
6000000186923577821
6000000186928826838
6000000187289604865
6000000187312794840
6000000187419309834
6000000187817056920
6000000187817355835
6000000187817745876
6000000187817965844
6000000187818059845
6000000187818306836
6000000187818753821
6000000188205657826
6000000188335427821
6000000188336643846
6000000188336644874
6000000188401539998
6000000188403306917
6000000188403977833
6000000188494434823
6000000188496534836
6000000188755474840
6000000188755520835
6000000188755750822
6000000188755773821
6000000188755850835
6000000188769280834
6000000188769504868
6000000188769597837
6000000188769615829
6000000188769774849
6000000188769805831
6000000188769844831
6000000188853977863
6000000189146022848
6000000189146078843
6000000189146263824
6000000189354670857
6000000189354700836
6000000189431176831
6000000191217241827
6000000192118185899
6000000192118185903
6000000192120245863
6000000192120279894
6000000192120391860
6000000192120578859
6000000192120683840
6000000192120710827
6000000192120782822
6000000192143192821
6000000192334027842
6000000192462429867
6000000192463486836
6000000192463507974
6000000192471779821
6000000192476373839
6000000192476623838
6000000192476717850
6000000192477364824
6000000192480479830
6000000192480711831
6000000192492500822
6000000192493270882
6000000192494002853
6000000192495326832
6000000192516445874
6000000192518869845
6000000192520819849
6000000192980211898
6000000192981486821
6000000193007812821
6000000193013178834
6000000193314382853
6000000193314828907
6000000193319352824
6000000193321309821
6000000193327393871
6000000193327718826
6000000193328367841
6000000193354032831
6000000193354305878
6000000193354573832
6000000193355027824
6000000193355625851
6000000193355831844
6000000193356076844
6000000193356390826
6000000193378205831
6000000193643192282
6000000193643192288
6000000193666352843
6000000194202747850
6000000194202917835
6000000194202948822
6000000194942233911
6000000195504881869
6000000195505386876
6000000195505507831
6000000195688558826
6000000196143352833
6000000196143924823
6000000196740544868
6000000197131138861
6000000198863481833
6000000199070055855
6000000199070367825
6000000201121782866
6000000201122019836
6000000201122060832
6000000201657145921
6000000201657440825
6000000202208266824
6000000202681499323
6000000202681499330
6000000202681499344
6000000202681499350
6000000202682643567
6000000202792362822
6000000202905091844
6000000202905133844
6000000202905153828
6000000202905206849
6000000202905301821
6000000202905403822
6000000202981525822
6000000203324635061
6000000203464190948
6000000203464190952
6000000203465538878
6000000203466177837
6000000203474108129
6000000203474108133
6000000203596739835
6000000203738880824
6000000203739002822
6000000203807571855
6000000204169149838
6000000204169159830
6000000204184315840
6000000204580333020
6000000204802442836
6000000204802645825
6000000205090503896
6000000205091146879
6000000205091244840
6000000205091298842
6000000205091700823
6000000205092417878
6000000205092642826
6000000205094399851
6000000205169916089
6000000205169916094
6000000205169916099
6000000205169916111
6000000205169916133
6000000205169916138
6000000205169916148
6000000205170662126
6000000205170662173
6000000205170662273
6000000205172181838
6000000205516528856
6000000205564712834
6000000205564974830
6000000205610809006
6000000205610809034
6000000205610809068
6000000205610809084
6000000205610809089
6000000205611318852
6000000205746516878
6000000205746948828
6000000205753181823
6000000205867864828
6000000205867894830
6000000205967684907
6000000205967882826
6000000205967905858
6000000206005279822
6000000206652623841
6000000206870580862
6000000207018289826
6000000207132302835
6000000207132401851
6000000207132622839
6000000207132631823
6000000207132715822
6000000207132769833
6000000207224802712
6000000207224802722
6000000207224892879
6000000207225419829
6000000207225419846
6000000207568298862
6000000207568364839
6000000207568373824
6000000207568395868
6000000207568410833
6000000207568425824
6000000207568452821
6000000207568453840
6000000207710426806
6000000207711311824
6000000207717725701
6000000207904775873
6000000207904910856
6000000207904983857
6000000207904987835
6000000207905031827
6000000207905107824
6000000207905126822
6000000207905132823
6000000207905156821
6000000207911485101
6000000207952405887
6000000208490614631
6000000208490614654
6000000208490614663
6000000208490614679
6000000208490614696
6000000208490614726
6000000208493300894
6000000208493445934
6000000208493445939
6000000208493445954
6000000208493445961
6000000208493445966
6000000208493445972
6000000208493446022
6000000208493446054
6000000208542734205
6000000208542734217
6000000208835343928
6000000208835734835
6000000209085936828
6000000209086454823
6000000209086639838
6000000209111320822
6000000209374554827
6000000209375490833
6000000209589240824
6000000209631204821
6000000209771727825
6000000209789439022
6000000209789471848
6000000209789475857
6000000209903971020
6000000209904103850
6000000209904112848
6000000209904113838
6000000209904154855
6000000209904286827
6000000210481906829
6000000210482927824
6000000210483023822
6000000210483216837
6000000210535155851
6000000210726963869
6000000211014030822
6000000211014030826
6000000211014030830
6000000211780118843
6000000212358064852
6000000212358136840
6000000212358325855
6000000212358379829
6000000213315893823
6000000213432603831
6000000213432641823
6000000215006389829
6000000215006491824
6000000215006797839
6000000215006976860
6000000215007249821
6000000215007256833
6000000215007441836
6000000215007614826
6000000215007740821
6000000215007869829
6000000215007879821
6000000215007955827
6000000215008082835
6000000215008215828
6000000215008242825
6000000215008311828
6000000215240266821
6000000215254443822
6000000215508382828
6000000215903502826
6000000215910743827
6000000215952116821
6000000215952135825
6000000215962829826
6000000215962902841
6000000215968674844
6000000215968717827
6000000215968930821
6000000215968930836
6000000215976519821
6000000216014650823
6000000216105320858
6000000216105365822
6000000216122852839
6000000216557651841
6000000216565940832
6000000216567877843
6000000216568067827
6000000216568075869
6000000216568077848
6000000216568104834
6000000216568301823
6000000216568305822
6000000216576407847
6000000216576462836
6000000216809478828
6000000216810373872
6000000216988808835
6000000217190425821
6000000217328655975
6000000217328936891
6000000217328992853
6000000217329041827
6000000217329093825
6000000217329126831
6000000217753668938
6000000217754572891
6000000217754731833
6000000217754762840
6000000217754922821
6000000218183872843
6000000218184081821
6000000218184158841
6000000218184237841
6000000218184722893
6000000218184857831
6000000218936890881
6000000218936891832
6000000218936941825
6000000218936941839
6000000218936945842
6000000218936974845
6000000218936991831
6000000218937090826
6000000219767660848
6000000220580230847
6000000220580337821
6000000220580415950
6000000220717429914
6000000221012813940
6000000222146876830
6000000222892263888
6000000223111558926
6000000223112290834
6000000223144507896
6000000223146009830
6000000223202926877
6000000223231441974
6000000223231441979
6000000223231442031
6000000223231496269
6000000223231734376
6000000223231734460
6000000223231737102
6000000223231737123
6000000223231737131
6000000223231737139
6000000223231737148
6000000223232092103
6000000223232436013
6000000223232436049
6000000223233540367
6000000223355420819
6000000223357315827
6000000223357315871
6000000223357351830
6000000223692363131
6000000223692363139
6000000223692363170
6000000223692363178
6000000223692363192
6000000223692551349
6000000223692594449
6000000223692928021
6000000223692930495
6000000223693351940
6000000223693351950
6000000223710501716
6000000223775162480
6000000223775162498
6000000223775162508
6000000223775162520
6000000223775162532
6000000223775162542
6000000223775162551
6000000223775162566
6000000223775162572
6000000223775162582
6000000223775162591
6000000223775162596
6000000223775162601
6000000223775162606
6000000223775162611
6000000223775162617
6000000223775162626
6000000223775162636
6000000223775162645
6000000223775162651
6000000223775162657
6000000223775162666
6000000223775162671
6000000223775505608
6000000223806595787
6000000223806748477
6000000223806748496
6000000223806748505
6000000223806748513
6000000223806748526
6000000223807564816
6000000223809814936
6000000223809814943
6000000223823149947
6000000223823149959
6000000223823243191
6000000223823243199
6000000223823243211
6000000223869309149
6000000223869309179
6000000223869309184
6000000223869309189
6000000223869309195
6000000223869309201
6000000223869309216
6000000223869309222
6000000223869309257
6000000223869309266
6000000223869309280
6000000223888131914
6000000223888131943
6000000223888182909
6000000223888185871
6000000223955332835
6000000223955404839
6000000223955666822
6000000224150184839
6000000224155426138
6000000224155856833
6000000224155904835
6000000224155942823
6000000224175930906
6000000224176058844
6000000224176066843
6000000224176069873
6000000224176114841
6000000224351468815
6000000224351838825
6000000224575306859
6000000224575420821
6000000224812087130
6000000224812087139
6000000224812087152
6000000224812087163
6000000224812087174
6000000224812087183
6000000224812203130
6000000224812300150
6000000224812300160
6000000224812300168
6000000224812300173
6000000224812300184
6000000224812300192
6000000224812300200
6000000224921916903
6000000224981182769
6000000225021448913
6000000225021887854
6000000225142124503
6000000225448674942
6000000225448674946
6000000225677745368
6000000225680987831
6000000225680987841
6000000225680987876
6000000225721321930
6000000225725190845
6000000225756554668
6000000225796687920
6000000225796974834
6000000225974070827
6000000226091586888
6000000226091586933
6000000226091850837
6000000226091880849
6000000226091896842
6000000226091957835
6000000226408644846
6000000226408828863
6000000226409063874
6000000226412001926
6000000226471356961
6000000226472620263
6000000226962097995
6000000226968975901
6000000226978041821
6000000227005466832
6000000227005740930
6000000227005754866
6000000227006077821
6000000227006541844
6000000227070286265
6000000227070286272
6000000227160104931
6000000227353973827
6000000227390015829
6000000227390165834
6000000227397020897
6000000227397169844
6000000227402973864
6000000227440666852
6000000227441247821
6000000227491286914
6000000227511917880
6000000227511917885
6000000227595956984
6000000227595966930
6000000227596073874
6000000227596125949
6000000227605593851
6000000227605619879
6000000227605657856
6000000227605667925
6000000227605720849
6000000227611373892
6000000227620630970
6000000227620965862
6000000227621008836
6000000227621063829
6000000227621068839
6000000227621101821
6000000227676661960
6000000227676677869
6000000227676704858
6000000227676728821
6000000227676734863
6000000227676750829
6000000227676790821
