301299603030002250
301302528960001610
301305375190001651
301535303870006423
301536311370003783
301536539340003815
301536686310005614
333318199260011812
333339660060014463
333340874880004359
333342545040004300
342738996330012203
342784236490013931
342784537860013946
388885908140003277
3961451415690039836
4285973768030034919
4286726597560035730
4286844697980046298
4491018830330120526
4629915578570082298
4629917695910020467
4629919941750063915
4629923014580072591
4968847152220052566
4969529416810029110
4969553848350069409
5062289747460042412
5062292168540114272
5062580815120114411
5062583967830029946
5062590393540079125
5062598736490080165
5062603184590080175
5062660327850042335
5062665446030061499
5062672089820102514
5062681037320102107
5062689681490102761
5062694955650029853
5062701329390038714
5062705599320133034
5062713640220029716
5062720556410114482
5062723848090042037
5062727183060039063
5062733428380114406
5062748689350113697
5062758795400029672
5062776087800089882
5062784983070102494
5062814314020089818
5062819399200102516
5062822771030102821
5062826460170061651
5112704720180045756
5112710000990116008
5112756820720055626
5112767020670129854
5112867045480136648
5112910636750115485
5113735749540137235
5113746192510115575
5285863983560027308
5305700889470088237
5430447318240132147
5452315115200111577
5452466755680110941
5484196927960039901
5484261759280113821
5499661883940058807
5499670414540047384
5499670427640047392
5499672105720068830
5499673774600074223
5522389587670132506
5522409211630123660
5522724428200060204
5523204352870100916
5523209426640113143
5523224063320123904
5523234386590032945
5523239986330123851
5523246570300132258
5523264856400060939
5523283292660132306
5523294107690076570
5523301292820050024
5523305291760050589
5523308670250076251
5608828600130069345
5608936592170118805
5608967718830103988
5609173592060074821
5609184297680103887
5609193498930087254
5609207029410075250
5609211530430047513
6000000000083783739
6000000000083897647
6000000000083914566
6000000000401578624
6000000000401583275
6000000000401588432
6000000000401588441
6000000000401588582
6000000000642325728
6000000000645777931
6000000000645866955
6000000000645888855
6000000000645923417
6000000000645951517
6000000000645993390
6000000000646038168
6000000000724929566
6000000000724995233
6000000000744506517
6000000000744732034
6000000000744745124
6000000000744827007
6000000000752695102
6000000000772621559
6000000000772687325
6000000000772809219
6000000000772824116
6000000000772895151
6000000000776319107
6000000000776357111
6000000000776448105
6000000000776461071
6000000000776481284
6000000000776543403
6000000000776564074
6000000000776633090
6000000000776717072
6000000000786526230
6000000000813175529
6000000000835874379
6000000000836030084
6000000000923097389
6000000001020551939
6000000001020635094
6000000001112007813
6000000001112349902
6000000001112360365
6000000001112395360
6000000001112395425
6000000001112411859
6000000001112486020
6000000001112506040
6000000001112513049
6000000001157939498
6000000001157981181
6000000001158061181
6000000001158063417
6000000001158064137
6000000001158085049
6000000001158129030
6000000001158144234
6000000001158148191
6000000001158149021
6000000001158187533
6000000001158199363
6000000001158227094
6000000001158321422
6000000001158385029
6000000001177790864
6000000001180434166
6000000001188028586
6000000001188589073
6000000001235175174
6000000001274418209
6000000001276877625
6000000001276926531
6000000001276935651
6000000001277058055
6000000001500705195
6000000001500705210
6000000001500705279
6000000001500705345
6000000001500705391
6000000001500705401
6000000001500705411
6000000001500705420
6000000001500705430
6000000001500705439
6000000001500705449
6000000001500705468
6000000001500705556
6000000001500705572
6000000001500705589
6000000001500705597
6000000001500705606
6000000001500705616
6000000001500705698
6000000001500705716
6000000001500705723
6000000001500705729
6000000001500705735
6000000001500705743
6000000001500705750
6000000001500705763
6000000001500705773
6000000001500705784
6000000001500705794
6000000001500705802
6000000001500705810
6000000001500705820
6000000001500705830
6000000001500705840
6000000001500705850
6000000001500705857
6000000001500705867
6000000001500705884
6000000001500705899
6000000001500709427
6000000001500709435
6000000001500709442
6000000001500709450
6000000001500709457
6000000001500709464
6000000001500709471
6000000001500709478
6000000001500709485
6000000001500709519
6000000001500709542
6000000001500709550
6000000001500709571
6000000001500709584
6000000001500709597
6000000001500709615
6000000001500709623
6000000001500709632
6000000001500709640
6000000001500709649
6000000001500709659
6000000001500709667
6000000001500709675
6000000001500709683
6000000001500709691
6000000001500709697
6000000001500709705
6000000001500709713
6000000001500709737
6000000001500709753
6000000001500709761
6000000001500709779
6000000001500709789
6000000001500715489
6000000001500715495
6000000001500715503
6000000001500715511
6000000001500715519
6000000001500715534
6000000001500715542
6000000001500715550
6000000001500715558
6000000001500715566
6000000001500715576
6000000001500715599
6000000001500715617
6000000001500715627
6000000001500715662
6000000001500715671
6000000001500715681
6000000001500715689
6000000001500715725
6000000001500715733
6000000001500715741
6000000001500715749
6000000001500715758
6000000001500715766
6000000001500715775
6000000001500715785
6000000001500715793
6000000001500715802
6000000001500715811
6000000001500715821
6000000001500715831
6000000001500715840
6000000001500715850
6000000001500715859
6000000001500715877
6000000001500715896
6000000001500715904
6000000001500715912
6000000001500715922
6000000001500715932
6000000001500715940
6000000001500715958
6000000001500715978
6000000001500715986
6000000001500715994
6000000001500718002
6000000001500718011
6000000001500718020
6000000001500718029
6000000001500718049
6000000001500718057
6000000001500718065
6000000001500718073
6000000001500718081
6000000001500718091
6000000001500718099
6000000001500718109
6000000001500718119
6000000001500718135
6000000001500718143
6000000001500718153
6000000001500718173
6000000001500718183
6000000001500718193
6000000001500718238
6000000001500718246
6000000001500718256
6000000001500718264
6000000001500719289
6000000001500724202
6000000001500724427
6000000001500724449
6000000001500724455
6000000001500724465
6000000001500724475
6000000001500724485
6000000001500724505
6000000001500724527
6000000001500724549
6000000001500729181
6000000001500729197
6000000001500729208
6000000001500729218
6000000001500729228
6000000001500729238
6000000001500729249
6000000001500729277
6000000001500729412
6000000001500729465
6000000001500729473
6000000001500729505
6000000001500729514
6000000001500729522
6000000001500738995
6000000001500743003
6000000001500743013
6000000001500743031
6000000001500743047
6000000001500743626
6000000001500743893
6000000001500760414
6000000001500760471
6000000001500760479
6000000001500760509
6000000001500760547
6000000001500760555
6000000001500760565
6000000001500760575
6000000001500760583
6000000001500760601
6000000001500760619
6000000001500760637
6000000001500760647
6000000001500760667
6000000001500760677
6000000001500760687
6000000001500760707
6000000001500760736
6000000001500760760
6000000001500760776
6000000001500760802
6000000001500760830
6000000001500760838
6000000001500760846
6000000001500760854
6000000001500760862
6000000001500760870
6000000001500760878
6000000001500760887
6000000001500760896
6000000001500760904
6000000001500760912
6000000001500760932
6000000001500760940
6000000001500760948
6000000001500760957
6000000001500760965
6000000001500760975
6000000001500760996
6000000001500764017
6000000001500764046
6000000001500764054
6000000001500764088
6000000001500764096
6000000001500764121
6000000001500764145
6000000001500774287
6000000001500786023
6000000001500789075
6000000001500789083
6000000001500789091
6000000001500789101
6000000001500789111
6000000001500789121
6000000001500789146
6000000001500789179
6000000001500789187
6000000001500789195
6000000001500789213
6000000001500789233
6000000001500789243
6000000001500789269
6000000001500789291
6000000001500789299
6000000001500789326
6000000001500789350
6000000001500789376
6000000001500789393
6000000001500789433
6000000001500789465
6000000001500789489
6000000001500797928
6000000001500799052
6000000001500800522
6000000001500800530
6000000001500800553
6000000001660234385
6000000001660234486
6000000001660234518
6000000001660234945
6000000001660234951
6000000001660234963
6000000001660234970
6000000001660239348
6000000001660239396
6000000001660239402
6000000001660239408
6000000001660239414
6000000001660239420
6000000001660291491
6000000001660291528
6000000001660291539
6000000001660291563
6000000001660295049
6000000001660295058
6000000001660295064
6000000001660295728
6000000001660297458
6000000001660297466
6000000001660297474
6000000001660301329
6000000001660301344
6000000001660301355
6000000001660301362
6000000001660301371
6000000001660301378
6000000001660301389
6000000001660301400
6000000001660301408
6000000001660301450
6000000001660301458
6000000001660301470
6000000001660301478
6000000001660301486
6000000001660301495
6000000001660301504
6000000001660301512
6000000001660301520
6000000001660301529
6000000001660301537
6000000001660301545
6000000001660301553
6000000001660301562
6000000001660301578
6000000001660301586
6000000001660301596
6000000001660301612
6000000001660301689
6000000001660301719
6000000001660309342
6000000001875312851
6000000001875543790
6000000001875672495
6000000001969470922
6000000001969541573
6000000001969612341
6000000001969620491
6000000001969656183
6000000001969692199
6000000001969704159
6000000001970141821
6000000001972263830
6000000001972421693
6000000001981741404
6000000001981762895
6000000001981782317
6000000001981808902
6000000001981825906
6000000001981827895
6000000001981860233
6000000001981875908
6000000001981912242
6000000001981921283
6000000001981965151
6000000001981979766
6000000001981982175
6000000002003633525
6000000002003633532
6000000002003672763
6000000002003672785
6000000002003674156
6000000002009964963
6000000002009972677
6000000002010093353
6000000002010813770
6000000002018031888
6000000002018137562
6000000002018200159
6000000002018232217
6000000002018274023
6000000002018279091
6000000002022243257
6000000002023068336
6000000002067410129
6000000002071905199
6000000002072829726
6000000002079086960
6000000002109269159
6000000002119413758
6000000002119477100
6000000002119480190
6000000002119484339
6000000002119542117
6000000002119546234
6000000002119793936
6000000002119892485
6000000002119944642
6000000002120680987
6000000002120841089
6000000002121055526
6000000002121066814
6000000002197751809
6000000002197782924
6000000002197802591
6000000002197825574
6000000002197854459
6000000002197875776
6000000002197881408
6000000002197971051
6000000002197977013
6000000002197977059
6000000002199588312
6000000002260739132
6000000002260749143
6000000002279598001
6000000002279598012
6000000002279598057
6000000002279598079
6000000002279598090
6000000002279598101
6000000002279598112
6000000002279598123
6000000002279598132
6000000002279598203
6000000002279598214
6000000002279598225
6000000002279598236
6000000002279598247
6000000002279598258
6000000002279598268
6000000002279598315
6000000002279598337
6000000002279598344
6000000002279598600
6000000002279598630
6000000002279598916
6000000002279598926
6000000002279602373
6000000002279602383
6000000002279602390
6000000002279602398
6000000002279602408
6000000002279602415
6000000002279602682
6000000002279602702
6000000002279602723
6000000002279602733
6000000002279602743
6000000002279602817
6000000002279602827
6000000002279602837
6000000002279602843
6000000002279602849
6000000002279602855
6000000002279602861
6000000002279602867
6000000002279602904
6000000002279602922
6000000002279602935
6000000002279602959
6000000002279603530
6000000002279603539
6000000002279603648
6000000002279605001
6000000002279605007
6000000002279605013
6000000002279612128
6000000002279612138
6000000002279612381
6000000002279612391
6000000002279612802
6000000002279616117
6000000002279616127
6000000002279616254
6000000002279616261
6000000002279616268
6000000002279616280
6000000002279616303
6000000002279619067
6000000002279619773
6000000002279619790
6000000002279619796
6000000002279619913
6000000002279619921
6000000002279619926
6000000002279621738
6000000002279628096
6000000002279628110
6000000002279628117
6000000002279628390
6000000002279628397
6000000002279628404
6000000002279628411
6000000002279628418
6000000002279631515
6000000002279631526
6000000002279631847
6000000002279631857
6000000002279631867
6000000002279633069
6000000002279633076
6000000002279633092
6000000002279633099
6000000002279633106
6000000002279633113
6000000002279633120
6000000002279633127
6000000002279633133
6000000002279633158
6000000002279633172
6000000002279633179
6000000002279633187
6000000002279633194
6000000002279633207
6000000002279633221
6000000002279633228
6000000002279633236
6000000002279633242
6000000002279633921
6000000002279633936
6000000002279633941
6000000002279633946
6000000002279635214
6000000002279635230
6000000002279635236
6000000002279635253
6000000002279635284
6000000002279635290
6000000002279635296
6000000002279635317
6000000002279635429
6000000002279635490
6000000002279635496
6000000002279635503
6000000002279635510
6000000002279635517
6000000002279635524
6000000002279635555
6000000002279635646
6000000002279635653
6000000002279635660
6000000002279635667
6000000002279635674
6000000002279635697
6000000002279635703
6000000002348407827
6000000002348508503
6000000002348587244
6000000002348619057
6000000002469216205
6000000002469292308
6000000002542660830
6000000002590809887
6000000002590959693
6000000002591043279
6000000002591060264
6000000002591115063
6000000002591137153
6000000002591137164
6000000002591296011
6000000002639324083
6000000002690225333
6000000002704498127
6000000002704538832
6000000002765664696
6000000002765684896
6000000002765809958
6000000002765934101
6000000002766008614
6000000002777629467
6000000002814413427
6000000002826267375
6000000002826267380
6000000002826267385
6000000002826267390
6000000002883861130
6000000002906132804
6000000002993390083
6000000002993438294
6000000003100454958
6000000003297507423
6000000003312214998
6000000003312237667
6000000003312291327
6000000003312311374
6000000003312334085
6000000003413985528
6000000003446939974
6000000003446990618
6000000003447074462
6000000003447134237
6000000003447139497
6000000003447162142
6000000003447203041
6000000003447204026
6000000003447204070
6000000003447218031
6000000003505625230
6000000003505661472
6000000003505683682
6000000003505697294
6000000003569111954
6000000003569133794
6000000003569145995
6000000003569156803
6000000003569164467
6000000003569179673
6000000003569207797
6000000003569215089
6000000003569227419
6000000003569230649
6000000003569234054
6000000003569240704
6000000003569299360
6000000003569452749
6000000003569474627
6000000003569619331
6000000003574020546
6000000003574021671
6000000003574033734
6000000003574336072
6000000003574490100
6000000003574492103
6000000003574492646
6000000003574513418
6000000003574578387
6000000003584061284
6000000003584079112
6000000003584094566
6000000003584102223
6000000003584160635
6000000003584186630
6000000003584208899
6000000003584323080
6000000003588725989
6000000003588935128
6000000003589415514
6000000003589420422
6000000003589433687
6000000003589437006
6000000003589504581
6000000003589570392
6000000003589638097
6000000003590461148
6000000003591801680
6000000003591858452
6000000003591890371
6000000003603337979
6000000003603370726
6000000003603415469
6000000003607008230
6000000003612398143
6000000003612525196
6000000003616072043
6000000003616144416
6000000003617947936
6000000003617985831
6000000003618071686
6000000003618071751
6000000003618115521
6000000003618178763
6000000003618193596
6000000003618248114
6000000003618255211
6000000003618258207
6000000003618262119
6000000003627778737
6000000003627808337
6000000003627863192
6000000003628886613
6000000003628894595
6000000003628904484
6000000003628939775
6000000003628942584
6000000003628973582
6000000003629018091
6000000003629031055
6000000003629034724
6000000003634876200
6000000003635427160
6000000003635561889
6000000003635562529
6000000003635665650
6000000003635834981
6000000003635883968
6000000003635947725
6000000003636014156
6000000003636028161
6000000003636040139
6000000003636070256
6000000003636079223
6000000003636081918
6000000003636098015
6000000003636114005
6000000003637529518
6000000003637540529
6000000003637590498
6000000003637592152
6000000003637592221
6000000003637627049
6000000003637747255
6000000003637773488
6000000003637798239
6000000003637919129
6000000003637963113
6000000003638000832
6000000003638059468
6000000003638099486
6000000003638162883
6000000003638226732
6000000003638367564
6000000003638414319
6000000003638602774
6000000003639625528
6000000003659983751
6000000003660053533
6000000003660149105
6000000003660368701
6000000003660368754
6000000003660390453
6000000003660391508
6000000003660437355
6000000003660454804
6000000003668289099
6000000003714387515
6000000003724857540
6000000003724893355
6000000003724938318
6000000003762285676
6000000003762523084
6000000003762555073
6000000003827160852
6000000003827195044
6000000003827233926
6000000004202468470
6000000004202495420
6000000004202531361
6000000004202570520
6000000004202595362
6000000004202654030
6000000004202658014
6000000004203028879
6000000004203044595
6000000004203179490
6000000004203233625
6000000004203311195
6000000004203461640
6000000004203568077
6000000004203581027
6000000004235325310
6000000004538251682
6000000004538332961
6000000004538349838
6000000004538455546
6000000004538528263
6000000004538838090
6000000004566375184
6000000004566946354
6000000004566946934
6000000004567015133
6000000004567075702
6000000004567182307
6000000004567357228
6000000004657251846
6000000004657679506
6000000004657679881
6000000004657738362
6000000004657744870
6000000004657748765
6000000004657756407
6000000004657835306
6000000004657860168
6000000004657880877
6000000004657931622
6000000004657938405
6000000004657999249
6000000004658012163
6000000004658084355
6000000004658085400
6000000004747820001
6000000004862121037
6000000005017835853
6000000005034968935
6000000005035093507
6000000005035118829
6000000005035164538
6000000005035190349
6000000005035241521
6000000005035952108
6000000005048524681
6000000005061261776
6000000005061348710
6000000005061350157
6000000005061403082
6000000005426491910
6000000005426720573
6000000005426841026
6000000005439136001
6000000005586000710
6000000005586179819
6000000005586272401
6000000005586388545
6000000005586398494
6000000005586467173
6000000005586564013
6000000005586866525
6000000005598755457
6000000005598755462
6000000005598755472
6000000005598755477
6000000005598755482
6000000005598755503
6000000005598755513
6000000005598760442
6000000005598760452
6000000005598760467
6000000005598760542
6000000005598760552
6000000005598760557
6000000005598760562
6000000005598760577
6000000005598760587
6000000005598760646
6000000005598760682
6000000005598760738
6000000005598760763
6000000005598760786
6000000005598760812
6000000005598760953
6000000005598819368
6000000005598831543
6000000005598831553
6000000005598831558
6000000005598831605
6000000005598831648
6000000005598831673
6000000005598831678
6000000005598831683
6000000005598831688
6000000005598831723
6000000005598831736
6000000005598831768
6000000005598831773
6000000005598831778
6000000005598831796
6000000005598831806
6000000005598831841
6000000005598831868
6000000005598831953
6000000005598831984
6000000005598831994
6000000005598839009
6000000005598839014
6000000005598839061
6000000005598839082
6000000005598839129
6000000005598839283
6000000005598839293
6000000005598839393
6000000005598839538
6000000005598839574
6000000005598839744
6000000005598839760
6000000005598839774
6000000005598839815
6000000005598839867
6000000005598839876
6000000005598839884
6000000005598839933
6000000005598839965
6000000005598843974
6000000005598867726
6000000005598936770
6000000005598942940
6000000005598973899
6000000005598980087
6000000005599033997
6000000005599044536
6000000005599044552
6000000005599044697
6000000005599044708
6000000005599098696
6000000005599098712
6000000005599098722
6000000005599098737
6000000005599098758
6000000005599098778
6000000005599098788
6000000005599098803
6000000005599098808
6000000005599098813
6000000005599098818
6000000005599098829
6000000005599098839
6000000005599098854
6000000005599105880
6000000005599120556
6000000005599129032
6000000005599129666
6000000005599129740
6000000005599142099
6000000005599142221
6000000005599142359
6000000005599142409
6000000005599142488
6000000005599142644
6000000005599142701
6000000005599142849
6000000005599142920
6000000005599151230
6000000005599151245
6000000005599151285
6000000005599151290
6000000005599151302
6000000005599151327
6000000005599151355
6000000005599151692
6000000005599151702
6000000005599151707
6000000005599151712
6000000005599151717
6000000005599151739
6000000005599151749
6000000005599151754
6000000005599151759
6000000005599151764
6000000005599151769
6000000005599151780
6000000005599151791
6000000005599151807
6000000005599151812
6000000005599151823
6000000005599151833
6000000005599151838
6000000005599151843
6000000005599151848
6000000005599151863
6000000005599151883
6000000005599151893
6000000005599151923
6000000005599151933
6000000005599151938
6000000005599151948
6000000005599151953
6000000005599151958
6000000005599151968
6000000005599151973
6000000005599151983
6000000005599159009
6000000005599159060
6000000005599159121
6000000005599159157
6000000005599159192
6000000005599159224
6000000005599159244
6000000005599159296
6000000005599159354
6000000005599159359
6000000005599159399
6000000005599159410
6000000005599159435
6000000005599159462
6000000005599159532
6000000005599159605
6000000005599159615
6000000005599183258
6000000005599209729
6000000005599209734
6000000005599209739
6000000005599209744
6000000005599209749
6000000005599209755
6000000005599209760
6000000005599209765
6000000005599209776
6000000005599209786
6000000005599209791
6000000005599209806
6000000005599209836
6000000005599209841
6000000005599209846
6000000005599209851
6000000005599209856
6000000005599209871
6000000005599209881
6000000005599209906
6000000005599209911
6000000005599209916
6000000005599209931
6000000005599209936
6000000005931559919
6000000005931919709
6000000005931922770
6000000005931963854
6000000005931993851
6000000005932069679
6000000005932105414
6000000005932115513
6000000005932116226
6000000005932124484
6000000005932176221
6000000005932185183
6000000005932185395
6000000005932252128
6000000005932337105
6000000005932401215
6000000005932443001
6000000005932452021
6000000005932546187
6000000005932606125
6000000005932645094
6000000006159346354
6000000006422687364
6000000006422849401
6000000006422883349
6000000006422959251
6000000006423125171
6000000006423154062
6000000006423157138
6000000006423179056
6000000006707093811
6000000006707274490
6000000006707548021
6000000006707732073
6000000006736902121
6000000007487355082
6000000007487434483
6000000007487559397
6000000007487562422
6000000007487585476
6000000007487602361
6000000007528900631
6000000007528901013
6000000007529113554
6000000007529113964
6000000007529114122
6000000007529121204
6000000007529121246
6000000007529121869
6000000007529121939
6000000007529122004
6000000007529129415
6000000007529129637
6000000007529131225
6000000007529131244
6000000007529131275
6000000007529131299
6000000007529131403
6000000007529131543
6000000007529131551
6000000007529131846
6000000007529137443
6000000007529137466
6000000007529137657
6000000007529138035
6000000007529142253
6000000007529145305
6000000007529145631
6000000007529145818
6000000007529153324
6000000007529153455
6000000007529153804
6000000007529161941
6000000007529166069
6000000007529170808
6000000007529170876
6000000007602717301
6000000007608239457
6000000007608851341
6000000007927502996
6000000007928108749
6000000007964133670
6000000007964737929
6000000007964955925
6000000007964961294
6000000007965007318
6000000007965082709
6000000007965576794
6000000007965595830
6000000007965732208
6000000007965737254
6000000007965757399
6000000007965798338
6000000007979854082
6000000007979963561
6000000007979981922
6000000007980020870
6000000007980031980
6000000007980056451
6000000007980063802
6000000007980069371
6000000007980127589
6000000007980198435
6000000007980201265
6000000007980214465
6000000007980225800
6000000007980243267
6000000007980247252
6000000007980349302
6000000007980366311
6000000007991724069
6000000007991730736
6000000007991740961
6000000007991742003
6000000007991767098
6000000007991775064
6000000007991779824
6000000007991823561
6000000007991836050
6000000007991853581
6000000007991871937
6000000007991892753
6000000007991991958
6000000007992006570
6000000007992023763
6000000007992080467
6000000007992086818
6000000007992095989
6000000007992113209
6000000007992113272
6000000007992120548
6000000007992120895
6000000007992140628
6000000007992157241
6000000007992157597
6000000007992197336
6000000007992202813
6000000007992246352
6000000007992348970
6000000007992359857
6000000007992364901
6000000007992389581
6000000007992426365
6000000007992438333
6000000007992438356
6000000008019467044
6000000008019760477
6000000008019778261
6000000008019864362
6000000008019889374
6000000008019959205
6000000008063054483
6000000008126881651
6000000008191993136
6000000008192024448
6000000008199049742
6000000008199221005
6000000008199289310
6000000008199588922
6000000008200275956
6000000008200359967
6000000008200365945
6000000008200391116
6000000008200400732
6000000008200405832
6000000008200449129
6000000008200487068
6000000008200494665
6000000008200494955
6000000008200505543
6000000008200518171
6000000008200592060
6000000008200593712
6000000008200597020
6000000008200638032
6000000008200638822
6000000008200641402
6000000008200641616
6000000008200642092
6000000008200645049
6000000008200661829
6000000008200663039
6000000008200673614
6000000008200687128
6000000008200700527
6000000008200700669
6000000008200748828
6000000008200779205
6000000008200780739
6000000008200848013
6000000008200868008
6000000008200874223
6000000008200889387
6000000008200892682
6000000008200903521
6000000008200912678
6000000008200921472
6000000008200930516
6000000008200932166
6000000008200939178
6000000008200945400
6000000008200946517
6000000008200966817
6000000008200976429
6000000008200976732
6000000008200978757
6000000008200980332
6000000008200991964
6000000008201031327
6000000008201055624
6000000008201067405
6000000008201071204
6000000008201077631
6000000008201079292
6000000008201086324
6000000008201097212
6000000008201100406
6000000008209220811
6000000008231693813
6000000008269649692
6000000008270690669
6000000008331831901
6000000008529338579
6000000008529497863
6000000008561773451
6000000008680102511
6000000008680333394
6000000008680569806
6000000008680581771
6000000008680787468
6000000008681075483
6000000008683043206
6000000008735730774
6000000008735854062
6000000008735900592
6000000008736017077
6000000008836503849
6000000008842205628
6000000008901046026
6000000008953889821
6000000008954019741
6000000008954099069
6000000008954102021
6000000008954120686
6000000008954141791
6000000008954157516
6000000008954175514
6000000008954194967
6000000008954197908
6000000008954244291
6000000008964243258
6000000008964990250
6000000009102860942
6000000009110203991
6000000009110508033
6000000009182317114
6000000009182342704
6000000009182485710
6000000009191524016
6000000009191529040
6000000009191550738
6000000009191576697
6000000009191621636
6000000009191689810
6000000009191707480
6000000009191733504
6000000009191742246
6000000009191762252
6000000009191764279
6000000009191765205
6000000009191858232
6000000009288888397
6000000009288888736
6000000009288904130
6000000009288914563
6000000009288919518
6000000009288921714
6000000009288925127
6000000009288925137
6000000009288925158
6000000009288928624
6000000009288931154
6000000009288937068
6000000009288952070
6000000009288961332
6000000009288961388
6000000009288961588
6000000009288962030
6000000009288964964
6000000009288978653
6000000009288983220
6000000009289008524
6000000009289014441
6000000009289017565
6000000009289022970
6000000009289025739
6000000009289026112
6000000009289031779
6000000009289037394
6000000009289047421
6000000009289047556
6000000009289058530
6000000009289077584
6000000009289077826
6000000009289078061
6000000009289112664
6000000009289119233
6000000009299987525
6000000009300523514
6000000009300523519
6000000009300523524
6000000009300523529
6000000009300523534
6000000009300532371
6000000009308416848
6000000009351024953
6000000009351036573
6000000009388192278
6000000009388226357
6000000009543888305
6000000009803098216
6000000010174374893
6000000010202598752
6000000010202707423
6000000010202787788
6000000010202941690
6000000010203086288
6000000010203110277
6000000010219106121
6000000010219244721
6000000010219300746
6000000010219496696
6000000010219520343
6000000010235024098
6000000010235039961
6000000010235077868
6000000010321455316
6000000010321519086
6000000010339646760
6000000010341221026
6000000010341523846
6000000010341728788
6000000010341809578
6000000010341904444
6000000010342032201
6000000010410653747
6000000010501649830
6000000010502083512
6000000010502108364
6000000010502114575
6000000010502219319
6000000010562446782
6000000010783868811
6000000010848765797
6000000010849106516
6000000010887180944
6000000011071804011
6000000011101355801
6000000011101378880
6000000011101386627
6000000011105462205
6000000011162225198
6000000011162305526
6000000011162503812
6000000011162550415
6000000011162598947
6000000011162751717
6000000011162956248
6000000011244193750
6000000011637625585
6000000011661295072
6000000011661492919
6000000011669977745
6000000011687236867
6000000011687476762
6000000011687517812
6000000011687587460
6000000011687605269
6000000011854389092
6000000011854445892
6000000011854550172
6000000011854808302
6000000011854982617
6000000012046619189
6000000012046663156
6000000012046682142
6000000012046785313
6000000012316827632
6000000012317012341
6000000012317074425
6000000012317499226
6000000012349456683
6000000012349576978
6000000012349615970
6000000012349703960
6000000012349723107
6000000012349724879
6000000012349882495
6000000012349926361
6000000012924169444
6000000012996186911
6000000013073555110
6000000013073733567
6000000013080470629
6000000013091841443
6000000013092013602
6000000013092069604
6000000013092265395
6000000013092353302
6000000013093923430
6000000013093935767
6000000013093996434
6000000013103924130
6000000013114053079
6000000013126572129
6000000013126624193
6000000013126695736
6000000013126723030
6000000013128098768
6000000013129739331
6000000013155537855
6000000013184380426
6000000013184434557
6000000013184547080
6000000013184711623
6000000013184724884
6000000013184726449
6000000013184737845
6000000013184739795
6000000013184824420
6000000013184832758
6000000013463304897
6000000013463318681
6000000013463541169
6000000013463545217
6000000013488497670
6000000013488728686
6000000013488735550
6000000013489582115
6000000013489592057
6000000013489617072
6000000013489618080
6000000013489686024
6000000013489731028
6000000013489741533
6000000013495508666
6000000013496033169
6000000013496093073
6000000013496153108
6000000013677156724
6000000013677259967
6000000013677260802
6000000013677263775
6000000013677277268
6000000013677285602
6000000013677293679
6000000013677305366
6000000013677334472
6000000013677344503
6000000013677384291
6000000013677388245
6000000013677393053
6000000013677412015
6000000013677414083
6000000013705201623
6000000013705705077
6000000013735183441
6000000013735421168
6000000013735743128
6000000013763683945
6000000013763839568
6000000013776651815
6000000013776714540
6000000013776762810
6000000013776784946
6000000013776846902
6000000013776874407
6000000013776898520
6000000013776911254
6000000013776919473
6000000013776951543
6000000013776954919
6000000013776967257
6000000013776968105
6000000013886836900
6000000013886946433
6000000013886975495
6000000013887024434
6000000013887078882
6000000013887097630
6000000013887153050
6000000013887155091
6000000013928003813
6000000013928087825
6000000013928266624
6000000013928271156
6000000013928301139
6000000013928734665
6000000013928871380
6000000013929218547
6000000013939372482
6000000013939381378
6000000013941085975
6000000013942914639
6000000013942981883
6000000013942999964
6000000013943087655
6000000013943098570
6000000013943103547
6000000013943118773
6000000013943127385
6000000013943129679
6000000013943155927
6000000013943164283
6000000013943166337
6000000013943169466
6000000013943172367
6000000013943190304
6000000013943201090
6000000013943205232
6000000014001124722
6000000014065205446
6000000014362314641
6000000014362383336
6000000014419487530
6000000014419490569
6000000014419491507
6000000014419538098
6000000014577651787
6000000014577907443
6000000014596323384
6000000014597348836
6000000014601170877
6000000014686228286
6000000014714333402
6000000014714447061
6000000014763912575
6000000014764025521
6000000014764139321
6000000014773529902
6000000014773762856
6000000014773796161
6000000014806024310
6000000014806176012
6000000014974063600
6000000015071278807
6000000015071375669
6000000015071430645
6000000015071534709
6000000015071567264
6000000015071592083
6000000015071654023
6000000015161247222
6000000015221818301
6000000015222204530
6000000015222475382
6000000015222519289
6000000015304834577
6000000015304868493
6000000015304870366
6000000015304926116
6000000015334627281
6000000015334704424
6000000015334888072
6000000015334911640
6000000015334928525
6000000015334940307
6000000015445587256
6000000015445712121
6000000015889490920
6000000015889491802
6000000015890498810
6000000015891210590
6000000015891370972
6000000015891517087
6000000015891549054
6000000016183538333
6000000016347302232
6000000016509909608
6000000016519663380
6000000016519880058
6000000016520469498
6000000016520584360
6000000016613229030
6000000016830525370
6000000016830661214
6000000016830673419
6000000016950294866
6000000016950495551
6000000016950522161
6000000016950529987
6000000016950535066
6000000016950547667
6000000016950550187
6000000016950550599
6000000016950552137
6000000016950552476
6000000016950599860
6000000016950603321
6000000016950646274
6000000016950657701
6000000016950692431
6000000016950729867
6000000016950731342
6000000016950743515
6000000016950753344
6000000016950777911
6000000016950781231
6000000016950871150
6000000017026235001
6000000017035831039
6000000017043568797
6000000017043650854
6000000017043662607
6000000017043675856
6000000017044129931
6000000017044201229
6000000017044226398
6000000017044237285
6000000017044244615
6000000017044270311
6000000017044286346
6000000017044286381
6000000017044528916
6000000017131388532
6000000017146423692
6000000017146529304
6000000017146679476
6000000017231324533
6000000017231844040
6000000017378999864
6000000017475142264
6000000017505653626
6000000017506059411
6000000017506116166
6000000017506149437
6000000017513423823
6000000017513510469
6000000017514946647
6000000017515933005
6000000017519107117
6000000017519148746
6000000017519263389
6000000017534836542
6000000017534933240
6000000017534940163
6000000017578156614
6000000017578164511
6000000017578391665
6000000017578458336
6000000017608068690
6000000017619037763
6000000017679047726
6000000017679128656
6000000017679598042
6000000018050585611
6000000018050598559
6000000018071693149
6000000018117551532
6000000018118281320
6000000018359098985
6000000018359154414
6000000018359297214
6000000018359432165
6000000018463189333
6000000018463239965
6000000018463321697
6000000018529618518
6000000018529688577
6000000018529757420
6000000018529869209
6000000018529923706
6000000018530108858
6000000018530430135
6000000018531025465
6000000018605177225
6000000018941934447
6000000019125293152
6000000019265696611
6000000019347163548
6000000019367358395
6000000019367483925
6000000019367935563
6000000019368036526
6000000019453570028
6000000019453986749
6000000019454330367
6000000019458979976
6000000019460376563
6000000019460377680
6000000019460589391
6000000019460830736
6000000019460909133
6000000019461545259
6000000019461565289
6000000019463414267
6000000019465717958
6000000019466033776
6000000019466080611
6000000019466221592
6000000019466244846
6000000019466312230
6000000019466333737
6000000019466377140
6000000019466452405
6000000019466485484
6000000019466539599
6000000019466627860
6000000019466740331
6000000019466792428
6000000019466816048
6000000019466874329
6000000019467020034
6000000019467035088
6000000019485073052
6000000019485111295
6000000019485222745
6000000019485325298
6000000019485447092
6000000019495564275
6000000019495762169
6000000019522059483
6000000019522283031
6000000019524214841
6000000019524338608
6000000019533354367
6000000019533694454
6000000019533876302
6000000019534239158
6000000019534300890
6000000019534437064
6000000019534506025
6000000019536241802
6000000019536955380
6000000019537200301
6000000019537468973
6000000019541790450
6000000019548465596
6000000019549697143
6000000019554904806
6000000019555379338
6000000019555428352
6000000019555646041
6000000019591841711
6000000019593073488
6000000019608941970
6000000019609544038
6000000019610383137
6000000019610711054
6000000019730033242
6000000019750891234
6000000019750929001
6000000019756023215
6000000019756232244
6000000019759400273
6000000019759572010
6000000019759596125
6000000019760446295
6000000019760948085
6000000019761046376
6000000019827907257
6000000019828335738
6000000019828403776
6000000019828738199
6000000019828779558
6000000019828831145
6000000019856145946
6000000019856370962
6000000019864190023
6000000019864322979
6000000019865352504
6000000019870235169
6000000020006059028
6000000020073103604
6000000020073523027
6000000020123856753
6000000020124509172
6000000020202601771
6000000020203186385
6000000020204986897
6000000020205002109
6000000020306987755
6000000020307366189
6000000020307381246
6000000020307578104
6000000020307685209
6000000020307733789
6000000020307750146
6000000020307769791
6000000020307922280
6000000020307922316
6000000020349774324
6000000020350481557
6000000020350494502
6000000020350815873
6000000020350835631
6000000020350989718
6000000020351055311
6000000020351069981
6000000020351081623
6000000020351100975
6000000020351148827
6000000020351154843
6000000020351158884
6000000020351158929
6000000020351172933
6000000020351188802
6000000020351210801
6000000020351372493
6000000020351634562
6000000020361444864
6000000020361487169
6000000020361516445
6000000020362802553
6000000020363738748
6000000020506496845
6000000020599849450
6000000020907709000
6000000020957116709
6000000020957190798
6000000020957518850
6000000021137732866
6000000021223521774
6000000021223521792
6000000021223539593
6000000021223579207
6000000021223583231
6000000021223648260
6000000021223680283
6000000021223712405
6000000021223713396
6000000021223726982
6000000021223750259
6000000021223766291
6000000021223847972
6000000021223874990
6000000021223880916
6000000021223894880
6000000021223898881
6000000021224021700
6000000021224284467
6000000021224446219
6000000021224770475
6000000021224812465
6000000021237777774
6000000021237998231
6000000021238672410
6000000021239939878
6000000021292318589
6000000021293092258
6000000021293388218
6000000021331147121
6000000021412772781
6000000021413633680
6000000021413725409
6000000021413738270
6000000021413739298
6000000021413755273
6000000021413784134
6000000021517275692
6000000021517373690
6000000021517373696
6000000021517558524
6000000021517578472
6000000021517642179
6000000021616886722
6000000021617683079
6000000021672223042
6000000021672735929
6000000021672868077
6000000022051141380
6000000022103072483
6000000022218599505
6000000022218812438
6000000022218981205
6000000022219005305
6000000022219034179
6000000022219048232
6000000022219071992
6000000022219204640
6000000022219312151
6000000022219387935
6000000022219721477
6000000022219751658
6000000022219751921
6000000022219806984
6000000022500450976
6000000022500520828
6000000022808087592
6000000022808606000
6000000022900790603
6000000022901709114
6000000022901832033
6000000022902022094
6000000022902126952
6000000022902157925
6000000022902284963
6000000023356987593
6000000023357288252
6000000023357288256
6000000023357510821
6000000023699983989
6000000023798059065
6000000023851542550
6000000023851600514
6000000023851615472
6000000023851815756
6000000023852080632
6000000024033454576
6000000024033789437
6000000024033805814
6000000024033853755
6000000024033887238
6000000024033905742
6000000024033928165
6000000024033930226
6000000024033953375
6000000024034028518
6000000024034079736
6000000024034109218
6000000024034111371
6000000024034113498
6000000024034116155
6000000024034122431
6000000024034132947
6000000024034151856
6000000024034153111
6000000024034162232
6000000024034211030
6000000024034272977
6000000024034285972
6000000024060837555
6000000024060845722
6000000024060846715
6000000024060859668
6000000024060864773
6000000024060898420
6000000024060905520
6000000024060905653
6000000024060937380
6000000024060945506
6000000024060957290
6000000024061013297
6000000024061094105
6000000024061103555
6000000024061117383
6000000024061135809
6000000024061185144
6000000024061194062
6000000024061194304
6000000024061219046
6000000024061224301
6000000024061260916
6000000024061261893
6000000024089381741
6000000024130521873
6000000024252284925
6000000024253730148
6000000024361252871
6000000024413708376
6000000024414370648
6000000024414415568
6000000024414426348
6000000024414560805
6000000024414647086
6000000024414665303
6000000024414672058
6000000024414872832
6000000024415008843
6000000024415017851
6000000024415041859
6000000024420343577
6000000024437688466
6000000024437835396
6000000024438115263
6000000024438206030
6000000024446447747
6000000024446480463
6000000024446480485
6000000024446555201
6000000024446566426
6000000024446567417
6000000024446608697
6000000024446695351
6000000024446825045
6000000024446932901
6000000024446940926
6000000024446941850
6000000024447312564
6000000024447679954
6000000024447772726
6000000024447812811
6000000024447835210
6000000024447975400
6000000024447996460
6000000024448033501
6000000024448034455
6000000024448038558
6000000024448086206
6000000024448117574
6000000024448197414
6000000024448201323
6000000024448203988
6000000024448205646
6000000024448230045
6000000024448232784
6000000024448249927
6000000024448250736
6000000024448261200
6000000024448306878
6000000024448338681
6000000024448345868
6000000024448354841
6000000024448362902
6000000024448392616
6000000024448440986
6000000024448442469
6000000024448487346
6000000024448499745
6000000024448555016
6000000024448602871
6000000024448654960
6000000024449030700
6000000024449109457
6000000024449125644
6000000024449257272
6000000024449326444
6000000024449433004
6000000024449465274
6000000024449528348
6000000024449576266
6000000024449598344
6000000024449732902
6000000024449783978
6000000024517749005
6000000024517749043
6000000024517901018
6000000024517906008
6000000024517907132
6000000024617475529
6000000024643883039
6000000024643942440
6000000024643956404
6000000024644228899
6000000024657178800
6000000024671082718
6000000024671356547
6000000024671368413
6000000024671477443
6000000024671540140
6000000024671588774
6000000024671625261
6000000024671659469
6000000024671713570
6000000024671787979
6000000024671792127
6000000024671862903
6000000024671862913
6000000024671901882
6000000025743196576
6000000025743279076
6000000026216136926
6000000026619053193
6000000026619394824
6000000026619573871
6000000026619628963
6000000026811245444
6000000026811443010
6000000026811561432
6000000026811670350
6000000027028062544
6000000027028135431
6000000027028155549
6000000027028481669
6000000027028547575
6000000027028717005
6000000027028822235
6000000027324071383
6000000027324249181
6000000027324377145
6000000027324906630
6000000027325062742
6000000027325458270
6000000027325495130
6000000027325530191
6000000027325558218
6000000027325559097
6000000027325598103
6000000027325608905
6000000027341640672
6000000027342159390
6000000027342221089
6000000027342347877
6000000027344297266
6000000027894658326
6000000028412974587
6000000028708454237
6000000028708613446
6000000028708742054
6000000028708819029
6000000029646190797
6000000029646210762
6000000029646267678
6000000029647317216
6000000029647698297
6000000029648423290
6000000029648814607
6000000029648922458
6000000029648966167
6000000029649367910
6000000029649391915
6000000029649440929
6000000029701921657
6000000029702145703
6000000029702404016
6000000029702406034
6000000029702411670
6000000029702504839
6000000029703535034
6000000029716287139
6000000029716349133
6000000029739481504
6000000029739739808
6000000029739901055
6000000029739975915
6000000030801093262
6000000030801114207
6000000031880912508
6000000032200900325
6000000032201157051
6000000032201180081
6000000032202942731
6000000032203253019
6000000032203259951
6000000032203474924
6000000032305991670
6000000032354804217
6000000032917625405
6000000033059481434
6000000033059521312
6000000033059851828
6000000033125489694
6000000033125576571
6000000033224687820
6000000033225049747
6000000033225137223
6000000033225305451
6000000033225576350
6000000033225684362
6000000033225693379
6000000033225797844
6000000033225897340
6000000033226099963
6000000033226101227
6000000033226124078
6000000033226135174
6000000033226438999
6000000033226458893
6000000033226626965
6000000033226679868
6000000033226730905
6000000033226742841
6000000033226795863
6000000033226855821
6000000033269084516
6000000033279337639
6000000033279660365
6000000033279733169
6000000033279774239
6000000033279786188
6000000033279798176
6000000033279816083
6000000033280051838
6000000033498843321
6000000034567205945
6000000034567365907
6000000034567476093
6000000034567531901
6000000034567582025
6000000034567654924
6000000034567689889
6000000034567841822
6000000035285703205
6000000035285922978
6000000035286481878
6000000035287872937
6000000035901044530
6000000035901271364
6000000035901302336
6000000035901649902
6000000037582544631
6000000037651303767
6000000037651399594
6000000037651705140
6000000037651896090
6000000038765264607
6000000038765683356
6000000039106544573
6000000039106845393
6000000040369885648
6000000040370015632
6000000040370025358
6000000040370318996
6000000040370364917
6000000041048860780
6000000041048860789
6000000041048860800
6000000041048860807
6000000041048860811
6000000041048860818
6000000041048876844
6000000041048876848
6000000041048876868
6000000041048876874
6000000041048876896
6000000041048876921
6000000041048876925
6000000041048876932
6000000041048876962
6000000041048877018
6000000041048877062
6000000041048877078
6000000041048877082
6000000041048877137
6000000041048877250
6000000041048877331
6000000041048877347
6000000041048877480
6000000041048877628
6000000041048897826
6000000041049121124
6000000041049121129
6000000041049121136
6000000041049121140
6000000041049121147
6000000041049121153
6000000041049121160
6000000041049121166
6000000041049121186
6000000041049121192
6000000041049121199
6000000041049121205
6000000041049121225
6000000041049121255
6000000041049121262
6000000041049121268
6000000041049121286
6000000041049121297
6000000041049121323
6000000041049121377
6000000041049121390
6000000041049121396
6000000041049121427
6000000041049121432
6000000041049121591
6000000041049121609
6000000041049121678
6000000041049138042
6000000041049138206
6000000041053085198
6000000041053085203
6000000041053085212
6000000041053085238
6000000041053085245
6000000041053085297
6000000041053085303
6000000041095726747
6000000041095726776
6000000041095726782
6000000041095726789
6000000041095745826
6000000041095745833
6000000041095745837
6000000041095745875
6000000041097268716
6000000041097268742
6000000041097268782
6000000041109204107
6000000041109204189
6000000041109204229
6000000041109204277
6000000041113187329
6000000041117442544
6000000041131473923
6000000041131473943
6000000041131473988
6000000041131474077
6000000041147354980
6000000041147355076
6000000041152435354
6000000041152435371
6000000041152435393
6000000041152435400
6000000041152435428
6000000041152435476
6000000041152435496
6000000041152435535
6000000041152435617
6000000041152449857
6000000041152449953
6000000041152450173
6000000041158018284
6000000041158018380
6000000041372589194
6000000041413121492
6000000041502733029
6000000041502821839
6000000041641960158
6000000041643412880
6000000041666285748
6000000041666615385
6000000041666787247
6000000041812162286
6000000041812238424
6000000041812265198
6000000041812302359
6000000041812372074
6000000041812438080
6000000041860592925
6000000041885369490
6000000041885376511
6000000041885383641
6000000041885456695
6000000041885570418
6000000041885618893
6000000041885737905
6000000041885752657
6000000041885896324
6000000041886028917
6000000042195580777
6000000042214566738
6000000042214578663
6000000042214969161
6000000043081826770
6000000043086596343
6000000043086635374
6000000043086747241
6000000043086873854
6000000043087203314
6000000043087287392
6000000043087309870
6000000043138631833
6000000043180101264
6000000043180628962
6000000043182061765
6000000043182727464
6000000043182798931
6000000043182861889
6000000043182866883
6000000043182904883
6000000043182915319
6000000043182999096
6000000043183105989
6000000043183114963
6000000043183171921
6000000043205345503
6000000043205891947
6000000043207997449
6000000043208102531
6000000043208237362
6000000043208245248
6000000043208253064
6000000043208321223
6000000043208330229
6000000043208478883
6000000043254430002
6000000043439572767
6000000043439572770
6000000043439572773
6000000043463942118
6000000043465217713
6000000043465266413
6000000043465346787
6000000043465472429
6000000043466011093
6000000043496371680
6000000043500738416
6000000043500738489
6000000043502418596
6000000043503253857
6000000043504924022
6000000043504924025
6000000043504924028
6000000043504924031
6000000043725617955
6000000043725980940
6000000043727617049
6000000043753866533
6000000043754170505
6000000043754422913
6000000043754542826
6000000043754608178
6000000043754791153
6000000043755060852
6000000044312500849
6000000044462932183
6000000045173933641
6000000045235227887
6000000045235326154
6000000045235344212
6000000045235430883
6000000045332963877
6000000045334120876
6000000045336822868
6000000045337487242
6000000045337666873
6000000045338267850
6000000045341128938
6000000045341826877
6000000045341832064
6000000046201405712
6000000046202265534
6000000046204738703
6000000046205448562
6000000046205502607
6000000046206071233
6000000046206431940
6000000046206471909
6000000046253633342
6000000046254053936
6000000046431936893
6000000046432401825
6000000046566730294
6000000046567150904
6000000047516221134
6000000047516640106
6000000047517058942
6000000047939435281
6000000048125625135
6000000048582596420
6000000048583722940
6000000048929083885
6000000049467578822
6000000049606102848
6000000049658971283
6000000049659095160
6000000049965615154
6000000049965706897
6000000051331721924
6000000051337115903
6000000051337134932
6000000051450603476
6000000051450706299
6000000051451017121
6000000051451051896
6000000051451128835
6000000051451133865
6000000051451241841
6000000051625993193
6000000051626342053
6000000051864044841
6000000051864559829
6000000051864848978
6000000051864848984
6000000051864848990
6000000051864848996
6000000051864848999
6000000051864849003
6000000051864849006
6000000051864849009
6000000051865645889
6000000052007901821
6000000052549486864
6000000052559359925
6000000052577638831
6000000052955514354
6000000052955767181
6000000052955922190
6000000052956327987
6000000052956328919
6000000052956370946
6000000052956437824
6000000053139048208
6000000053141079865
6000000053142065011
6000000053142135996
6000000053142172937
6000000053142177918
6000000053142209884
6000000053142234899
6000000053142293836
6000000053142331852
6000000053151467832
6000000053243309127
6000000053243478013
6000000053243653877
6000000053243706898
6000000053243737917
6000000053243844850
6000000053265605861
6000000053368879319
6000000053369121023
6000000053369190885
6000000053369497922
6000000053369535060
6000000053369841872
6000000053370139986
6000000053370519821
6000000053371160952
6000000053398913861
6000000053398935835
6000000053398940896
6000000053399088122
6000000053399211045
6000000053399255962
6000000053399387858
6000000053399698877
6000000053399788178
6000000053399841875
6000000053399910905
6000000053412709953
6000000053412811844
6000000053587706913
6000000053589449988
6000000053589847998
6000000053589930896
6000000053589997877
6000000054076728132
6000000054077115897
6000000054077179922
6000000054077296868
6000000054077908827
6000000054078358938
6000000054078494851
6000000054079123002
6000000054079173208
6000000054079308930
6000000054079487875
6000000054079496916
6000000054092698836
6000000054097006949
6000000054097851889
6000000054097851904
6000000054098128125
6000000054098142921
6000000054098420835
6000000054098555822
6000000054098865023
6000000054099011999
6000000054099089985
6000000054100027834
6000000054704926281
6000000055177201105
6000000055177528053
6000000055178568882
6000000055215654842
6000000055215825848
6000000055270745251
6000000055270882187
6000000055270942869
6000000055271164901
6000000055271296941
6000000055424208948
6000000055424426849
6000000055432918821
6000000056200150925
6000000056236568910
6000000056236775825
6000000056243804458
6000000056244308859
6000000056245031928
6000000056245130844
6000000056280623307
6000000056335118145
6000000056335339873
6000000056335522821
6000000056335568870
6000000056365960823
6000000056366226960
6000000056366254892
6000000056366294863
6000000056366304898
6000000056366426843
6000000056366586856
6000000056366831844
6000000056367021821
6000000056368075922
6000000056369399989
6000000056387586870
6000000056437898353
6000000056439992445
6000000056443878022
6000000056443939855
6000000056444086950
6000000056444279931
6000000056445394844
6000000056446703829
6000000056771807876
6000000056782086035
6000000056782149113
6000000056816743123
6000000056817140837
6000000056817351821
6000000056954492840
6000000056977886965
6000000056977993905
6000000056977995969
6000000056978023889
6000000056987637056
6000000057069317856
6000000057069888002
6000000057134944860
6000000057373918007
6000000057373981045
6000000057374451851
6000000057375016844
6000000057378482566
6000000057379254012
6000000057844133908
6000000057844147826
6000000057844314929
6000000057844477979
6000000057844940828
6000000057845843294
6000000057845843336
6000000057845885287
6000000057846310002
6000000057846633882
6000000057853385287
6000000058054800147
6000000059199166032
6000000059199324879
6000000059395345872
6000000062867343835
6000000063637961154
6000000063638454045
6000000063638717947
6000000063638797950
6000000063638878871
6000000063638902996
6000000063639065847
6000000064247168947
6000000064247172892
6000000064247391821
6000000064247398842
6000000064249189982
6000000064250936834
6000000064251456847
6000000064251751857
6000000064252044833
6000000064252146833
6000000064252622825
6000000064252635858
6000000064253632835
6000000064637994864
6000000064638085888
6000000064638250861
6000000064638329835
6000000064638377900
6000000064638394927
6000000064638449261
6000000064638502146
6000000064638534077
6000000064638596890
6000000064638717960
6000000064638784057
6000000064638965857
6000000064942938047
6000000064943125936
6000000064943287835
6000000065180750903
6000000065629468035
6000000065637888908
6000000065639983195
6000000065640245212
6000000065640342165
6000000065640451990
6000000065640511901
6000000065640520074
6000000065640538968
6000000065640599907
6000000065640727842
6000000065641462905
6000000065643786167
6000000065644111913
6000000065644139967
6000000065644249990
6000000065644299837
6000000065644310867
6000000065644367861
6000000065644552821
6000000067507276345
6000000067508242939
6000000067508281838
6000000067508300847
6000000067508359840
6000000067818398852
6000000067841117133
6000000067841323952
6000000067842668345
6000000068446221866
6000000068446356864
6000000068456276927
6000000068483795196
6000000068484166897
6000000068484984940
6000000068485457941
6000000068485777876
6000000068522955171
6000000068522965039
6000000068653740487
6000000068654605968
6000000068654633968
6000000068655086821
6000000068655141867
6000000068658202937
6000000068658736821
6000000068815972869
6000000068920202843
6000000068920222899
6000000069246200000
6000000069246260877
6000000069259373279
6000000069498202040
6000000069498375959
6000000070170831216
6000000070170880880
6000000070714944534
6000000070968615913
6000000071721414672
6000000071721609430
6000000071721673619
6000000071722079116
6000000071722390394
6000000071722451614
6000000071722493402
6000000071722509725
6000000071722516264
6000000071722547333
6000000071722553688
6000000071722797273
6000000071722865384
6000000071722925273
6000000071722958188
6000000071722966173
6000000071723015130
6000000071723069115
6000000071723085834
6000000071723148897
6000000071723154886
6000000071723198922
6000000071733476378
6000000071733683210
6000000071742642939
6000000071742753844
6000000071742785868
6000000071953027986
6000000071953054626
6000000072061661979
6000000072061764899
6000000072061775954
6000000072062007973
6000000072062410025
6000000072064163720
6000000072066060954
6000000072982143762
6000000072983200821
6000000072983694289
6000000072983923127
6000000072983953159
6000000072984051093
6000000072984144015
6000000072984162098
6000000072984222096
6000000072984376906
6000000075866361544
6000000075866721069
6000000075867090824
6000000075903736024
6000000076555603845
6000000077128985989
6000000077197518051
6000000077473849685
6000000077474618961
6000000077557572267
6000000077557631350
6000000077558003911
6000000077665776456
6000000077665802605
6000000077665827478
6000000077665856215
6000000077666224361
6000000077666584503
6000000077667263055
6000000077667279152
6000000078035348539
6000000078464826979
6000000078704191235
6000000078704234280
6000000078764797704
6000000078766336879
6000000078766338876
6000000079288461219
6000000079288479425
6000000079288503679
6000000079288529386
6000000079288638663
6000000079288645604
6000000079288647278
6000000079288664415
6000000079288766157
6000000079288817468
6000000079288906436
6000000079288949233
6000000079288995466
6000000079289037406
6000000079289066600
6000000079289160952
6000000079289161028
6000000079289408160
6000000079289438822
6000000079289472301
6000000079289526221
6000000079289582052
6000000079289806931
6000000079289957875
6000000079290012825
6000000079863204903
6000000079874481417
6000000080250426025
6000000080250573939
6000000080250573944
6000000080250573948
6000000080250573957
6000000080250573960
6000000080251383031
6000000080251383034
6000000081251734554
6000000081251982521
6000000081252686824
6000000081785688993
6000000082474911361
6000000082474939368
6000000082474997416
6000000082475002294
6000000082475101477
6000000082475114245
6000000082475271266
6000000082475283139
6000000082475552083
6000000082475575954
6000000082475597985
6000000082475677955
6000000082475695905
6000000082475704854
6000000082570329375
6000000082571018208
6000000082571076327
6000000082571222979
6000000082571231080
6000000082571353098
6000000082571473204
6000000082571527933
6000000082571527953
6000000082571671035
6000000082571671088
6000000082571796935
6000000082571807965
6000000082571822963
6000000082571848024
6000000082571960855
6000000082571962937
6000000082656748424
6000000082657512205
6000000082657684069
6000000082657900939
6000000082658063878
6000000082658105887
6000000082987011422
6000000082999998801
6000000083000693008
6000000083000732054
6000000083000954924
6000000083001218829
6000000083001293852
6000000083001293857
6000000083001360825
6000000083001450843
6000000083001720834
6000000083001918038
6000000083001922042
6000000083001970021
6000000083001979457
6000000083002090036
6000000083002159849
6000000083002169011
6000000083002209111
6000000083002432831
6000000083002857083
6000000083172501061
6000000083172832031
6000000083173215827
6000000083183620374
6000000083183754221
6000000083184708829
6000000083199340264
6000000083199737843
6000000083199738933
6000000083203551622
6000000083204376849
6000000083204379873
6000000083204533364
6000000083204591222
6000000083204728089
6000000083257681558
6000000083257887300
6000000083257893637
6000000083257902377
6000000083258242982
6000000083258275011
6000000083258323935
6000000083258546824
6000000083258566829
6000000083310623748
6000000083311285959
6000000083311312336
6000000083312024844
6000000083364605342
6000000083367347123
6000000083546340179
6000000083546341207
6000000083546343011
6000000083546363316
6000000083546517238
6000000083546548069
6000000083546756029
6000000083546771277
6000000083546914198
6000000083546944214
6000000083546944219
6000000083546998897
6000000083547063870
6000000083547402978
6000000083567687023
6000000083568980356
6000000083569711274
6000000083570312644
6000000083570714676
6000000083571092161
6000000083571290010
6000000083571463802
6000000083571607435
6000000083572138029
6000000083572166936
6000000083572191835
6000000083572227875
6000000083572268840
6000000083572349316
6000000083572436114
6000000083572481934
6000000083572640821
6000000083572649004
6000000083572916961
6000000083573144821
6000000083861284940
6000000083884996115
6000000083885178935
6000000083885301331
6000000083885399308
6000000083885566147
6000000083885666843
6000000083885758076
6000000083885824045
6000000083885996008
6000000083886173906
6000000083886233887
6000000083921699805
6000000083922590570
6000000083922753524
6000000083923277367
6000000083923438157
6000000083923453193
6000000083923477268
6000000083923514102
6000000083923534254
6000000083923562209
6000000083923585114
6000000083923643999
6000000083923648064
6000000083923680053
6000000083923722154
6000000083923779035
6000000083923781998
6000000083923854922
6000000083923905042
6000000083923989833
6000000085087086745
6000000085087681270
6000000085087756336
6000000085087824307
6000000085087831403
6000000085087950197
6000000085088112152
6000000085088290015
6000000085088574923
6000000085088678106
6000000085088775876
6000000085088785905
6000000085088821826
6000000085089004919
6000000085089376821
6000000085119115866
6000000085119898111
6000000085120038884
6000000085120347855
6000000085120347860
6000000085120347868
6000000085120347873
6000000085120347877
6000000085120561076
6000000085120583038
6000000085120614156
6000000085120676862
6000000085686642009
6000000085686808952
6000000085687039908
6000000085687108886
6000000085687493821
6000000085805264840
6000000085805316829
6000000085805396822
6000000085805613902
6000000085805664892
6000000085941282132
6000000085941728977
6000000085942280822
6000000087082545933
6000000087082553980
6000000087082775924
6000000087082882865
6000000087082897906
6000000087082955877
6000000087083027834
6000000087083088822
6000000087540016110
6000000087540166090
6000000087540757862
6000000087540930019
6000000087541315833
6000000087552460520
6000000087554887935
6000000087557625082
6000000087558117950
6000000087558322923
6000000087558400068
6000000087558949005
6000000087558968914
6000000087559009923
6000000087563618214
6000000087563880965
6000000087564724852
6000000087564728965
6000000087570721012
6000000087572082995
6000000087572108961
6000000087572423847
6000000087572532867
6000000087572868826
6000000087573007825
6000000087573071822
6000000087573169827
6000000087576018934
6000000087576667874
6000000087583473877
6000000087603330847
6000000087605650284
6000000087606338886
6000000087606532883
6000000087606580834
6000000087606595838
6000000087607370187
6000000087607423353
6000000087608044062
6000000087608384006
6000000087608412026
6000000087608417958
6000000087608446915
6000000087608617942
6000000087608665860
6000000087608672957
6000000087608687824
6000000087608797852
6000000087608916823
6000000087608941954
6000000087609006835
6000000087609049821
6000000087658456353
6000000087659204532
6000000087659300973
6000000087659609146
6000000087660289085
6000000087660337939
6000000087660361922
6000000087660403919
6000000087660517903
6000000087660518893
6000000087660561984
6000000087660677981
6000000087660689999
6000000087660740833
6000000087660751102
6000000087660769881
6000000087660830918
6000000087660847839
6000000087660871828
6000000087660877837
6000000087660890908
6000000087660903821
6000000087660910159
6000000087660920823
6000000087660926083
6000000087660936973
6000000087660953049
6000000087661045878
6000000087661170977
6000000087661180868
6000000087661233065
6000000087661302948
6000000087661312890
6000000087661327865
6000000087661335881
6000000087661385946
6000000087661453963
6000000087661510869
6000000087661547827
6000000087661660833
6000000087661810843
6000000087661879886
6000000087661924833
6000000087661996910
6000000087662017850
6000000087662024877
6000000087662091844
6000000087662109914
6000000087662179837
6000000087662361966
6000000087662404832
6000000087662440860
6000000087662444821
6000000087662450902
6000000087662469903
6000000087662535016
6000000087662541981
6000000087662541991
6000000087662656948
6000000087662705938
6000000087662784893
6000000087662833898
6000000087662863824
6000000087662871831
6000000087663084870
6000000087663117853
6000000087663198824
6000000087663207868
6000000087663431860
6000000087663437866
6000000087663463892
6000000087663642872
6000000087663649865
6000000087663669823
6000000087663719821
6000000087663769839
6000000087676779891
6000000087676790172
6000000087676951181
6000000087677303050
6000000087677325901
6000000087677566821
6000000087677584083
6000000087677897888
6000000087678063948
6000000087678122898
6000000087678144851
6000000087678167844
6000000087678177821
6000000087678181840
6000000087678195821
6000000087678246871
6000000087678273978
6000000087678369926
6000000087678390934
6000000087678402865
6000000087678424835
6000000087678904954
6000000087678918993
6000000087678981852
6000000087679033822
6000000087679221860
6000000087679368835
6000000087679432823
6000000087679477822
6000000087691103012
6000000087692045497
6000000087692406344
6000000087692800375
6000000087692896184
6000000087693372145
6000000087693491151
6000000087693565101
6000000087693664925
6000000087693677059
6000000087693691892
6000000087693713892
6000000087693720873
6000000087693729851
6000000087693766836
6000000087693799865
6000000087693855913
6000000087693870823
6000000087693871847
6000000087693878875
6000000087693890136
6000000087693973863
6000000087693978154
6000000087693982846
6000000087694405021
6000000087694442232
6000000087694564936
6000000087694569992
6000000087694592996
6000000087694624024
6000000087694689926
6000000087695449028
6000000087696210861
6000000087903322033
6000000087903562084
6000000087904070921
6000000087904082906
6000000087904137876
6000000087904210860
6000000087904266846
6000000087904270848
6000000087904384952
6000000087904876854
6000000087988867540
6000000087988867544
6000000087988867548
6000000087988867552
6000000087988867556
6000000088017354305
6000000088017396079
6000000088017528107
6000000088017667995
6000000088018556849
6000000088018809856
6000000088018924839
6000000088018946834
6000000088705029910
6000000088838649352
6000000088870447638
6000000088871448381
6000000088871602277
6000000088871699285
6000000088871765405
6000000088871768204
6000000088872102048
6000000088872194003
6000000088872328917
6000000088872374902
6000000088872383880
6000000088872395867
6000000088872447913
6000000088872496003
6000000088872622839
6000000088872627897
6000000088872866822
6000000088963844304
6000000089089836923
6000000089089855922
6000000089090146840
6000000089114259183
6000000089296034125
6000000089298112928
6000000089302078024
6000000089455094896
6000000089455280879
6000000089939014031
6000000089939028053
6000000089939204033
6000000089939208179
6000000089939291125
6000000089939824061
6000000089939901038
6000000089940114948
6000000090411682109
6000000090412602871
6000000090412602874
6000000090412603405
6000000090412603418
6000000090412603424
6000000090412603430
6000000090412603436
6000000090412603442
6000000090412603446
6000000090412806822
6000000090412806828
6000000090412826822
6000000090412826828
6000000090412826834
6000000090412826840
6000000090412826849
6000000090487295492
6000000090488277226
6000000090753199811
6000000090753226954
6000000090753227160
6000000090753227164
6000000090753227172
6000000090753227176
6000000090753227183
6000000090753227197
6000000090753227209
6000000090753227215
6000000091404048624
6000000091404087289
6000000091404087298
6000000091404087302
6000000091404087310
6000000091404087318
6000000091404087326
6000000091404087349
6000000091404087352
6000000091404087360
6000000091404087368
6000000091404087374
6000000091404087380
6000000091404087386
6000000091404087392
6000000091404087396
6000000091404087399
6000000091404087735
6000000091404087744
6000000092279338104
6000000092279874988
6000000092298707035
6000000092299730863
6000000092299753933
6000000092300043856
6000000092300053863
6000000092300403831
6000000093612092821
6000000093668912695
6000000093678341906
6000000093863943391
6000000093864835997
6000000093864948961
6000000093865141942
6000000093865539865
6000000093865552847
6000000093865659856
6000000093865798827
6000000093866024975
6000000093866097944
6000000093866491914
6000000093866530853
6000000093866534898
6000000093866627870
6000000093866643842
6000000093866693845
6000000093868821172
6000000093868938941
6000000093869437977
6000000093869607134
6000000093870024041
6000000093870047881
6000000093870224880
6000000093870411822
6000000093870493896
6000000093870551841
6000000093870662834
6000000094331646040
6000000094331712845
6000000094332001951
6000000094332172920
6000000094332249864
6000000094332407872
6000000094332429866
6000000094332491845
6000000094332528858
6000000094332570843
6000000094332590838
6000000094332604846
6000000094332609844
6000000094332651822
6000000094332693821
6000000094332697821
6000000095781918019
6000000095783078832
6000000095783134847
6000000095783175821
6000000095783211833
6000000095783222821
6000000096113446539
6000000096113818223
6000000096114381210
6000000096115413909
6000000096115588838
6000000096422898845
6000000096422983935
6000000096423151832
6000000096423163833
6000000096423215828
6000000096423368853
6000000096423481821
6000000096423541825
6000000096424998822
6000000096535679222
6000000096536561917
6000000096537559849
6000000096537617830
6000000096598232821
6000000096598817821
6000000097048087286
6000000097050367060
6000000097050523085
6000000097051106186
6000000097051488905
6000000097051557863
6000000097052375969
6000000097052573827
6000000097052816929
6000000097052834873
6000000097052954861
6000000097053662133
6000000097054384079
6000000097054896936
6000000097054932060
6000000097055456921
6000000097055741861
6000000097055792822
6000000097056451826
6000000097059060806
6000000097062325839
6000000097062507834
6000000097114861951
6000000097115085919
6000000097125804825
6000000097125994875
6000000097141980857
6000000097143384959
6000000097144046843
6000000097155599836
6000000097155599872
6000000097155599884
6000000097155599890
6000000097155599896
6000000097155599917
6000000097155599923
6000000097155599929
6000000097155599935
6000000097155599941
6000000097155599947
6000000097155600025
6000000097155600062
6000000097155600068
6000000097155600076
6000000097155600084
6000000097155600090
6000000097155600096
6000000097155600110
6000000097155600118
6000000097155600126
6000000097155600164
6000000097155800847
6000000097155800851
6000000097155800857
6000000097155800863
6000000097155800867
6000000097155800899
6000000097155800903
6000000097155800908
6000000097175459854
6000000097175459871
6000000097175459883
6000000097175459890
6000000097175459903
6000000097175459909
6000000097175459930
6000000097175460012
6000000097175460024
6000000097175460069
6000000097175557843
6000000097175638828
6000000097295972821
6000000097311074387
6000000097311607467
6000000097313412179
6000000097317755191
6000000097317815212
6000000097317976278
6000000097318291042
6000000097318550277
6000000097318640034
6000000097319011046
6000000097319367007
6000000097319554963
6000000097319623983
6000000097319710854
6000000097319827887
6000000097320029917
6000000097320154831
6000000097518041083
6000000097518283951
6000000097518674854
6000000097519047821
6000000097519153821
6000000097521169155
6000000097543645203
6000000097543675175
6000000097543939129
6000000097544040044
6000000097544647937
6000000097544747976
6000000097544770041
6000000097544854047
6000000097544938010
6000000097545197907
6000000097545343877
6000000097573256059
6000000097573371996
6000000097573498127
6000000097573723895
6000000097574677822
6000000097574837858
6000000097575014837
6000000097584870822
6000000097596723828
6000000097596723840
6000000097596723864
6000000097597170184
6000000097598139053
6000000097598393925
6000000097598516870
6000000097598656821
6000000097616270058
6000000097616289064
6000000097617322088
6000000097617922856
6000000097747297955
6000000097747634966
6000000097847796850
6000000097847796863
6000000097847796875
6000000097847797764
6000000097847797788
6000000097847797793
6000000097847797800
6000000097847797804
6000000097847797808
6000000097847797812
6000000097847797816
6000000097847797820
6000000097847821824
6000000097849379822
6000000097849379842
6000000097849379848
6000000097849379857
6000000097849379863
6000000097849379873
6000000097849379881
6000000097849379888
6000000097896945828
6000000097898116826
6000000097898116839
6000000097898116845
6000000098057801877
6000000098058574877
6000000098133325562
6000000098135304967
6000000098135699020
6000000098136018001
6000000098136029854
6000000098136120835
6000000098144461222
6000000098144973016
6000000098145223119
6000000098145271938
6000000098145341222
6000000098145449083
6000000098145521965
6000000098145850063
6000000098146642833
6000000098147206935
6000000098148245171
6000000098149257028
6000000098149583986
6000000098150483885
6000000098150545821
6000000098150741821
6000000098198182115
6000000098200299947
6000000098200783916
6000000098200953862
6000000098201008921
6000000098201394833
6000000098206237821
6000000098218207046
6000000098218468850
6000000098219089822
6000000098219168865
6000000098219195893
6000000098219234855
6000000098219542868
6000000098223806845
6000000098226606019
6000000098228005834
6000000098228411865
6000000098228629854
6000000098367454030
6000000098367454043
6000000098367454052
6000000098367454167
6000000098367454179
6000000098367454195
6000000098367454202
6000000098367454209
6000000098367454219
6000000098367454232
6000000098367454242
6000000098367454320
6000000098367454361
6000000098367454375
6000000098367454391
6000000098367454401
6000000098367454414
6000000098367454429
6000000098367562849
6000000098372585954
6000000098372586275
6000000098372610017
6000000098372610025
6000000098372610031
6000000098372610039
6000000098372610055
6000000098372610063
6000000098372610082
6000000098372610091
6000000098372610110
6000000098372610120
6000000098372610127
6000000098372610136
6000000098372610143
6000000098374432039
6000000098374432122
6000000098374432129
6000000098374432138
6000000098374432145
6000000098374432160
6000000098374432167
6000000098374432176
6000000098374432195
6000000098374432205
6000000098374432213
6000000098374432221
6000000098374432231
6000000098377766832
6000000098378460910
6000000098378460931
6000000098378461313
6000000098378461324
6000000098378461330
6000000098378461337
6000000098378461349
6000000098378461360
6000000098378461370
6000000098378461379
6000000098385622908
6000000098385910907
6000000098386096884
6000000098386384854
6000000098386398821
6000000098390054890
6000000098390751823
6000000098391508845
6000000098391941913
6000000098392058893
6000000098392521902
6000000098392705845
6000000098392969852
6000000098393616835
6000000098393649867
6000000098394509827
6000000098394911843
6000000098394917838
6000000098395076823
6000000098395531898
6000000098395630832
6000000098396396822
6000000098396606837
6000000098398959821
6000000098405844839
6000000098406628865
6000000098407171868
6000000098407239833
6000000098407482823
6000000098407531821
6000000098407730835
6000000098407950821
6000000098408103821
6000000098408541856
6000000098408797825
6000000098409094822
6000000098409354858
6000000098409543862
6000000098412347821
6000000098412419823
6000000098891575969
6000000098891596986
6000000098892506906
6000000098892702823
6000000098892765872
6000000098892838840
6000000098892983837
6000000098893315862
6000000098893405832
6000000098893584849
6000000099273909916
6000000099274553849
6000000099274641871
6000000099274701903
6000000099274801870
6000000099274987911
6000000099275017830
6000000099275098853
6000000099275104825
6000000099275117822
6000000099276248848
6000000099276680821
6000000099279272954
6000000099279395906
6000000099279570878
6000000099279820843
6000000099279834839
6000000099279925823
6000000099300263932
6000000099300937858
6000000099301256857
6000000099301637835
6000000099301694855
6000000099302828850
6000000099302856844
6000000099303047821
6000000099303342824
6000000099303709821
6000000099303861859
6000000099304072891
6000000099304531850
6000000099304611924
6000000099304821836
6000000099305677897
6000000099306239866
6000000099306880821
6000000099306957857
6000000099307002833
6000000099317005821
6000000099317351821
6000000099317645825
6000000099318762867
6000000099318802883
6000000099319063821
6000000099319150897
6000000099319494829
6000000099319520864
6000000099320113822
6000000099320195831
6000000099320524821
6000000099321735866
6000000099322192840
6000000099322286838
6000000099322462821
6000000099323313821
6000000099324122850
6000000099324499821
6000000099917233837
6000000100100262048
6000000100171290190
6000000100172515897
6000000100172627884
6000000100747729848
6000000102101639886
6000000102369408068
6000000102369408381
6000000102369408401
6000000102369408411
6000000102369408421
6000000102369408431
6000000102369408441
6000000102369408449
6000000102369408459
6000000102369408467
6000000102369408475
6000000102369408483
6000000102369539237
6000000102369539255
6000000102369539265
6000000102369539278
6000000102369539286
6000000102369539296
6000000102369539304
6000000102369539312
6000000102369539322
6000000102369539332
6000000102369539342
6000000102369539350
6000000102376291830
6000000102376291838
6000000102376291846
6000000102376291853
6000000102376291861
6000000102376291938
6000000102376291944
6000000102376291952
6000000102376291960
6000000102376291968
6000000102376292204
6000000102376292218
6000000102376292224
6000000102376292234
6000000102701927843
6000000102701927925
6000000102701927976
6000000102701927983
6000000102701927989
6000000102701928021
6000000102701928032
6000000102701928039
6000000102701928049
6000000102701928062
6000000102702002686
6000000102702002692
6000000102702002700
6000000102702002717
6000000102702002725
6000000102702002735
6000000102702002744
6000000102702002755
6000000102702002778
6000000102702002784
6000000102702002793
6000000102702002801
6000000102702002809
6000000102702002815
6000000102702002819
6000000102702052825
6000000102702052830
6000000102702052844
6000000102702717822
6000000102702717836
6000000102702717842
6000000102702717846
6000000102702717850
6000000102702717855
6000000102702717861
6000000102705013930
6000000102706151882
6000000102706829872
6000000102710005904
6000000102710325900
6000000102710428840
6000000102761553000
6000000103206187838
6000000103659210859
6000000104836942825
6000000105528724055
6000000105529211107
6000000105529527843
6000000105529727821
6000000105530223001
6000000105530391043
6000000105531073862
6000000105531088855
6000000105531156831
6000000105882405582
6000000105883300348
6000000105883596143
6000000105884334976
6000000105884412995
6000000105888957050
6000000105990726962
6000000105991670828
6000000105991670840
6000000105991670848
6000000105991670854
6000000105991670860
6000000105991670878
6000000105991670890
6000000105992419828
6000000106190946882
6000000106190954898
6000000106191278881
6000000106191555831
6000000107648771840
6000000107649604843
6000000107654435830
6000000108714013573
6000000108714078826
6000000108714078834
6000000111122735997
6000000111122774984
6000000111122943943
6000000111123037963
6000000111123160838
6000000111123188825
6000000111124062947
6000000111124123934
6000000111124304860
6000000111124350990
6000000111124370919
6000000111124547887
6000000111124560867
6000000111124636849
6000000112350693151
6000000112350693285
6000000112350693461
6000000112350693473
6000000112350693503
6000000112350693518
6000000112350693530
6000000112350693534
6000000112350693565
6000000112350693601
6000000112350693615
6000000112350764823
6000000113078509464
6000000113080561878
6000000113081524857
6000000113083327833
6000000113088989849
6000000113312156185
6000000113312729866
6000000113314582893
6000000113316453851
6000000113316767821
6000000113387740826
6000000113409499834
6000000113412385821
6000000113703032828
6000000114088456304
6000000114088846704
6000000114473089886
6000000114473699967
6000000116614051080
6000000116614051094
6000000116614051099
6000000116614051104
6000000116614051109
6000000116614161952
6000000120602837070
6000000120603173885
6000000122366310300
6000000122366310359
6000000122366310430
6000000122366310479
6000000122367147501
6000000122367147541
6000000122367147586
6000000122367147596
6000000122367147606
6000000122367147615
6000000122367147622
6000000122367147653
6000000122367147660
6000000122367147667
6000000122367147676
6000000122367147685
6000000122367147691
6000000122367147716
6000000122367147723
6000000122367147739
6000000122367147757
6000000122367147767
6000000122367147777
6000000122367408959
6000000122367408966
6000000122367408973
6000000122367408980
6000000122367408987
6000000122367408996
6000000122367409003
6000000122367409010
6000000122367409017
6000000122367409024
6000000122367409031
6000000122367409038
6000000122379054831
6000000122379054841
6000000122379054868
6000000122379054895
6000000122379054902
6000000122379054909
6000000122379054918
6000000122379054925
6000000124191333187
6000000124191333295
6000000124191333342
6000000124192207265
6000000124192207297
6000000132399018089
6000000132399018173
6000000132399018519
6000000132399018531
6000000132399018543
6000000132399018550
6000000132399018574
6000000132526626937
6000000132531487821
6000000133323219633
6000000133323577985
6000000133323578115
6000000133323578128
6000000133323578138
6000000133326604828
6000000133557672830
6000000133561364844
6000000133562225824
6000000135797857821
6000000135800328016
6000000135800517913
6000000135800673977
6000000135800841927
6000000138938084840
6000000138938483890
6000000138938890902
6000000138939661885
6000000138939678848
6000000139601601934
6000000139601780890
6000000139601859880
6000000139601912846
6000000139602743886
6000000139613835864
6000000140130831194
6000000140132749952
6000000140132793885
6000000140133281829
6000000140695793095
6000000140696443050
6000000140696645053
6000000140697639838
6000000141038946060
6000000141039106065
6000000141039350981
6000000141039659942
6000000141040008821
6000000141076813974
6000000141077579839
6000000141128602829
6000000141241095821
6000000141243392824
6000000141262401821
6000000141265589254
6000000141279501824
6000000141279591825
6000000141279898830
6000000141279935821
6000000141280023821
6000000141280276821
6000000141280364826
6000000141280597821
6000000141280943821
6000000141281004837
6000000141281020821
6000000141354925122
6000000141355173238
6000000141355843005
6000000141355886943
6000000141356023829
6000000141356278881
6000000141356378852
6000000141361113122
6000000141585095893
6000000141585553848
6000000141585967821
6000000141589374902
6000000141589705918
6000000141590513879
6000000141590662904
6000000141591144827
6000000141592742836
6000000141594150845
6000000141596642954
6000000141598004853
6000000141946780822
6000000141951476041
6000000141951503991
6000000141951804966
6000000141951870935
6000000141980814160
6000000141981743137
6000000141981818048
6000000141982311952
6000000141982669931
6000000141983385851
6000000141983449822
6000000142034799029
6000000142035749857
6000000142036843997
6000000142036887926
6000000142037085843
6000000142091000326
6000000142094236823
6000000142094899828
6000000143214338100
6000000143216457871
6000000143216527882
6000000143216869909
6000000143217016965
6000000143217018848
6000000143217162862
6000000143217207941
6000000143217269899
6000000143217399187
6000000143217413017
6000000143217447013
6000000143217741837
6000000143217770004
6000000143217777893
6000000143217829146
6000000143218107368
6000000143218340823
6000000143218354064
6000000143218423241
6000000143218434838
6000000143218707999
6000000143218815209
6000000143218827952
6000000143218972885
6000000143219768917
6000000143219891913
6000000143220006223
6000000143220107863
6000000143220162822
6000000143220166835
6000000143221222033
6000000143221559887
6000000143221888855
6000000143221920873
6000000143221933841
6000000143221987840
6000000143222121823
6000000150763098830
6000000155185689833
6000000159514039821
6000000159515129821
6000000167353779370
6000000167354889389
6000000167404759953
6000000167404759975
6000000167414614901
6000000167414614984
6000000167414614998
6000000167414615012
6000000167414615021
6000000167414615035
6000000167414615049
6000000167414615077
6000000167414615148
6000000167414615154
6000000167414615161
6000000167414615170
6000000167414615191
6000000167414615243
6000000167414615335
6000000167414615368
6000000167414615376
6000000167830214826
6000000167831125826
6000000171806472459
6000000172507751898
6000000172507751921
6000000172507752061
6000000172532503927
6000000173334580210
6000000173334795327
6000000173334829980
6000000173334918857
6000000173335283000
6000000173335400924
6000000173724522174
6000000173724906045
6000000173724943084
6000000173725069421
6000000173725336165
6000000173725571277
6000000173725740121
6000000173725940985
6000000173726150083
6000000173726520895
6000000174140656892
6000000174377646103
6000000174378476927
6000000174378779127
6000000174379156150
6000000174596361183
6000000174596699145
6000000174597013171
6000000174597348894
6000000174666165224
6000000174666273304
6000000174666859312
6000000174666918965
6000000174667115182
6000000174667385065
6000000174667427867
6000000174667466878
6000000174795688564
6000000174796623431
6000000175835835822
6000000176798035850
6000000176798644821
6000000177336708858
6000000177336804850
6000000178375750206
6000000179139380821
6000000179699884950
6000000179699884957
6000000179701232826
6000000179701282883
6000000179701301880
6000000179701787860
6000000179857423871
6000000179858184872
6000000179858567840
6000000180100071863
6000000180100478847
6000000180179323823
6000000180180127822
6000000180265632862
6000000180713014825
6000000180973715832
6000000180973861854
6000000180974052855
6000000180974779821
6000000180974844824
6000000182911613534
6000000182911657860
6000000182911657867
6000000182911657875
6000000182911657883
6000000182911657899
6000000182911657907
6000000182911657921
6000000182911658009
6000000183214702909
6000000183214702915
6000000183214703015
6000000183214745822
6000000183214745840
6000000183214745858
6000000183214761822
6000000185027538843
6000000185447913277
6000000185447913711
6000000185447921167
6000000185447921260
6000000185447921278
6000000185447921382
6000000185447921396
6000000185447921436
6000000185447921497
6000000185447921537
6000000185447973790
6000000185447973799
6000000185447983853
6000000185447983871
6000000185447983880
6000000185447983901
6000000185942519118
6000000185943412979
6000000185945918891
6000000185946001896
6000000185946041925
6000000185947256881
6000000185947419842
6000000185947804838
6000000186037166066
6000000186038036923
6000000186038036958
6000000186038330873
6000000186056464381
6000000186056464396
6000000186056464407
6000000186056464420
6000000186056464433
6000000186056464447
6000000186056464472
6000000186056464485
6000000186056464496
6000000186057077465
6000000186057077535
6000000186057077550
6000000186057077588
6000000186057077611
6000000186057077628
6000000186057077645
6000000186057077658
6000000186057077671
6000000186057077703
6000000186057077787
6000000186057079965
6000000186057079980
6000000186312990463
6000000186312990533
6000000186312990674
6000000186312990684
6000000186312990694
6000000186312990706
6000000186312990716
6000000186312990796
6000000186312990801
6000000186312990805
6000000186312990809
6000000186312990813
6000000186312990817
6000000186313304823
6000000186313304829
6000000186313304835
6000000186313304841
6000000186313304847
6000000186313304853
6000000186313304859
6000000186313304864
6000000186313304870
6000000188440670857
6000000188441013821
6000000189064040862
6000000189082290864
6000000189082944850
6000000189083088921
6000000189083456855
6000000189083601833
6000000189083859839
6000000189083885827
6000000189460067985
6000000189460067990
6000000189462783825
6000000189462783829
6000000190566580849
6000000190566718869
6000000190566740828
6000000190566845826
6000000190705288862
6000000191006360148
6000000191006360626
6000000191006360634
6000000191006360642
6000000191006360666
6000000191006360674
6000000191006360699
6000000191006360709
6000000191006366867
6000000191041976822
6000000191069372821
6000000191329052834
6000000191645469879
6000000191645469883
6000000191645469887
6000000191645469891
6000000191645469895
6000000191645469899
6000000191645469903
6000000191645469907
6000000191645469911
6000000191645469919
6000000191916341863
6000000191916341867
6000000192826734821
6000000192826734825
6000000194249887837
6000000194712065060
6000000194712065080
6000000194712065191
6000000194712065196
6000000194712065260
6000000194712065293
6000000194712065301
6000000194712065311
6000000194712065363
6000000194712163582
6000000194712163597
6000000194712163609
6000000194712163626
6000000194712163635
6000000194712163646
6000000194712244195
6000000194712244201
6000000194712244204
6000000194712244207
6000000194712383136
6000000194712647113
6000000194712647140
6000000194712647166
6000000194712647183
6000000194712673131
6000000194712673142
6000000194712784013
6000000194712784031
6000000194712784127
6000000194712784283
6000000194712784326
6000000194712784338
6000000194712784356
6000000194712784371
6000000194712784382
6000000194712784410
6000000194712784419
6000000194712784431
6000000194712784482
6000000194712806209
6000000194712806218
6000000194712806233
6000000194712824969
6000000194712824987
6000000194712825004
6000000194712825018
6000000194712825035
6000000194712825058
6000000194712825069
6000000194712825100
6000000194712825115
6000000194712825138
6000000194712825153
6000000194712825260
6000000194712825268
6000000194712825280
6000000194712825291
6000000194712825303
6000000194712825314
6000000194712825326
6000000194712825339
6000000194712825351
6000000194712825495
6000000194712825505
6000000194712825538
6000000194713036960
6000000194713037154
6000000194713037597
6000000194713037643
6000000194713037684
6000000194713037727
6000000194713088834
6000000194713088850
6000000194713088871
6000000194713088914
6000000194713089073
6000000194713089159
6000000194713089187
6000000194713089295
6000000194713089314
6000000194713089326
6000000194713089338
6000000194713140822
6000000194713140875
6000000194713140886
6000000194713140903
6000000194713269964
6000000194713365999
6000000194713366009
6000000194713366021
6000000194713366028
6000000194713366069
6000000194713366087
6000000194713366094
6000000194713366115
6000000194713366127
6000000194713366134
6000000194713366146
6000000194713366149
6000000194713366152
6000000194713366155
6000000194713366158
6000000194713366161
6000000194713366164
6000000194713366167
6000000194941342795
6000000194943801941
6000000194943801954
6000000194943801967
6000000194943801980
6000000194944094932
6000000194944095140
6000000195144087431
6000000195144087588
6000000195144087593
6000000195144087599
6000000195144087608
6000000195144087615
6000000195144087631
6000000195144087638
6000000195147318538
6000000195147318567
6000000195147318575
6000000195147318604
6000000195147323950
6000000195147324139
6000000195147324151
6000000195148520745
6000000195148520753
6000000195148520790
6000000195149167848
6000000195244875437
6000000195244875465
6000000195244885164
6000000195244885453
6000000195244885813
6000000195565677885
6000000195565787967
6000000195565788074
6000000195565788088
6000000195565788096
6000000195565788103
6000000195565788111
6000000195565788118
6000000195565788126
6000000195565788134
6000000195565788142
6000000195565788154
6000000196536468851
6000000196536468855
6000000196536468859
6000000196536468863
6000000196536468867
6000000196563498936
6000000196564358824
6000000196564429821
6000000196564437821
6000000196564443821
6000000196564465821
6000000196737573838
6000000196737573842
6000000196737573846
6000000196737573850
6000000196737573854
6000000196737573858
6000000196737573862
6000000197239413884
6000000197240706870
6000000197324499848
6000000197324667823
6000000198033245377
6000000198033253601
6000000198782379822
6000000198782802827
6000000198783224830
6000000202022371057
6000000202022371067
6000000202022371085
6000000202022371120
6000000202022371128
6000000202022371145
6000000202022371159
6000000203167159959
6000000203167820833
6000000203168112834
6000000203168356919
6000000203168698859
6000000203168737828
6000000203168869858
6000000203168935857
6000000203169127821
6000000203169147822
6000000203184833857
6000000203185117835
6000000203185145821
6000000203185207823
6000000203185259821
6000000203573423984
6000000203573424567
6000000203573424616
6000000203573424630
6000000203573424661
6000000203573424699
6000000203573424810
6000000203573427853
6000000203573428154
6000000203573428179
6000000203573428230
6000000203573428776
6000000203573428783
6000000203573428792
6000000203573428801
6000000203573430824
6000000203573430833
6000000203573430847
6000000203573431205
6000000203573431224
6000000203573431563
6000000203573439917
6000000203573440102
6000000203573440132
6000000203573440140
6000000203573440147
6000000203573440154
6000000203573440161
6000000203573440174
6000000203573440239
6000000203573440246
6000000203573440253
6000000203573440264
6000000203573440269
6000000203573440276
6000000203573440478
6000000203573440510
6000000203573706896
6000000203573706925
6000000203573706942
6000000203573706956
6000000203573706976
6000000203573706990
6000000203573707001
6000000203573707012
6000000203573707032
6000000203573707046
6000000203573707052
6000000203573707055
6000000203573707058
6000000203573707061
6000000203573707067
6000000203574256445
6000000203574256480
6000000203574256494
6000000203574256507
6000000203574256518
6000000203574256529
6000000203574256540
6000000203574256551
6000000203574256655
6000000203574256670
6000000203574256680
6000000203574256709
6000000203574256716
6000000203574256728
6000000203574256782
6000000203574308897
6000000203574308919
6000000203574308932
6000000203574308945
6000000203574308974
6000000203574308987
6000000203574308994
6000000203574309002
6000000203574309070
6000000203711327892
6000000203711720883
6000000203711884828
6000000203747959830
6000000204008599835
6000000204720336170
6000000204720544902
6000000204720544917
6000000204720544931
6000000204720544942
6000000204720544959
6000000204720544983
6000000204720544999
6000000204720545017
6000000204873392879
6000000204873400908
6000000204873559859
6000000204873754842
6000000204873833829
6000000204873865830
6000000204873868826
6000000204873871847
6000000204873887824
6000000204873901831
6000000205426962933
6000000205426963203
6000000205426963219
6000000205426963602
6000000205426963616
6000000205426963626
6000000205426963636
6000000205426963646
6000000206540910849
6000000206556568877
6000000206556839837
6000000206556926831
6000000207498697764
6000000207500509895
6000000207500509903
6000000207500509915
6000000207500509922
6000000207500509935
6000000207500509949
6000000207500509960
6000000207500509973
6000000208654422973
6000000208654422989
6000000208654423003
6000000208654423012
6000000208654423033
6000000208654423043
6000000208654423054
6000000208654423065
6000000208654423076
6000000208654423087
6000000208654423098
6000000208654423109
6000000208654423122
6000000208654423143
6000000208654423165
6000000208654423176
6000000208654423210
6000000208654423223
6000000208654423235
6000000208654423247
6000000208654423260
6000000208654423271
6000000208654423284
6000000208654423307
6000000208654423337
6000000208654423348
6000000208654423361
6000000208654423375
6000000208654423389
6000000208654423403
6000000208654423416
6000000208654423427
6000000208654423437
6000000208654423456
6000000208654423463
6000000208654423478
6000000208654423488
6000000208654423504
6000000208654423512
6000000208654423520
6000000208654423527
6000000208654423534
6000000208654423541
6000000208654423548
6000000208654423556
6000000208654423563
6000000208654423570
6000000208654423577
6000000208654423584
6000000208654423591
6000000208654423611
6000000208654423623
6000000208654423630
6000000208654423638
6000000208654423646
6000000208654423657
6000000208654423668
6000000208654423679
6000000208654423684
6000000208654523725
6000000208654523740
6000000208654523752
6000000208654523773
6000000208654523785
6000000208654523810
6000000208655162823
6000000208655162838
6000000208655162850
6000000208655162862
6000000208655162880
6000000208655162908
6000000208655162916
6000000208655162924
6000000208655162931
6000000208655162942
6000000208655162950
6000000208655162963
6000000208655162978
6000000208655162993
6000000208983922821
6000000213262077822
6000000213295180823
6000000213295912847
6000000213297068821
6000000213297739824
6000000213376208822
6000000213376653876
6000000213456922821
6000000214698746821
6000000214736165829
6000000214738000827
6000000214738000831
6000000214738000835
6000000214738000839
6000000214738788828
6000000214738977825
6000000214738992822
6000000216112624718
6000000216112661056
6000000216112661294
6000000216112661740
6000000216112661748
6000000216112661754
6000000216112661762
6000000216112661776
6000000216112661786
6000000216112661796
6000000216112661806
6000000221043281767
6000000221043281778
6000000221043281789
6000000221044118250
6000000221044118264
6000000221044118292
6000000221044118300
6000000221044118316
6000000221044118324
6000000221044118331
6000000221044118338
6000000221044118345
6000000221044118352
6000000221044118360
6000000221044578418
6000000221044578573
6000000221044578603
6000000221044578617
6000000221044578630
6000000221044578648
6000000221044578668
6000000221044578685
6000000221044578700
6000000221044578725
6000000221044578939
6000000221044578965
6000000221044578979
6000000221044578997
6000000221044579010
6000000221155393013
6000000221155882252
6000000221155882269
6000000221155882299
6000000221190286912
6000000221190495905
6000000221198085127
6000000221198276920
6000000221198333892
6000000221198366895
6000000221198372936
6000000221198372956
6000000221198378877
6000000221198410922
6000000221198411879
6000000221198440894
6000000221198448901
6000000221198448930
6000000221198457868
6000000221198463857
6000000221198463875
6000000221198464880
6000000221198467867
6000000221198489838
6000000221198510883
6000000221198517830
6000000221198540828
6000000221198555834
6000000221198557842
6000000221198564833
6000000221198564839
6000000221198566826
6000000221198586861
6000000221198587825
6000000221198607823
6000000221198611822
6000000221198611845
6000000221198626823
6000000221198628821
6000000221533609805
6000000221534257865
6000000221534257893
6000000224543041991
6000000224543202942
6000000224543245904
6000000224543513825
6000000224543514846
6000000227725484834
