6000000009765018005
6000000009765034068
6000000009765103145
6000000009765130865
6000000009765270127
6000000009765320880
6000000009765406931
6000000009765456675
6000000009765484841
6000000009765532063
6000000009765625581
6000000009765638872
6000000009765725111
6000000009765734452
6000000009765763471
6000000009765767448
6000000009765988415
6000000009766020364
6000000009766107214
6000000009766107245
6000000009858466603
6000000009858555062
6000000009906028784
6000000009906704511
6000000011065885806
6000000011066382913
6000000011066494008
6000000011066494175
6000000011066497115
6000000011066501028
6000000011066501996
6000000011066504021
6000000011066614431
6000000011066639401
6000000011066693321
6000000011066739610
6000000011066740610
6000000011066761229
6000000011066912525
6000000011066968658
6000000011067032375
6000000011067087524
6000000011067094460
6000000011067102734
6000000011067125452
6000000011067134683
6000000011067146808
6000000011067146819
6000000011067156296
6000000011067156569
6000000011249640031
6000000011249892406
6000000011250077200
6000000011250290058
6000000011250302801
6000000011250415526
6000000011250671850
6000000011250856516
6000000011250971251
6000000011251031259
6000000011251222990
6000000011251394663
6000000011251396856
6000000011251486406
6000000011251618405
6000000011251638587
6000000011251658250
6000000011495785077
6000000011495915939
6000000011495920734
6000000011496051967
6000000011496053464
6000000011496070674
6000000011496097689
6000000011496097865
6000000011496138558
6000000011496145515
6000000011496165795
6000000011496185572
6000000011496207302
6000000011496237497
6000000011496243310
6000000011496244470
6000000011496244623
6000000011496298292
6000000011496355231
6000000011526245514
6000000011624866496
6000000011707309990
6000000011707363894
6000000011707840422
6000000011707841687
6000000012109341033
6000000012399653082
6000000012400041989
6000000012400358182
6000000012826650861
6000000012826956887
6000000012826971369
6000000012826990343
6000000012827118535
6000000012827188201
6000000012967226176
6000000012967243028
6000000012967245121
6000000012967245138
6000000012967245778
6000000012967251172
6000000012967253131
6000000012967255967
6000000012967260028
6000000012967273121
6000000012967275156
6000000012967276191
6000000012967278186
6000000012967280756
6000000012967284489
6000000012967288091
6000000012967297010
6000000012967299123
6000000012967299660
6000000012967300599
6000000012967304091
6000000012967305625
6000000012967326556
6000000012967332540
6000000012967334777
6000000012967336646
6000000012967336680
6000000012967350093
6000000012967351909
6000000012967352005
6000000012967352765
6000000012967356967
6000000012967356972
6000000012967359906
6000000012967371138
6000000012967382732
6000000012967383673
6000000012967390663
6000000012967395630
6000000012967402827
6000000012967402833
6000000012967408609
6000000012967408690
6000000012967408736
6000000012967410661
6000000012967576987
6000000012967580754
6000000012967604168
6000000012967608603
6000000012967608937
6000000012967609176
6000000012967664960
6000000012967665804
6000000012967666085
6000000012967668576
6000000012967669139
6000000012967671413
6000000012967671460
6000000012967673715
6000000012967674091
6000000012967674127
6000000012967675853
6000000012967675871
6000000012967677450
6000000012967677817
6000000012967684426
6000000012967686435
6000000012967686811
6000000012967687548
6000000012967687688
6000000012967690163
6000000012967691717
6000000012967695428
6000000012967697951
6000000012967698299
6000000012967698304
6000000012967698645
6000000012967700665
6000000012967705264
6000000012967707688
6000000012967714391
6000000012967714477
6000000012967714669
6000000012967716582
6000000012967717254
6000000012967719467
6000000012967722241
6000000012967724460
6000000012967728224
6000000012967736423
6000000012967739446
6000000012967751261
6000000012967751325
6000000012967752304
6000000012967755340
6000000012967771224
6000000012967773306
6000000012967773464
6000000012967800239
6000000012967801205
6000000012967814226
6000000012973339197
6000000012973765818
6000000012973828865
6000000012973833056
6000000012973841590
6000000012973846063
6000000012973847199
6000000012973862100
6000000012973888828
6000000012973899975
6000000012973919083
6000000012973923711
6000000012973934493
6000000012973955024
6000000012973958065
6000000012973958896
6000000012973971409
6000000012973977037
6000000012973985816
6000000012973988060
6000000012973991100
6000000012974013391
6000000012974025042
6000000012974027091
6000000012974028653
6000000012974029027
6000000012974037778
6000000012974047739
6000000012974070182
6000000012974071042
6000000012974073784
6000000012974075911
6000000012974120615
6000000012974122312
6000000012974132173
6000000012974148354
6000000012974151818
6000000012974181955
6000000012974190504
6000000012974199738
6000000012974199933
6000000012974205614
6000000012974217291
6000000012974223415
6000000012974223904
6000000012974223918
6000000012974231253
6000000012974243474
6000000012974260218
6000000012974260347
6000000012974261698
6000000012974307080
6000000012974307261
6000000012974307795
6000000012974310348
6000000012974314837
6000000012974315867
6000000012974321190
6000000012974325705
6000000012974357984
6000000012974358651
6000000012974370618
6000000012974394197
6000000012974411928
6000000012974412107
6000000012974414882
6000000012974424846
6000000012974425090
6000000012974431863
6000000012974432331
6000000012974433780
6000000012974447712
6000000012974461535
6000000012974461572
6000000012974512730
6000000012974514609
6000000012974526565
6000000012974527313
6000000012974529507
6000000012974540584
6000000012974542505
6000000012974559626
6000000012974569854
6000000012974583184
6000000012974588244
6000000012974597425
6000000012974598089
6000000012974598224
6000000012974599894
6000000012974600121
6000000012974604049
6000000012974606240
6000000012974606401
6000000012974608509
6000000012974613675
6000000012974614081
6000000012974618151
6000000012974618371
6000000012974619366
6000000012974620254
6000000012974621324
6000000012974628690
6000000012974628711
6000000012974633024
6000000012974638152
6000000012974638782
6000000012974649710
6000000012974662980
6000000012974666369
6000000012974672305
6000000012974672564
6000000012974684560
6000000012974688620
6000000012974706389
6000000012974709540
6000000012974716599
6000000012974718817
6000000012974736520
6000000012974743068
6000000012974752426
6000000012974752629
6000000012974757428
6000000012974761266
6000000012974770586
6000000012974774163
6000000012974805314
6000000012974828654
6000000012974832381
6000000012974843376
6000000012974864333
6000000012974872223
6000000012974890065
6000000012974954070
6000000012974955108
6000000012974962131
6000000012975036919
6000000012975039782
6000000012975039962
6000000012975048806
6000000012975077018
6000000012975085062
6000000012975092156
6000000012975093727
6000000012975102502
6000000012975109161
6000000012975114164
6000000012975120493
6000000012975120849
6000000012975125597
6000000012975126159
6000000012975126390
6000000012975133533
6000000012975136338
6000000012975140683
6000000012975147981
6000000012975155308
6000000012975167527
6000000012975170933
6000000012975182276
6000000012975206626
6000000012975211183
6000000012975211332
6000000012975232887
6000000012975235122
6000000012975235603
6000000012975235607
6000000012975235611
6000000012975235615
6000000012975235619
6000000012975237184
6000000012975237475
6000000012975238114
6000000012975241399
6000000012975241861
6000000012975250321
6000000012975252773
6000000012975256702
6000000012975260676
6000000012975292107
6000000012975295352
6000000012975296353
6000000012975302975
6000000012975305302
6000000012975306101
6000000012975312142
6000000012975319247
6000000012975322331
6000000012975324152
6000000012975327972
6000000012975361937
6000000012975362089
6000000012975369273
6000000012975370078
6000000012975373988
6000000012975376440
6000000012975382826
6000000012975387906
6000000012975393694
6000000012975394511
6000000012975401558
6000000012975410246
6000000012975410999
6000000012975429934
6000000012975432804
6000000012975439514
6000000012975451835
6000000012975455875
6000000012975457807
6000000012975459745
6000000012975460859
6000000012975462921
6000000012975472369
6000000012975473947
6000000012975476413
6000000012975478160
6000000012975501756
6000000012975505759
6000000012975521343
6000000012975560887
6000000012975573683
6000000012975576437
6000000012975595688
6000000012975596286
6000000012975603850
6000000012975613563
6000000012975626963
6000000012975636356
6000000012975636372
6000000012975643011
6000000012975650789
6000000012975661349
6000000012975663225
6000000012975698523
6000000012975698629
6000000012975703080
6000000012975713750
6000000012975714060
6000000012975721747
6000000012975725340
6000000012975734611
6000000012975748851
6000000012975759410
6000000012975762552
6000000012975780070
6000000012975781665
6000000012975791611
6000000012975793248
6000000012975819075
6000000012975820373
6000000012975824969
6000000012975825536
6000000012975830449
6000000012975838298
6000000012975839729
6000000012975852286
6000000012975854599
6000000012975854886
6000000012975855420
6000000012975855427
6000000012975855431
6000000012975871797
6000000012975874692
6000000012975899415
6000000012975901900
6000000012975902410
6000000012975905788
6000000012975906430
6000000012975913315
6000000012975927533
6000000012975929524
6000000012975936274
6000000012975936702
6000000012975940458
6000000012975940630
6000000012975947798
6000000012975953735
6000000012975958228
6000000012975963286
6000000012975964295
6000000012975968937
6000000012975972201
6000000012975977549
6000000012975984236
6000000012976005293
6000000012976010384
6000000012976043775
6000000012976045269
6000000012976046493
6000000012976050697
6000000012976051295
6000000012976053236
6000000012976057370
6000000012976058225
6000000012976089420
6000000012976102782
6000000012976108226
6000000012976187965
6000000012976217173
6000000012976238887
6000000012976245470
6000000012976275506
6000000012976294844
6000000012976294898
6000000012976316478
6000000012976335811
6000000012976335898
6000000012976349640
6000000012976349794
6000000012976350986
6000000012976361611
6000000012976366314
6000000012976367483
6000000012976382715
6000000012976415483
6000000012976432223
6000000012976547001
6000000012976547005
6000000012976572047
6000000012976661532
6000000012976674821
6000000012976687827
6000000012976724592
6000000012976746610
6000000012976776389
6000000012976803323
6000000012976812477
6000000012976875041
6000000012976926487
6000000012976997682
6000000012977001911
6000000012977003793
6000000012977008650
6000000012977011855
6000000012977014408
6000000012977028940
6000000012977053493
6000000012977059700
6000000012977112680
6000000012977112733
6000000012977120367
6000000012977126371
6000000012977129271
6000000012977145358
6000000012977160281
6000000012977169370
6000000012977177342
6000000012998746112
6000000012998916029
6000000012998967686
6000000012998984186
6000000012998991763
6000000012999037707
6000000012999084749
6000000012999090563
6000000012999118797
6000000012999130982
6000000012999137570
6000000012999142658
6000000012999172491
6000000012999180570
6000000012999184345
6000000012999186354
6000000012999210232
6000000012999210447
6000000012999215359
6000000012999221239
6000000012999233276
6000000012999248347
6000000013048820046
6000000013049009838
6000000013049037808
6000000013049150996
6000000013049171923
6000000013049206698
6000000013049220106
6000000013049254113
6000000013049262953
6000000013049264026
6000000013049264035
6000000013049279952
6000000013049284982
6000000013049344587
6000000013103824864
6000000013103888795
6000000013103951786
6000000013104011716
6000000013104036978
6000000013104063852
6000000013104165886
6000000013104171603
6000000013104177531
6000000013104184531
6000000013104197503
6000000013104236298
6000000013116967685
6000000013117023612
6000000013117028545
6000000013117039105
6000000013117048540
6000000013117303368
6000000013136620166
6000000013136741759
6000000013136754737
6000000013136810047
6000000013136814664
6000000013136846578
6000000013136870139
6000000013136899560
6000000013136912839
6000000013136924812
6000000013136956475
6000000013136957414
6000000013136957418
6000000013136957422
6000000013136972301
6000000013136973295
6000000013136974296
6000000013136977279
6000000013136994332
6000000013137018257
6000000013137029209
6000000013137033202
6000000013288866775
6000000013289003087
6000000013289047455
6000000013289121331
6000000013560974822
6000000013560979825
6000000013561027426
6000000013561090231
6000000013561095194
6000000013653147469
6000000013653152275
6000000013653170171
6000000013689825926
6000000013690001737
6000000014634784789
6000000014634926906
6000000014634928796
6000000014634981862
6000000014634982753
6000000014634983670
6000000014635015703
6000000014635029314
6000000014635035361
6000000014635053869
6000000014635060524
6000000014635081456
6000000014635088436
6000000014635110024
6000000014635123030
6000000014635128190
6000000014635144011
6000000014635156057
6000000014635159017
6000000015142804018
6000000015214206907
6000000015288455053
6000000015507605316
6000000015656320838
6000000015656379371
6000000015656422924
6000000015661692818
6000000015662334400
6000000015662558695
6000000015662587198
6000000015662628142
6000000015662630236
6000000015662738255
6000000015665409591
6000000015665513821
6000000015665549321
6000000015665666729
6000000016115781630
6000000016706837917
6000000016706948251
6000000016706975193
6000000016706997899
6000000016707002644
6000000016707002648
6000000016707002652
6000000016707003939
6000000016707012260
6000000016707056733
6000000016707131688
6000000016707149650
6000000016707149711
6000000016707162737
6000000016707209998
6000000016707215683
6000000016707218447
6000000016707233423
6000000016707281413
6000000016707284901
6000000016707286418
6000000016707292946
6000000016707313284
6000000016707323778
6000000016707338644
6000000016707338797
6000000016707343466
6000000016707349927
6000000016707351479
6000000016707361673
6000000016707372449
6000000016707373835
6000000016707399461
6000000016707399491
6000000016707400730
6000000016707400788
6000000016707402447
6000000016707402894
6000000016707417357
6000000016707417402
6000000016707430843
6000000016707453453
6000000016707453527
6000000016707467533
6000000016707470580
6000000016707484668
6000000016707516891
6000000016707531134
6000000016707536244
6000000016707567089
6000000016707573579
6000000016707575097
6000000016707575744
6000000016707577162
6000000016707584237
6000000016707599305
6000000016707625031
6000000016707625241
6000000016707626393
6000000016707627390
6000000016707634240
6000000016707680120
6000000016707685379
6000000016707695001
6000000016707697015
6000000017193550403
6000000018389803886
6000000018390046492
6000000018390046560
6000000018390063780
6000000018390082337
6000000018390135740
6000000018390187462
6000000018390192050
6000000018390207710
6000000018393974997
6000000018394356628
6000000018394568698
6000000018394832824
6000000018394992836
6000000018395006601
6000000018395086391
6000000018395136183
6000000018395219082
6000000018395237159
6000000018395250021
6000000018409321877
6000000018409393607
6000000018409405681
6000000018409414650
6000000018409484371
6000000018409506233
6000000018409575179
6000000018409582657
6000000018409614171
6000000018409617130
6000000018409618308
6000000018409648335
6000000018409657057
6000000018409907123
6000000018418301974
6000000018418476755
6000000018418545709
6000000018418646419
6000000018418664818
6000000018418725634
6000000018418780497
6000000018418798480
6000000018418807252
6000000019104262450
6000000019104314332
6000000019104397174
6000000019104402236
6000000019104406114
6000000019104420117
6000000019104470031
6000000019149029228
6000000019509994747
6000000019510312114
6000000020654413765
6000000020654529184
6000000020654571095
6000000020654625978
6000000021237018133
6000000021662933331
6000000021662942650
6000000021662958732
6000000021662965625
6000000021662965733
6000000021662978697
6000000021663012685
6000000021663012804
6000000021663026606
6000000021663052562
6000000021663057624
6000000021663064966
6000000021663238615
6000000021663347398
6000000021663403288
6000000021663424366
6000000021663429513
6000000021663437343
6000000021663445326
6000000021663459233
6000000021663459240
6000000021663472371
6000000021663478327
6000000021663485040
6000000021663493296
6000000021663493302
6000000021663498105
6000000021663500064
6000000021663504121
6000000021663514979
6000000021663533976
6000000021663545117
6000000021663555170
6000000021663556940
6000000021663556950
6000000021663559067
6000000021663575143
6000000021663613877
6000000021663615990
6000000021663621844
6000000021663621975
6000000021663629821
6000000021663641858
6000000023701142622
6000000023701247323
6000000025913714696
6000000025914099741
6000000025914131429
6000000025914323387
6000000025914339183
6000000036794677555
6000000038915769740
6000000038915774577
6000000038915789599
6000000038916170015
6000000038916277961
6000000040781343461
6000000041853075835
6000000041853075845
6000000041860228873
6000000041860580837
6000000041861449829
6000000041887860347
6000000041888090989
6000000044657068100
6000000044657257948
6000000044657502858
6000000044673956328
6000000044674173218
6000000044675001841
6000000044675023908
6000000045494811087
6000000048068914837
6000000048069768086
6000000048657589185
6000000048657964923
6000000048698419053
6000000048698603930
6000000048698626896
6000000048698677876
6000000048701385821
6000000049343884017
6000000049344111916
6000000049344596905
6000000049968700605
6000000049969251250
6000000050093870322
6000000050094348945
6000000050094544918
6000000050094545925
6000000050094586894
6000000050094719904
6000000050094776938
6000000050094992847
6000000050095357205
6000000050096414132
6000000050096439863
6000000051474061499
6000000051474475268
6000000051474475370
6000000051474554050
6000000051474554205
6000000051474630129
6000000051474770903
6000000051474771926
6000000051474785041
6000000051474785076
6000000051474798977
6000000051474799113
6000000051474844021
6000000051474868937
6000000051474873835
6000000051474961832
6000000051475034860
6000000051475057909
6000000051475111922
6000000051475153829
6000000051475162822
6000000052102247014
6000000052102498934
6000000052102521908
6000000052102650832
6000000053449895833
6000000053449895837
6000000053449895846
6000000053476050836
6000000053476050841
6000000053476132829
6000000053476132838
6000000053479114833
6000000053479114837
6000000053535015823
6000000053535118822
6000000053618588174
6000000053618828931
6000000053618850941
6000000053618872495
6000000053618873258
6000000053618902874
6000000053618992395
6000000053619064326
6000000053619075194
6000000053619153386
6000000053619237017
6000000053619237023
6000000053619260931
6000000053619284078
6000000053619367918
6000000053619379023
6000000053619397058
6000000053619402563
6000000053619417004
6000000053619473852
6000000053619485951
6000000053619512839
6000000053619517821
6000000053619518350
6000000053619522920
6000000053619571839
6000000053619595869
6000000053619619034
6000000053619690836
6000000053619867833
6000000053620059028
6000000053620161888
6000000053620241856
6000000053638476833
6000000053639077825
6000000053639205827
6000000053642745555
6000000053643324159
6000000053643417160
6000000053643497034
6000000053643620101
6000000053643666915
6000000053643758000
6000000053643799970
6000000053643806894
6000000053643832821
6000000053643931882
6000000053644006844
6000000053644533821
6000000053644533827
6000000053650380001
6000000053650678844
6000000053651107834
6000000053651450919
6000000053651629838
6000000053656814358
6000000053657272043
6000000053657417013
6000000053657496821
6000000053657502883
6000000053657509821
6000000053657529821
6000000053657529826
6000000053664115467
6000000053664138499
6000000053664231410
6000000053664235332
6000000053664236356
6000000053664268318
6000000053664328247
6000000053664338279
6000000053664435243
6000000053664469181
6000000053664469251
6000000053664474148
6000000053664588052
6000000053664602121
6000000053664631120
6000000053664649955
6000000053664723875
6000000053664725938
6000000053664762834
6000000053664780880
6000000053664781976
6000000053664782878
6000000053664807964
6000000053664809037
6000000053664827873
6000000053664847454
6000000053664862413
6000000053664878875
6000000053664888840
6000000053664926822
6000000053665569900
6000000053665623879
6000000053665639846
6000000053665659826
6000000056101824132
6000000056102124077
6000000056102149973
6000000056102259848
6000000057333446918
6000000061541600464
6000000061542720021
6000000061543038917
6000000061543201864
6000000064923670122
6000000064923957915
6000000064924049967
6000000064924064922
6000000064924073931
6000000064924185896
6000000064924223872
6000000064924347829
6000000069282604830
6000000069282621822
6000000073263034867
6000000073263407822
6000000073263547835
6000000073263748855
6000000073263766881
6000000073263798889
6000000073264510839
6000000073264613852
6000000073265198830
6000000074698754839
6000000074698760902
6000000074714632129
6000000074715058981
6000000074715136902
6000000074715315842
6000000074715354834
6000000074745835184
6000000074752868408
6000000074752868447
6000000074752927427
6000000074752996435
6000000074753008318
6000000074753088303
6000000074753102171
6000000074753123325
6000000074753213170
6000000074753221224
6000000074753223235
6000000074753312150
6000000074753355001
6000000074753373964
6000000074753387986
6000000074753398048
6000000074753398057
6000000074753398094
6000000074753408095
6000000074753452033
6000000074753453078
6000000074753458045
6000000074753501954
6000000074753514086
6000000074753516924
6000000074753517002
6000000074753532907
6000000074753540949
6000000074753543935
6000000074753545952
6000000074753545970
6000000074753548920
6000000074753549895
6000000074753550927
6000000074753552911
6000000074753557911
6000000074753571877
6000000074753571943
6000000074753575903
6000000074753589969
6000000074753606891
6000000074753623887
6000000074753636878
6000000074753638872
6000000074753640886
6000000074753641896
6000000074753645836
6000000074753646867
6000000074753656904
6000000074753656913
6000000074753664829
6000000074753698821
6000000074753705842
6000000074753706821
6000000074753706838
6000000074753715823
6000000074753722821
6000000074753724821
6000000074753741843
6000000074768393105
6000000074792587015
6000000075062219821
6000000075419363203
6000000075419742916
6000000075419891847
6000000075607004822
6000000075611265862
6000000078383207610
6000000078383869269
6000000078384247836
6000000078628608058
6000000106643111283
6000000106643111342
6000000106644021218
6000000106644858994
6000000106644873103
6000000106645034916
6000000106645052291
6000000106645059902
6000000106645123067
6000000106645130952
6000000106645138944
6000000106645169928
6000000106645229217
6000000106645238964
6000000106645371845
6000000106645641104
6000000106645696821
6000000106645766834
6000000106645830898
6000000106645840824
6000000106645879886
6000000106645925821
6000000106645975842
6000000106645983838
6000000106646049852
6000000106646213955
6000000106646224821
6000000106646236837
6000000106646304936
6000000106646396849
6000000106646451988
6000000106646505840
6000000106646646828
6000000106646658833
6000000106646809825
6000000106646967849
6000000106647193858
6000000106647265837
6000000106647435831
6000000106702977255
6000000106703367287
6000000106703501064
6000000106703865188
6000000106703911092
6000000106704048017
6000000106704130935
6000000106704384021
6000000106704410906
6000000106704440953
6000000106704597088
6000000106704725971
6000000106704735821
6000000106704742048
6000000106704748869
6000000106704810905
6000000106704854842
6000000106704865822
6000000106704865863
6000000106704880914
6000000106704889968
6000000106704908991
6000000106704923902
6000000106704923927
6000000106704977910
6000000106705023930
6000000106705146860
6000000106705186822
6000000106705280873
6000000106705313923
6000000106705351960
6000000106705450896
6000000106705484372
6000000106705533856
6000000106705538422
6000000106705541953
6000000106705819821
6000000106705819827
6000000106706250103
6000000106706716980
6000000106706759000
6000000106706991907
6000000106706999849
6000000106707186823
6000000106707218851
6000000106707273821
6000000106707320021
6000000106707333824
6000000106707503011
6000000106707520991
6000000106707566890
6000000106707637899
6000000106707695922
6000000106707947905
6000000106708097833
6000000106708193821
6000000107039534105
6000000107039813039
6000000107039813073
6000000107040238963
6000000107040476909
6000000107040482953
6000000107040556948
6000000107040704904
6000000107040722842
6000000107040775833
6000000107040984892
6000000107041009908
6000000107041433861
6000000107041586859
6000000107042323878
6000000107042700852
6000000107042784823
6000000107042795845
6000000133382186175
6000000133382668041
6000000133382731303
6000000133382739992
6000000133382834048
6000000133383059034
6000000133383471886
6000000133383642928
6000000133383718948
6000000133383729831
6000000133383765891
6000000133383944865
6000000133455786232
6000000133456245307
6000000133456756093
6000000133456878067
6000000133457248944
6000000133457261989
6000000133457289861
6000000133457296871
6000000133457402917
6000000133457433093
6000000133457508960
6000000133457524879
6000000133457555879
6000000133457603844
6000000133457628006
6000000133457645966
6000000133457707922
6000000133457788894
6000000133457832964
6000000133457940919
6000000133458018836
6000000133458099863
6000000139291253821
6000000139291295821
6000000139353591846
6000000139607102044
6000000139607275900
6000000139607484873
6000000139607490826
6000000139607549926
6000000139607743913
6000000139607819933
6000000139608088909
6000000139608307856
6000000141563577984
6000000141563758983
6000000141564765855
6000000142195119957
6000000142195132965
6000000146807230996
6000000146807235998
6000000146807853926
6000000146807909887
6000000146807956821
6000000146808271833
6000000146970340821
6000000146971408821
6000000146971569821
6000000146971882833
6000000146974457821
6000000146974962834
6000000146975868821
6000000146976531825
6000000146976557821
6000000146983631821
6000000146983764821
6000000147052183825
6000000147052415821
6000000147055021860
6000000148575730893
6000000148576099865
6000000148576261840
6000000148576524821
6000000148872385912
6000000148872552016
6000000148872613906
6000000148873154923
6000000148873237835
6000000148873302898
6000000148873423864
6000000148873613880
6000000148873801825
6000000148873840837
6000000148984320943
6000000148984626853
6000000153547833923
6000000153548518882
6000000153548751890
6000000153548971849
6000000153549101837
6000000153549180847
6000000153549216853
6000000153549231821
6000000153549242834
6000000153549309821
6000000153549335853
6000000153549411837
6000000153882067941
6000000153882357847
6000000153882406839
6000000153882430827
6000000153882671839
6000000153883112846
6000000153883147832
6000000153883148842
6000000153883152839
6000000153883165853
6000000153883356872
6000000153883657821
6000000153883674827
6000000153883791833
6000000153883918843
6000000153884056834
6000000153884077826
6000000153884100821
6000000153884120836
6000000153884172842
6000000153884321821
6000000153884383851
6000000153884545821
6000000156211958862
6000000156212062857
6000000156212294839
6000000156212562838
6000000156212814834
6000000156213238867
6000000156213265849
6000000156213713822
6000000156214289896
6000000157271877871
6000000157271969866
6000000158553079946
6000000158553413832
6000000158553422846
6000000158553460832
6000000158553706833
6000000158553773821
6000000158554198823
6000000158554294825
6000000158754960833
6000000158821515930
6000000158822473823
6000000160222864839
6000000160223496829
6000000160223539822
6000000160223768821
6000000160226790826
6000000160226881822
6000000160591769865
6000000160591985842
6000000160592443833
6000000160592620821
6000000160592698821
6000000160593740821
6000000160593795821
6000000161629384878
6000000161630214862
6000000161630693857
6000000161630718839
6000000161630771887
6000000161630870836
6000000161631078835
6000000161631390822
6000000161631445847
6000000161631461821
6000000161631625834
6000000162644914980
6000000162645189961
6000000162645375947
6000000162645637885
6000000162646151864
6000000162646200866
6000000162646372837
6000000162646377826
6000000162646779845
6000000162646804832
6000000162646818854
6000000162646880861
6000000162647189824
6000000162647246821
6000000162647273821
6000000162667282982
6000000162668367869
6000000162668389915
6000000162915866072
6000000162915939864
6000000162916827921
6000000162917227844
6000000162917290867
6000000162917378894
6000000162917409845
6000000162917510843
6000000162917587833
6000000162917599833
6000000162918170850
6000000164656180132
6000000164656469611
6000000164656717743
6000000164657885966
6000000164658196226
6000000164658327107
6000000164658466992
6000000164658893835
6000000164658930830
6000000164658980821
6000000164712082935
6000000164876007420
6000000164880809177
6000000164882936027
6000000164883532830
6000000167785882065
6000000167786521822
6000000168871907964
6000000168872264829
6000000168917926349
6000000168918665987
6000000168918810835
6000000168983977862
6000000171812748245
6000000171848109645
6000000171848432457
6000000171849175353
6000000171849296196
6000000171849393165
6000000171849479181
6000000171849493049
6000000171849856936
6000000171850057839
6000000171850083058
6000000171850312926
6000000171850510048
6000000171851350917
6000000171851563661
6000000171853935078
6000000171854357907
6000000171896079929
6000000172124155908
6000000172592473393
6000000172592905181
6000000172733780888
6000000174881280334
6000000174882086304
6000000174882542248
6000000174882895124
6000000174882937170
6000000174883016006
6000000174883043060
6000000174883054019
6000000174883457905
6000000174883495865
6000000174883564834
6000000174883620854
6000000175111501013
6000000175111822959
6000000175112015892
6000000177317392894
6000000177317723920
6000000177317921974
6000000177318017882
6000000177318453846
6000000177318693858
6000000177318839973
6000000177319020868
6000000177319027873
6000000177319059871
6000000177319094869
6000000177319111879
6000000177319114896
6000000177319555841
6000000177319757870
6000000177319814840
6000000177319830824
6000000177319875861
6000000177319904833
6000000177319958821
6000000177319977838
6000000177320019831
6000000177320075831
6000000177320225848
6000000177320261847
6000000177320273824
6000000177320322841
6000000177320323824
6000000177320343837
6000000177320494832
6000000177341863909
6000000177342024890
6000000177342641886
6000000177342968852
6000000177343186834
6000000177343328838
6000000177343542821
6000000177343564821
6000000177343568821
6000000177343605821
6000000177344135825
6000000177408768846
6000000177411142850
6000000177411519825
6000000177416280823
6000000177530736845
6000000177530972852
6000000177531323852
6000000177531907821
6000000177573857924
6000000177575418836
6000000177575478850
6000000177575496867
6000000177575737841
6000000177575884823
6000000177575967821
6000000177577483850
6000000177577682826
6000000177617878836
6000000177618383825
6000000177618534831
6000000177618575822
6000000177640601940
6000000177642267857
6000000177642369908
6000000177642964854
6000000177643101836
6000000177643105827
6000000177643145823
6000000177643322821
6000000177643827826
6000000177643837824
6000000177665822974
6000000177666031921
6000000177666609864
6000000177667281851
6000000177667301890
6000000177667442855
6000000177667604848
6000000177667656832
6000000177667811831
6000000177667811836
6000000177667847838
6000000177667988822
6000000177668008829
6000000177668019822
6000000177668053825
6000000177691186865
6000000177717139840
6000000177810786958
6000000177813262832
6000000178500977862
6000000178532316885
6000000178533394844
6000000178639119912
6000000178639165855
6000000178639608832
6000000178640281826
6000000178640336828
6000000178640451821
6000000178730951823
6000000181247254851
6000000181247396833
6000000186076615323
6000000186076683426
6000000186077757338
6000000186078283002
6000000186078914982
6000000186079009944
6000000186079131923
6000000186104928008
6000000186104981993
6000000189670785839
6000000189697801826
6000000189699195824
6000000189699956821
6000000198415264847
6000000198415290838
6000000198415399827
6000000206985497823
6000000207005027861
6000000207005027874
6000000207005063848
6000000207005088859
6000000207005115890
6000000207005125831
6000000207005134847
6000000207005166822
6000000207005170826
6000000207005202821
6000000207005251824
6000000210280445847
6000000210280614822
6000000210280907853
6000000211075771887
6000000216525587841
6000000216525610865
6000000217243437821
6000000219735453827
6000000219736770852
6000000219736828822
6000000221060338985
6000000221060479834
6000000221060482822
6000000223966711846
6000000224044328962
6000000224044413928
6000000224044789844
6000000224195577881
6000000224195730828
6000000224195749821
6000000227713034875
