1163649
292524623540001468
292680499640006864
292683406850007553
292685538970008484
300575841790008945
310076614470008197
310084915990002411
320147421040003516
323782428030002724
323791771800006380
323792525020002722
323792902190007768
323793114420006438
323793456080007753
3270083
330814640140007695
335857527420001389
335858229840001397
335871220980011721
335922750050004695
335937191500002558
335999034140001387
337588900930004982
355383668340013252
3997248934890074676
4130338
4292651
4292666
4292668
4292670
4292673
4292678
4292683
4292686
4292688
4292692
4292694
4352910117650066312
4352913797360042233
4352934159130053458
4365626
4365751
4365758
4365784
4365799
4365814
4376259
4376368
4403866
4421690
4431250
4521230
4640356230780031518
4650439323920085594
4650497954380068530
4650509392860077871
4650533831170085619
4700278636490034328
4700293859820123333
4712505
4853206462760075208
5069523390370079940
5069621900470133593
5144320271050023602
5147602808750118707
5165187244060074813
5165341220810131154
5172936713400131286
5214164080170111446
5233338259020070293
5233341549800029948
5379895825250063838
5382572991320080654
5382573066980080660
5382654810530036491
5406677566200071475
5468065286520106890
5544889433720036906
5545013091190053501
5545013195020053507
5570674198180071509
5589695331510108466
5603634234590128326
5606121059460058842
5689624474020034600
5692485398180122586
5715267135070109322
5715309607610083635
5715312186290122528
5715314450590065390
5715317566200054835
5715319505940065507
5715321196780122359
5717186926240122619
5717190150410064996
5717192750920122635
5717194955210064912
5717198118150083637
5717202757190100616
5717524111950083692
5717534418050083221
6000000000046196296
6000000000146774943
6000000000159446991
6000000000159459925
6000000000161044409
6000000000161094629
6000000000161160536
6000000000161207170
6000000000169672392
6000000000169707334
6000000000169743258
6000000000169762638
6000000000169858276
6000000000170713083
6000000000170739056
6000000000170745034
6000000000170768054
6000000000170770025
6000000000170784023
6000000000171037836
6000000000171042973
6000000000171157631
6000000000171294052
6000000000171350056
6000000000174389764
6000000000197599900
6000000000197643750
6000000000197649839
6000000000197654774
6000000000197662628
6000000000197723507
6000000000197729278
6000000000197748278
6000000000197762339
6000000000197871173
6000000000197885018
6000000000201116777
6000000000201215776
6000000000201250785
6000000000201397700
6000000000201494004
6000000000201504002
6000000000208634788
6000000000208737122
6000000000212301803
6000000000212507916
6000000000212646511
6000000000212730177
6000000000212762035
6000000000217381149
6000000000219179589
6000000000219215755
6000000000219283662
6000000000219319621
6000000000219378208
6000000000219437088
6000000000236589674
6000000000236876188
6000000000236930028
6000000000301167345
6000000000325336127
6000000000434190596
6000000000434198701
6000000000434365726
6000000000487644209
6000000000504694968
6000000000504710878
6000000000504720277
6000000000504867848
6000000000504867909
6000000000504879855
6000000000504890405
6000000000505050893
6000000000505050943
6000000000505090873
6000000000505090881
6000000000505109104
6000000000511172064
6000000000511233053
6000000000722300267
6000000000728569851
6000000000743781512
6000000000816391740
6000000000816543951
6000000000816569043
6000000000816598036
6000000000816685768
6000000000816692594
6000000000816697678
6000000000816726474
6000000000816726489
6000000000816751358
6000000000816853248
6000000000960562368
6000000000960562398
6000000000960562438
6000000001224024214
6000000001224189150
6000000001309638970
6000000001309698428
6000000001309760515
6000000001309769618
6000000001309799430
6000000001309890398
6000000001309909700
6000000001320631482
6000000001320642378
6000000001320699200
6000000001320712200
6000000001320794044
6000000001330118608
6000000001357886529
6000000001360266790
6000000001391571858
6000000001394812734
6000000001410951452
6000000001531171119
6000000001531171224
6000000001531243832
6000000001531243866
6000000001531243873
6000000001531243912
6000000001531243919
6000000001531243926
6000000001531243971
6000000001531243977
6000000001531243997
6000000001531247031
6000000001541240869
6000000001541513566
6000000001541555154
6000000001631300238
6000000001718811204
6000000001718986094
6000000001718991254
6000000001817645200
6000000001817645210
6000000001817645791
6000000001817645800
6000000001817691685
6000000001925781124
6000000001950273605
6000000001950295357
6000000001950551422
6000000001950564411
6000000001950595183
6000000001950715040
6000000001981861023
6000000002045185497
6000000002087739551
6000000002089116878
6000000002089208703
6000000002089296599
6000000002089337754
6000000002089355229
6000000002171113405
6000000002171275182
6000000002259524130
6000000002265084497
6000000002265111974
6000000002265194425
6000000002265256572
6000000002265262685
6000000002265442519
6000000002335691359
6000000002335691870
6000000002339669504
6000000002471176287
6000000002472628938
6000000002485856789
6000000002486046159
6000000002486049299
6000000002553460634
6000000002576702684
6000000002577889829
6000000002578140137
6000000002580221263
6000000002588467506
6000000002588514547
6000000002588528799
6000000002588540430
6000000002588546716
6000000002588637218
6000000002588645054
6000000002600207817
6000000002600344733
6000000002600363658
6000000002600373813
6000000002600441203
6000000002600445433
6000000002600448534
6000000002600513179
6000000002600559014
6000000002640605629
6000000002640757530
6000000002640790237
6000000002681740630
6000000002735003409
6000000002735003421
6000000002735003428
6000000002735003528
6000000002735003561
6000000002756278175
6000000002761644706
6000000002768626433
6000000002768772269
6000000002768778125
6000000002768797255
6000000002768818049
6000000002768821137
6000000002769040605
6000000002781334087
6000000002785192956
6000000002785344250
6000000002820362071
6000000002820647470
6000000002823624104
6000000002823641188
6000000002893399159
6000000002893549838
6000000002894050896
6000000002894225808
6000000002894292735
6000000002894321243
6000000002894330812
6000000002894396738
6000000002894409253
6000000002894441162
6000000002894459018
6000000002901241847
6000000002938203886
6000000002942309551
6000000002967010227
6000000002974512960
6000000002974813734
6000000002974835560
6000000002974881451
6000000002974925820
6000000002991204174
6000000003025030940
6000000003025344698
6000000003025365929
6000000003025497310
6000000003025562640
6000000003025570974
6000000003025588781
6000000003027091669
6000000003085021457
6000000003088228207
6000000003094897431
6000000003094897859
6000000003094897932
6000000003094902059
6000000003094902325
6000000003094902772
6000000003094902778
6000000003094902784
6000000003094902790
6000000003094902796
6000000003094919101
6000000003094919107
6000000003094919113
6000000003094919119
6000000003094919125
6000000003094919131
6000000003094919137
6000000003094919193
6000000003094977147
6000000003094977504
6000000003094977520
6000000003094977527
6000000003094977534
6000000003094977559
6000000003094977567
6000000003094977582
6000000003095013485
6000000003095013527
6000000003095013534
6000000003095013541
6000000003095013548
6000000003095013562
6000000003095022140
6000000003095034654
6000000003095034679
6000000003095034797
6000000003095034818
6000000003095034832
6000000003095034838
6000000003095034939
6000000003095036915
6000000003095050654
6000000003095055520
6000000003095063030
6000000003095063628
6000000003095063635
6000000003095063644
6000000003095063651
6000000003095063657
6000000003095063675
6000000003095063732
6000000003095063755
6000000003095063781
6000000003095063793
6000000003095063804
6000000003095063815
6000000003095080391
6000000003095096579
6000000003095096586
6000000003095096593
6000000003095096882
6000000003095101010
6000000003095101690
6000000003095101760
6000000003095101782
6000000003095101840
6000000003095101862
6000000003095104191
6000000003095104983
6000000003095104990
6000000003095106023
6000000003095108057
6000000003095108067
6000000003095108076
6000000003095111686
6000000003095111694
6000000003095122626
6000000003095137509
6000000003095137522
6000000003095137691
6000000003095137844
6000000003095146819
6000000003095146827
6000000003095146835
6000000003095146843
6000000003095146851
6000000003095149907
6000000003095149947
6000000003095149977
6000000003095151438
6000000003095151512
6000000003095151534
6000000003095151584
6000000003095151720
6000000003095151924
6000000003095151943
6000000003095153068
6000000003095153100
6000000003095153130
6000000003095153212
6000000003095153268
6000000003095153360
6000000003095153451
6000000003095153495
6000000003095153573
6000000003095153896
6000000003095153904
6000000003095153946
6000000003095156002
6000000003095156723
6000000003095160080
6000000003095160410
6000000003095163681
6000000003095163719
6000000003095163727
6000000003095163965
6000000003095166021
6000000003095166734
6000000003095166763
6000000003095166773
6000000003095166783
6000000003095166793
6000000003095166801
6000000003095166808
6000000003095166818
6000000003095166881
6000000003095166908
6000000003095166938
6000000003095168039
6000000003095168211
6000000003095168224
6000000003095168588
6000000003095168631
6000000003095168647
6000000003095172195
6000000003095172309
6000000003095172348
6000000003095172830
6000000003095172853
6000000003095172900
6000000003095172910
6000000003095172920
6000000003095174093
6000000003095174149
6000000003095174288
6000000003095174298
6000000003095174326
6000000003095174346
6000000003095174464
6000000003095174506
6000000003095174545
6000000003095174561
6000000003095174611
6000000003095187561
6000000003095187587
6000000003095187636
6000000003095187666
6000000003095187676
6000000003095187686
6000000003095187856
6000000003095187874
6000000003095187923
6000000003095187940
6000000003095187950
6000000003095195196
6000000003095195398
6000000003095195417
6000000003095195425
6000000003095195457
6000000003095195464
6000000003095195472
6000000003095195481
6000000003095195489
6000000003095195503
6000000003095200836
6000000003095206058
6000000003095206068
6000000003095206078
6000000003095206085
6000000003095206092
6000000003095206099
6000000003095206106
6000000003095206113
6000000003095206120
6000000003095206127
6000000003095206134
6000000003095206141
6000000003095206148
6000000003095206162
6000000003095206169
6000000003095206176
6000000003095209077
6000000003095209085
6000000003095209093
6000000003095209349
6000000003095209444
6000000003095209461
6000000003095209501
6000000003095209525
6000000003095209561
6000000003095209569
6000000003095209579
6000000003095209597
6000000003095209605
6000000003095209613
6000000003095209664
6000000003095209961
6000000003095209976
6000000003095213013
6000000003095213070
6000000003095213254
6000000003095213269
6000000003095213281
6000000003095213557
6000000003095213689
6000000003095213935
6000000003095213949
6000000003095213992
6000000003095216001
6000000003095216024
6000000003095216044
6000000003095216073
6000000003095216097
6000000003095216105
6000000003095216112
6000000003095216119
6000000003095216133
6000000003095216140
6000000003095216147
6000000003095216154
6000000003095216161
6000000003095216168
6000000003095216207
6000000003095216214
6000000003095216221
6000000003095216294
6000000003095216322
6000000003095216330
6000000003095216352
6000000003095216381
6000000003095216426
6000000003095216483
6000000003095216509
6000000003095216629
6000000003095216645
6000000003095216660
6000000003095216717
6000000003095216854
6000000003095216862
6000000003095216947
6000000003095216973
6000000003095220012
6000000003095220069
6000000003095220134
6000000003095220280
6000000003095220287
6000000003095220301
6000000003095220347
6000000003095220412
6000000003095220494
6000000003095220512
6000000003095220528
6000000003095220592
6000000003095220608
6000000003095226042
6000000003095226986
6000000003095226996
6000000003095230025
6000000003095230035
6000000003095230059
6000000003095230067
6000000003095230082
6000000003095230122
6000000003095230170
6000000003095230201
6000000003095230211
6000000003095230248
6000000003095230544
6000000003095230650
6000000003095230666
6000000003095230676
6000000003095237298
6000000003095237316
6000000003095260159
6000000003095260758
6000000003095264845
6000000003095277231
6000000003095277239
6000000003095285324
6000000003095285344
6000000003095285392
6000000003095285584
6000000003098500982
6000000003098581942
6000000003098681446
6000000003098699281
6000000003098760134
6000000003098766093
6000000003098766270
6000000003123413771
6000000003134355740
6000000003137290351
6000000003137296670
6000000003150641617
6000000003164818071
6000000003192619899
6000000003192750691
6000000003192873271
6000000003193489588
6000000003207459648
6000000003207510381
6000000003207560428
6000000003207565013
6000000003207589010
6000000003271510184
6000000003271572183
6000000003293620776
6000000003323769735
6000000003329353760
6000000003329393656
6000000003329469282
6000000003329506452
6000000003329518606
6000000003329550070
6000000003329589021
6000000003342377873
6000000003342469818
6000000003342563664
6000000003342565297
6000000003342579288
6000000003386718438
6000000003386794974
6000000003443994137
6000000003451590372
6000000003491976380
6000000003491986946
6000000003491988269
6000000003491988274
6000000003491988284
6000000003491988289
6000000003491988294
6000000003491988299
6000000003491988304
6000000003491988489
6000000003491988494
6000000003491988499
6000000003491988504
6000000003491988509
6000000003491988514
6000000003491988519
6000000003491988821
6000000003491988826
6000000003492005116
6000000003492005121
6000000003492005126
6000000003492005131
6000000003492005136
6000000003492005141
6000000003492005146
6000000003492005151
6000000003492005156
6000000003521246914
6000000003521407465
6000000003521554902
6000000003521563399
6000000003521757996
6000000003522073790
6000000003522098096
6000000003522127061
6000000003522139656
6000000003522211352
6000000003522231295
6000000003522236160
6000000003522313003
6000000003525271134
6000000003525292404
6000000003525292491
6000000003525292805
6000000003525292845
6000000003525292851
6000000003525292857
6000000003525292863
6000000003525296339
6000000003525296347
6000000003525296365
6000000003525296389
6000000003525299267
6000000003525299302
6000000003525299332
6000000003525304235
6000000003525304249
6000000003525304255
6000000003525304261
6000000003525304280
6000000003525304287
6000000003525429516
6000000003525539353
6000000003525591186
6000000003525602355
6000000003525633170
6000000003525877092
6000000003526048634
6000000003528374093
6000000003528569370
6000000003549557611
6000000003549783871
6000000003549813197
6000000003549850046
6000000003549909520
6000000003549925279
6000000003549942487
6000000003549943013
6000000003603926042
6000000003605272868
6000000003625176572
6000000003625242617
6000000003677170645
6000000003677179604
6000000003677258242
6000000003677266161
6000000003732742137
6000000003771055587
6000000003771090178
6000000003805142643
6000000003875802232
6000000003985789081
6000000003985791351
6000000003985969145
6000000003986011132
6000000004001862466
6000000004001862502
6000000004001862512
6000000004001862523
6000000004001862615
6000000004009735380
6000000004092618998
6000000004092864868
6000000004092957392
6000000004092981164
6000000004118838840
6000000004180130082
6000000004259120475
6000000004259141544
6000000004259278367
6000000004364017237
6000000004838982255
6000000004855824179
6000000004861641953
6000000004861641972
6000000004861646654
6000000004885890955
6000000004996973794
6000000004997105911
6000000004998234046
6000000005004778970
6000000005025839542
6000000005083274995
6000000005130306004
6000000005130566006
6000000005131025019
6000000005131245009
6000000005433268402
6000000005433477073
6000000005435356832
6000000005435515154
6000000005435682080
6000000005441682583
6000000005441682601
6000000005441682625
6000000005443537386
6000000005443537395
6000000005443537406
6000000005443537415
6000000005443537424
6000000005443537435
6000000005443537446
6000000005443537458
6000000005443537468
6000000005443537479
6000000005443537493
6000000005443537502
6000000005443537513
6000000005443537522
6000000005445331001
6000000005445468010
6000000005563402752
6000000005563524122
6000000005581789948
6000000005582307220
6000000005604541136
6000000005604541145
6000000005604541151
6000000005604541169
6000000005604541175
6000000005604541181
6000000005604541190
6000000005604541211
6000000005606849557
6000000005606851579
6000000005606851597
6000000005606851647
6000000005606851717
6000000005606851732
6000000005606851748
6000000005606851809
6000000005606855423
6000000005606886717
6000000005606886733
6000000005606886861
6000000005606886893
6000000005606886901
6000000005606886909
6000000005606886918
6000000005606886930
6000000005606886938
6000000005606886946
6000000005606886962
6000000005606886983
6000000005606886992
6000000005606889010
6000000005606889330
6000000005606889345
6000000005606889353
6000000005606889361
6000000005606889392
6000000005606889412
6000000005606889419
6000000005606889436
6000000005606889452
6000000005606889461
6000000005606889502
6000000005607007847
6000000005607007854
6000000005607007861
6000000005607007883
6000000005607042677
6000000005607150429
6000000005607150457
6000000005607150466
6000000005607150526
6000000005607257202
6000000005607264502
6000000005607264510
6000000005607264518
6000000005607264534
6000000005607264550
6000000005607426243
6000000005607477144
6000000005607477152
6000000005607477172
6000000005607502672
6000000005607517163
6000000005607599048
6000000005607599221
6000000005607599278
6000000005608851248
6000000005608851256
6000000005608851274
6000000005608851285
6000000005608851290
6000000005608851313
6000000005608851318
6000000005608851325
6000000005608851332
6000000005608851339
6000000005608851346
6000000005608851363
6000000005608851561
6000000005608851585
6000000005608851592
6000000005608851602
6000000005608851612
6000000005608851619
6000000005608851939
6000000005608851946
6000000005608857221
6000000005608857228
6000000005608857323
6000000005608857330
6000000005608857338
6000000005608857344
6000000005608857358
6000000005608857447
6000000005608857464
6000000005608857489
6000000005608857495
6000000005608857501
6000000005608857508
6000000005608857514
6000000005608857528
6000000005608857701
6000000005608867769
6000000005608873315
6000000005608873322
6000000005608873329
6000000005608873337
6000000005608873343
6000000005608873647
6000000005608884093
6000000005608884100
6000000005608884107
6000000005608884114
6000000005608884128
6000000005608884135
6000000005608897195
6000000005608905049
6000000005608905067
6000000005608905091
6000000005608905358
6000000005608927732
6000000005608966240
6000000005608966648
6000000005608966655
6000000005608966661
6000000005608966667
6000000005608966679
6000000005608966692
6000000005608966697
6000000005608971001
6000000005608971008
6000000005608971510
6000000005608971532
6000000005608971539
6000000005608971546
6000000005608971554
6000000005608971562
6000000005608971574
6000000005608971582
6000000005608971609
6000000005608971623
6000000005608971631
6000000005608971647
6000000005608971654
6000000005608971661
6000000005608971687
6000000005608971695
6000000005609039833
6000000005609039839
6000000005609039846
6000000005609039852
6000000005609039866
6000000005609039877
6000000005609039907
6000000005609039912
6000000005609039925
6000000005609039931
6000000005609039938
6000000005609039944
6000000005609039952
6000000005609039961
6000000005609039966
6000000005609039971
6000000005609039976
6000000005609039986
6000000005609039991
6000000005609039996
6000000005609056683
6000000005609056690
6000000005609056775
6000000005609056785
6000000005609056801
6000000005609064114
6000000005609064119
6000000005609064147
6000000005609064603
6000000005609064986
6000000005609071051
6000000005609071061
6000000005609071124
6000000005609071381
6000000005609071543
6000000005609076027
6000000005609076247
6000000005609076253
6000000005609076259
6000000005609076382
6000000005609076389
6000000005609076394
6000000005609076408
6000000005609076414
6000000005609076420
6000000005609076473
6000000005609076553
6000000005609076827
6000000005609076866
6000000005609076893
6000000005609076903
6000000005609076926
6000000005609076951
6000000005609076993
6000000005609084003
6000000005609084008
6000000005609084014
6000000005609084022
6000000005609084067
6000000005609084078
6000000005609084094
6000000005609102124
6000000005609102138
6000000005609102316
6000000005609133949
6000000005609133955
6000000005609141171
6000000005609159523
6000000005609159531
6000000005609159541
6000000005609159549
6000000005609159554
6000000005609159562
6000000005609159579
6000000005609165035
6000000005609165568
6000000005609202108
6000000005609232448
6000000005609232459
6000000005609232478
6000000005609232488
6000000005609232497
6000000005609232507
6000000005609232527
6000000005609232537
6000000005609232558
6000000005609232777
6000000005609232937
6000000005609232975
6000000005609247982
6000000005609256489
6000000005609256507
6000000005609265803
6000000005609275865
6000000005609291936
6000000005609361424
6000000005609410800
6000000005609410838
6000000005609410901
6000000005609418196
6000000005609418207
6000000005609418437
6000000005609418546
6000000005609418574
6000000005609425370
6000000005609425379
6000000005609443642
6000000005609505382
6000000005609505609
6000000005609508468
6000000005609518105
6000000005609518114
6000000005609518123
6000000005609518132
6000000005609518142
6000000005609518148
6000000005609518157
6000000005609518193
6000000005609518673
6000000005609522416
6000000005609534542
6000000005609566547
6000000005609566556
6000000005609566594
6000000005609566720
6000000005609566807
6000000005609566871
6000000005609566986
6000000005609571113
6000000005609571123
6000000005609571140
6000000005609571149
6000000005609575144
6000000005617854674
6000000005617910612
6000000005617927586
6000000005617992525
6000000005618214163
6000000005618274042
6000000005618283078
6000000005769574058
6000000005770730625
6000000005791414211
6000000005940631229
6000000005940737149
6000000005940793189
6000000005940814413
6000000005940894286
6000000005941004026
6000000005941045059
6000000005941065014
6000000005941213063
6000000006011584129
6000000006012632005
6000000006099506956
6000000006099953390
6000000006101070557
6000000006101074451
6000000006101103690
6000000006101131640
6000000006146889181
6000000006170319809
6000000006171192343
6000000006171302375
6000000006212505039
6000000006212751401
6000000006212866407
6000000006272793909
6000000006347579640
6000000006347900410
6000000006347912260
6000000006347950391
6000000006348125170
6000000006358065780
6000000006358395543
6000000006358535045
6000000006358641159
6000000006358687050
6000000006443743785
6000000006443899407
6000000006443899412
6000000006443899417
6000000006443977984
6000000006444058384
6000000006444145113
6000000006444145118
6000000006444359815
6000000006444387261
6000000006444453268
6000000006444453283
6000000006444574228
6000000006444629421
6000000006444707223
6000000006444793063
6000000006444793068
6000000006517778001
6000000006697874646
6000000006703213259
6000000006704469015
6000000006704531001
6000000006773849119
6000000006778490682
6000000006845511628
6000000006907244121
6000000006939272218
6000000006973000930
6000000006973000933
6000000006973000936
6000000006973000939
6000000006973000942
6000000006977514822
6000000006977540996
6000000006977544902
6000000006977571660
6000000006977620493
6000000006977906259
6000000006977952375
6000000006977960402
6000000006977987029
6000000006977996188
6000000006977999239
6000000006978146012
6000000006979611013
6000000006979611022
6000000006979611025
6000000006979611104
6000000006979611120
6000000006979611128
6000000006979611132
6000000006979611140
6000000006979611153
6000000006979611161
6000000006979611178
6000000006979611184
6000000006979611188
6000000006979611192
6000000006979611200
6000000006979611204
6000000006979611215
6000000006979611218
6000000006979611222
6000000006979611225
6000000006979611228
6000000006979611232
6000000006979611235
6000000006979611265
6000000006979611720
6000000006979611742
6000000006979615382
6000000006979615388
6000000006979615391
6000000006979615394
6000000006979615397
6000000006979615400
6000000006979615403
6000000006979615417
6000000006979615496
6000000006979615499
6000000006979615502
6000000006979615505
6000000006979615511
6000000006979636021
6000000006979663948
6000000006979667915
6000000006979674170
6000000006979674624
6000000006979679548
6000000006996864775
6000000007031557772
6000000007031652856
6000000007031707438
6000000007031822456
6000000007032421797
6000000007066849391
6000000007159133502
6000000007190013237
6000000007207098371
6000000007207262580
6000000007207403522
6000000007208593012
6000000007214262724
6000000007222975293
6000000007249749930
6000000007265248717
6000000007279782317
6000000007375969108
6000000007385513829
6000000007442563746
6000000007452522562
6000000007498790974
6000000007499238576
6000000007560823081
6000000007560829770
6000000007560980274
6000000007573554582
6000000007573560288
6000000007574184392
6000000007575825479
6000000007621888604
6000000007635089516
6000000007668177201
6000000007742063049
6000000007742083157
6000000007742702563
6000000007781246079
6000000007790404803
6000000007840929669
6000000007841201186
6000000007841242108
6000000007841242112
6000000007841242116
6000000007842074731
6000000007842251395
6000000007842251399
6000000007842251403
6000000007848977034
6000000007849272478
6000000007935780545
6000000007935831803
6000000007936053374
6000000007963233046
6000000007963601205
6000000007977809025
6000000007978022868
6000000007978035165
6000000007978100022
6000000007978292229
6000000007978369537
6000000007978555392
6000000007980389570
6000000007980389582
6000000007980617906
6000000007980618024
6000000007980618036
6000000007980630236
6000000007980656441
6000000007980656447
6000000007980656455
6000000007980656473
6000000007980656479
6000000007980656485
6000000007980656491
6000000007980672322
6000000007980672325
6000000007980672328
6000000007980672331
6000000007980672334
6000000007980672357
6000000007980672360
6000000007980672365
6000000007980672402
6000000007980672463
6000000007980672475
6000000007980672479
6000000007980728941
6000000007980728947
6000000007980728952
6000000007980728958
6000000007980728964
6000000007980728970
6000000007980728976
6000000007980729008
6000000007980729025
6000000007980729040
6000000007980729045
6000000007980729051
6000000007980773481
6000000007980773531
6000000007980773536
6000000007980773540
6000000007980773546
6000000007980773550
6000000007980773554
6000000007980773558
6000000007980773562
6000000007980773566
6000000007980773569
6000000007980783638
6000000007980783845
6000000007980783974
6000000007980796444
6000000007980796841
6000000007980806697
6000000007980815473
6000000007980815485
6000000007980815493
6000000007980815502
6000000007980815508
6000000007980815517
6000000007980815523
6000000007980815526
6000000007980815529
6000000007980815532
6000000007980826592
6000000007980826598
6000000007980826603
6000000007980826608
6000000007980826614
6000000007980826620
6000000007980851973
6000000007980884632
6000000007980884676
6000000007980884684
6000000007980914913
6000000007980957825
6000000007980957829
6000000007980957833
6000000008029509949
6000000008029641334
6000000008029765676
6000000008029807257
6000000008029939400
6000000008127025645
6000000008127186497
6000000008127665422
6000000008127683479
6000000008137475999
6000000008137502390
6000000008138691852
6000000008138874672
6000000008138982252
6000000008139540183
6000000008139656791
6000000008165399117
6000000008196862097
6000000008200034366
6000000008207088952
6000000008231843839
6000000008242278061
6000000008242310688
6000000008242509232
6000000008260206853
6000000008260326744
6000000008260397676
6000000008260397860
6000000008260464645
6000000008260587299
6000000008318383117
6000000008318723165
6000000008318782067
6000000008318988768
6000000008318993020
6000000008319027296
6000000008319092676
6000000008319136598
6000000008319157610
6000000008319194235
6000000008364026098
6000000008364177157
6000000008379643914
6000000008404195120
6000000008479603132
6000000008480534222
6000000008480614365
6000000008480855226
6000000008488800925
6000000008489555776
6000000008489785475
6000000008489793563
6000000008489806822
6000000008489866061
6000000008489981429
6000000008490179202
6000000008491191447
6000000008491388302
6000000008505703980
6000000008509476751
6000000008509490777
6000000008509529950
6000000008509563661
6000000008509573933
6000000008509644579
6000000008509644882
6000000008509674022
6000000008509766492
6000000008509827211
6000000008509847443
6000000008526019436
6000000008526282882
6000000008529344239
6000000008548205898
6000000008548856024
6000000008558397097
6000000008638280751
6000000008649586126
6000000008651137250
6000000008651137253
6000000008651137256
6000000008651964981
6000000008652078271
6000000008686037055
6000000008686037093
6000000008686053565
6000000008686053570
6000000008686053575
6000000008686053585
6000000008686053596
6000000008686053605
6000000008686053614
6000000008686053632
6000000008686061362
6000000008686061382
6000000008686061391
6000000008686061400
6000000008686061409
6000000008686061418
6000000008686061428
6000000008686061436
6000000008686061443
6000000008686061450
6000000008686061464
6000000008686061471
6000000008686061478
6000000008686061485
6000000008686109273
6000000008686109281
6000000008686109285
6000000008686109312
6000000008686109322
6000000008686109327
6000000008686109332
6000000008686109337
6000000008686109342
6000000008686251768
6000000008686251776
6000000008686251784
6000000008686251791
6000000008686251798
6000000008686251830
6000000008686251835
6000000008686251841
6000000008686266141
6000000008686266148
6000000008686266155
6000000008778380427
6000000008778507556
6000000008796814030
6000000008818208372
6000000008818212032
6000000008818214485
6000000008912866640
6000000008916090942
6000000008916446714
6000000008916643378
6000000008951702640
6000000008995997108
6000000008996256578
6000000008996871307
6000000008996872674
6000000009015915048
6000000009016248221
6000000009052760381
6000000009054458269
6000000009054731218
6000000009055328921
6000000009055405373
6000000009055633738
6000000009055635858
6000000009055636999
6000000009055702576
6000000009091211380
6000000009091259367
6000000009127689719
6000000009136633637
6000000009136639454
6000000009242596826
6000000009298912108
6000000009305470582
6000000009305502268
6000000009315993031
6000000009357661593
6000000009357999433
6000000009358088240
6000000009371473059
6000000009371831836
6000000009372703830
6000000009372860775
6000000009372933877
6000000009372934004
6000000009373142300
6000000009373147381
6000000009373182604
6000000009373355230
6000000009373435284
6000000009422944478
6000000009426288454
6000000009426420726
6000000009505994672
6000000009506033735
6000000009506072265
6000000009506109158
6000000009506124823
6000000009506205340
6000000009506248386
6000000009506248530
6000000009570860921
6000000009572466443
6000000009617816468
6000000009617873290
6000000009617887062
6000000009618056956
6000000009618078167
6000000009618246644
6000000009618253964
6000000009618261455
6000000009618294757
6000000009618360424
6000000009622669791
6000000009636493875
6000000009636495617
6000000009636567523
6000000009636581495
6000000009636611731
6000000009636620573
6000000009636634577
6000000009636750405
6000000009636759624
6000000009636783358
6000000009636835847
6000000009636873941
6000000009636930637
6000000009656168516
6000000009656310040
6000000009802246183
6000000009802764881
6000000009802886241
6000000009832395116
6000000009908171239
6000000009908250356
6000000010031857834
6000000010031899776
6000000010202449142
6000000010202610715
6000000010202646026
6000000010294424627
6000000010294542611
6000000010294868339
6000000010294941420
6000000010308883049
6000000010431715087
6000000010431891668
6000000010431897633
6000000010432222202
6000000010432239208
6000000010451740015
6000000010452256089
6000000010452646847
6000000010452907206
6000000010467133087
6000000010467405392
6000000010467680296
6000000010470805483
6000000010482264856
6000000010482330179
6000000010483050247
6000000010513026800
6000000010513609753
6000000010571161975
6000000010571576257
6000000010582600533
6000000010664060021
6000000010664197964
6000000010664398983
6000000010664422532
6000000010664500984
6000000010664709525
6000000010664729302
6000000010664911129
6000000010665007725
6000000010665029780
6000000010665102979
6000000010671526414
6000000010673328358
6000000010673338547
6000000010673412974
6000000010673422736
6000000010673478715
6000000010673567638
6000000010673679744
6000000010685934730
6000000010693889662
6000000010694009040
6000000010694039706
6000000010695320160
6000000010695393030
6000000010695849528
6000000010695870781
6000000010708198371
6000000010741135696
6000000010741255695
6000000010741289496
6000000010741500104
6000000010752690084
6000000010753087401
6000000010827866992
6000000010828073967
6000000010828341113
6000000010828358404
6000000010828408914
6000000010828455326
6000000010828481448
6000000010828501580
6000000010828503873
6000000010828532595
6000000010828542626
6000000010828624958
6000000010828625439
6000000010828636246
6000000010828653487
6000000010828716923
6000000010828721821
6000000010828748811
6000000010828764425
6000000010828764764
6000000010828770677
6000000010828779632
6000000010828860209
6000000010828868284
6000000010828973671
6000000010828978239
6000000010829054055
6000000010829055227
6000000010829091239
6000000010829206826
6000000010829214994
6000000010829290075
6000000010829291416
6000000010829329297
6000000010831137383
6000000010870044835
6000000010873534062
6000000010873674129
6000000010873828669
6000000010873868692
6000000010873868869
6000000010873954551
6000000010874003642
6000000010874044836
6000000010874087795
6000000010874194560
6000000010874206434
6000000010874234365
6000000010874238587
6000000010874245367
6000000010874249258
6000000010874293320
6000000010874334261
6000000010876505129
6000000010877619676
6000000010885729129
6000000010885783745
6000000010885840634
6000000010886100263
6000000010891638789
6000000010894959146
6000000010894992426
6000000010895073706
6000000010895100470
6000000010895112411
6000000010895183297
6000000010895245228
6000000010915018181
6000000010915053725
6000000010915054029
6000000010915106657
6000000010915121624
6000000010915164902
6000000010915227648
6000000010915253546
6000000010915256928
6000000010915264898
6000000010915265955
6000000010915278723
6000000010915278936
6000000010915287082
6000000010915293092
6000000010915301625
6000000010915304354
6000000010915309929
6000000010915330245
6000000010915425269
6000000010915458935
6000000010915574335
6000000010941249085
6000000010951218139
6000000010952845066
6000000010952940174
6000000010953170761
6000000010953194087
6000000010953310833
6000000010953357787
6000000010953383156
6000000010953400782
6000000010953417484
6000000010953441059
6000000010953450618
6000000010953451722
6000000010953460508
6000000010953493711
6000000010953499745
6000000010953527639
6000000010953550243
6000000010953558569
6000000010953576343
6000000010953576507
6000000010953596572
6000000010953596628
6000000010953596950
6000000010953604329
6000000010953619642
6000000010961669125
6000000010961758054
6000000010961776078
6000000010961920084
6000000010962119684
6000000010962120687
6000000010962177725
6000000010962178086
6000000010962186698
6000000010962190280
6000000010962217648
6000000010962275798
6000000010962297050
6000000010962311671
6000000010962352472
6000000010962371807
6000000010962376857
6000000010962385573
6000000010962394397
6000000010962419765
6000000010962447127
6000000010962532303
6000000010962566602
6000000010962626635
6000000010962653288
6000000010963406497
6000000010963431279
6000000010972758909
6000000010972909075
6000000010973059139
6000000010973232303
6000000010973298130
6000000010973361847
6000000010973396898
6000000010973509328
6000000010973610616
6000000010973640543
6000000010973738246
6000000010973799337
6000000010973913559
6000000010973934819
6000000010974017172
6000000010974039018
6000000010974074845
6000000010974118751
6000000010974123170
6000000010974145418
6000000010974248142
6000000010974275939
6000000010974275968
6000000010974305702
6000000010974310625
6000000010974310793
6000000010974327525
6000000010974401653
6000000010974455953
6000000010974506533
6000000010974580416
6000000010974603265
6000000010974630374
6000000010974669214
6000000010974699257
6000000010974708259
6000000010974721295
6000000010974745303
6000000010974753204
6000000010977462113
6000000010977762326
6000000010977810223
6000000010983235802
6000000010983246671
6000000010983342914
6000000010983992428
6000000010984174001
6000000010984220724
6000000010984325751
6000000010984347586
6000000010984457488
6000000010984667211
6000000010992012148
6000000010992155955
6000000010992546719
6000000010992639605
6000000011070246111
6000000011070293002
6000000011090513511
6000000011091980894
6000000011159164331
6000000011182224035
6000000011182428302
6000000011197842478
6000000011208525322
6000000011231924288
6000000011234160559
6000000011234563053
6000000011234798723
6000000011234801749
6000000011235482783
6000000011236662697
6000000011236802958
6000000011237061769
6000000011237321699
6000000011237595583
6000000011237598308
6000000011238923739
6000000011239001721
6000000011239096385
6000000011239119245
6000000011239175234
6000000011239353431
6000000011240123191
6000000011240209184
6000000011240288706
6000000011240413343
6000000011249172234
6000000011249696557
6000000011250437001
6000000011250441061
6000000011250448828
6000000011250517819
6000000011250528918
6000000011250591645
6000000011250623992
6000000011250675538
6000000011250697481
6000000011250812316
6000000011251416890
6000000011251447134
6000000011251609166
6000000011251633726
6000000011251827513
6000000011253067354
6000000011261405599
6000000011262575529
6000000011264313691
6000000011264347462
6000000011269717243
6000000011269978281
6000000011273017689
6000000011273485453
6000000011273602218
6000000011274164685
6000000011274364298
6000000011276247971
6000000011276493475
6000000011276836475
6000000011277410863
6000000011277477247
6000000011279399600
6000000011279404768
6000000011279548480
6000000011279553013
6000000011279650696
6000000011279721497
6000000011279730645
6000000011279738057
6000000011279739654
6000000011279795521
6000000011279986271
6000000011279986313
6000000011285700010
6000000011285707152
6000000011285754174
6000000011285769943
6000000011285853606
6000000011285868700
6000000011286027946
6000000011286168864
6000000011286300803
6000000011286341421
6000000011288627438
6000000011288707513
6000000011288733303
6000000011309199191
6000000011311872953
6000000011312226211
6000000011318351100
6000000011322336724
6000000011322649640
6000000011322656514
6000000011322774321
6000000011322806367
6000000011323270947
6000000011323778583
6000000011324973015
6000000011325027989
6000000011325293187
6000000011325339592
6000000011325373127
6000000011325376156
6000000011325376190
6000000011325513854
6000000011325619597
6000000011325651264
6000000011325698201
6000000011334177458
6000000011335399590
6000000011346254224
6000000011356896703
6000000011356959722
6000000011357107312
6000000011358319374
6000000011372011796
6000000011391506893
6000000011391738749
6000000011391788525
6000000011391886934
6000000011392037418
6000000011392079220
6000000011401406900
6000000011401504005
6000000011401542687
6000000011401561833
6000000011401695739
6000000011401804218
6000000011401815564
6000000011401889378
6000000011409560604
6000000011409561498
6000000011409599590
6000000011409820044
6000000011409835126
6000000011409959486
6000000011409962580
6000000011409967479
6000000011409994109
6000000011410024686
6000000011410030801
6000000011410038450
6000000011410046222
6000000011410051319
6000000011410102328
6000000011410181301
6000000011410195345
6000000011410233728
6000000011414576801
6000000011420580808
6000000011424425624
6000000011425674352
6000000011435396712
6000000011435758220
6000000011437491646
6000000011458696603
6000000011458985231
6000000011460191191
6000000011461197272
6000000011488332793
6000000011488811326
6000000011492888828
6000000011492959108
6000000011501754972
6000000011514994520
6000000011515257851
6000000011515358643
6000000011515453390
6000000011515464286
6000000011515895808
6000000011561563920
6000000011562759201
6000000011567970879
6000000011568349430
6000000011594999985
6000000011621293859
6000000011621484305
6000000011621581540
6000000011624176910
6000000011625479917
6000000011625479926
6000000011625541903
6000000011625626727
6000000011625751768
6000000011625959566
6000000011625984726
6000000011626022514
6000000011626052385
6000000011626094323
6000000011639038079
6000000011639980579
6000000011641741228
6000000011641827398
6000000011646923915
6000000011647009624
6000000011647243339
6000000011647289476
6000000011647320234
6000000011670580366
6000000011684998895
6000000011724575064
6000000011725328031
6000000011725476129
6000000011725543513
6000000011728092674
6000000011730182205
6000000011735413550
6000000011747776522
6000000011755231949
6000000011755231952
6000000011755825063
6000000011755825066
6000000011755825069
6000000011755825072
6000000011755825075
6000000011756164580
6000000011784279655
6000000011784776660
6000000011784864015
6000000011785090621
6000000011785520287
6000000011785575488
6000000011785653303
6000000011785781203
6000000011788440948
6000000011788744817
6000000011788764021
6000000011788840170
6000000011788909301
6000000011788981574
6000000011789057220
6000000011789057362
6000000011791276795
6000000011802521931
6000000011802971839
6000000011803807557
6000000011807421317
6000000011808828158
6000000011809827207
6000000011842371710
6000000011890582902
6000000011893967205
6000000011923608083
6000000011924616871
6000000011924798500
6000000011925000231
6000000011979877961
6000000011984490974
6000000012000900168
6000000012001024425
6000000012030473727
6000000012076899615
6000000012089386149
6000000012090470369
6000000012091717102
6000000012091717107
6000000012136481384
6000000012151612742
6000000012152105913
6000000012166312244
6000000012167484840
6000000012178131425
6000000012193989681
6000000012208514656
6000000012210977851
6000000012223639836
6000000012223766064
6000000012224199207
6000000012225216816
6000000012243377983
6000000012257157853
6000000012257470591
6000000012257544216
6000000012257577635
6000000012258179221
6000000012342823836
6000000012342823841
6000000012342823846
6000000012342823851
6000000012342823856
6000000012342823861
6000000012357765497
6000000012376348033
6000000012391829908
6000000012391942631
6000000012400736521
6000000012491533511
6000000012491632052
6000000012502527669
6000000012514410154
6000000012514907823
6000000012514933874
6000000012514960802
6000000012515057290
6000000012560918989
6000000012561691673
6000000012620299908
6000000012695246860
6000000012710594391
6000000012764527931
6000000012766727237
6000000012771374600
6000000012773418913
6000000012773484806
6000000012773498710
6000000012773822574
6000000012773913280
6000000012773923444
6000000012773927404
6000000012899146218
6000000012913579535
6000000012973947448
6000000012988769199
6000000012989309937
6000000012989349613
6000000012989380472
6000000012989438480
6000000013102313085
6000000013102363757
6000000013102421974
6000000013134831139
6000000013135819997
6000000013232995567
6000000013233712730
6000000013243572580
6000000013243675748
6000000013244307477
6000000013316637733
6000000013336514799
6000000013337400937
6000000013337569591
6000000013337947382
6000000013367472743
6000000013488273302
6000000013587727205
6000000013589668063
6000000013714928405
6000000013766577047
6000000013789233145
6000000013789375089
6000000013789520722
6000000013789686213
6000000013791203686
6000000013791210874
6000000013791311008
6000000013791330044
6000000013791357228
6000000013791397312
6000000013791406094
6000000013805745019
6000000013822549976
6000000013822887920
6000000013833149488
6000000013833326834
6000000013837949440
6000000013837964723
6000000013837980634
6000000013837982014
6000000013837986409
6000000013837986936
6000000013837993568
6000000013855086672
6000000013855087422
6000000013855125027
6000000013855267408
6000000013883694785
6000000013883730461
6000000013885835136
6000000013923176297
6000000013923436653
6000000013963382997
6000000014055544552
6000000014056340683
6000000014062891375
6000000014063787565
6000000014222076881
6000000014233387003
6000000014233756446
6000000014233895332
6000000014238431777
6000000014243006682
6000000014243330399
6000000014252624862
6000000014253281744
6000000014253327365
6000000014289424720
6000000014343882543
6000000014344611183
6000000014344624608
6000000014344689366
6000000014344829718
6000000014344864396
6000000014344880144
6000000014344958105
6000000014344959158
6000000014372147381
6000000014463261430
6000000014484918431
6000000014523908277
6000000014564191686
6000000014565553183
6000000014565863264
6000000014565890704
6000000014603968449
6000000014604223365
6000000014604229430
6000000014604274665
6000000014604320331
6000000014604407886
6000000014604505794
6000000014604636812
6000000014604737984
6000000014604789211
6000000014604817421
6000000014604826494
6000000014604832722
6000000014604837143
6000000014604837259
6000000014604840482
6000000014604888001
6000000014604909105
6000000014604913683
6000000014604926702
6000000014604972396
6000000014604974223
6000000014604974397
6000000014605023189
6000000014605085058
6000000014605116814
6000000014605121376
6000000014605127360
6000000014605127409
6000000014605236130
6000000014643053013
6000000014647703722
6000000014648525469
6000000014650749237
6000000014674125477
6000000014674286488
6000000014674496186
6000000014674540287
6000000014674704017
6000000014680630911
6000000014681280546
6000000014681450364
6000000014709799561
6000000014710110709
6000000014710125854
6000000014710309663
6000000014710537281
6000000014710656032
6000000014712007207
6000000014723977621
6000000014724170804
6000000014724285819
6000000014724286322
6000000014724308774
6000000014724332420
6000000014724395031
6000000014724405581
6000000014724412029
6000000014724437532
6000000014724446296
6000000014724478377
6000000014724517331
6000000014724535117
6000000014724561389
6000000014724577613
6000000014724588239
6000000014724659472
6000000014724660359
6000000014724805029
6000000014731964761
6000000014732072937
6000000014732129613
6000000014732185894
6000000014732256989
6000000014732368747
6000000014732368790
6000000014732411518
6000000014732412419
6000000014732464556
6000000014732651805
6000000014732690516
6000000014732885161
6000000014732898706
6000000014732961432
6000000014732985794
6000000014733057026
6000000014733087481
6000000014733093371
6000000014733170252
6000000014733182219
6000000014733228129
6000000014733325285
6000000014733499853
6000000014733604669
6000000014733678031
6000000014733749029
6000000014733754253
6000000014733763506
6000000014733923823
6000000014734053905
6000000014734097292
6000000014734134519
6000000014734148177
6000000014734154399
6000000014734173209
6000000014734177650
6000000014734187031
6000000014734208443
6000000014734216039
6000000014734225175
6000000014734225279
6000000014735543416
6000000014735764024
6000000014739170638
6000000014739286733
6000000014739529550
6000000014739705288
6000000014740066287
6000000014740330004
6000000014740360301
6000000014767047277
6000000014767102468
6000000014767165510
6000000014796139229
6000000014829446764
6000000014829542844
6000000014830100418
6000000014830551460
6000000014830811872
6000000014830991676
6000000014831683483
6000000014831845998
6000000014831858479
6000000014831860920
6000000014831946392
6000000014831978329
6000000014832077564
6000000014832104252
6000000014832150517
6000000014832151410
6000000014832155635
6000000014832211163
6000000014832240223
6000000014832274048
6000000014832350419
6000000014832448134
6000000014832463002
6000000014832484609
6000000014848044837
6000000014848512601
6000000014849073622
6000000014849073637
6000000014849208633
6000000014849446189
6000000014849514258
6000000014849550158
6000000014849563556
6000000014849666007
6000000014849732226
6000000014849807158
6000000014869880252
6000000014870124982
6000000014870304753
6000000014870916052
6000000014872948499
6000000014873177495
6000000014935689907
6000000014936255878
6000000014936423398
6000000014936904964
6000000014937013834
6000000014937031887
6000000014937229460
6000000014937252990
6000000014937270833
6000000014937305745
6000000014937322625
6000000014937322904
6000000014937324880
6000000014937327645
6000000014937374924
6000000014937395362
6000000014937400890
6000000014937424813
6000000014937447102
6000000014937461853
6000000014937475869
6000000014937483443
6000000014937503248
6000000014937516789
6000000014937561384
6000000014937602139
6000000014937656131
6000000014937705113
6000000015017075667
6000000015017257325
6000000015037523314
6000000015039713969
6000000015040058888
6000000015071220851
6000000015071220855
6000000015071220859
6000000015092129336
6000000015102713795
6000000015103194791
6000000015103231960
6000000015103711909
6000000015103728792
6000000015156568709
6000000015157224619
6000000015196201847
6000000015202116285
6000000015202150682
6000000015202436104
6000000015202476428
6000000015202511389
6000000015202540069
6000000015202554077
6000000015202584211
6000000015210352846
6000000015210356604
6000000015210419071
6000000015210593572
6000000015221909991
6000000015222263741
6000000015222443070
6000000015224406129
6000000015230532597
6000000015292288079
6000000015302207141
6000000015308054866
6000000015451034122
6000000015451498734
6000000015453219555
6000000015453505123
6000000015453526361
6000000015457121780
6000000015457318559
6000000015457366589
6000000015506782568
6000000015506995028
6000000015549758314
6000000015578517876
6000000015578765692
6000000015579000027
6000000015687252328
6000000015692132589
6000000015692392513
6000000015692554291
6000000015692653839
6000000015692743080
6000000015692844214
6000000015721797284
6000000015926012695
6000000015935066496
6000000015938131863
6000000015938234908
6000000015938321577
6000000015938377971
6000000015938389454
6000000015938472502
6000000015938535085
6000000015938547075
6000000015938571307
6000000015938620161
6000000015940050484
6000000015940066726
6000000015940117472
6000000015940159973
6000000015940176487
6000000015940186987
6000000015940203699
6000000015940206676
6000000015940225570
6000000015940282579
6000000015940292061
6000000015999246822
6000000016343635641
6000000016351210532
6000000016351251049
6000000016394721500
6000000016394762558
6000000016394838548
6000000016445257896
6000000016445362627
6000000016445449248
6000000016452314925
6000000016453145393
6000000016534441658
6000000016534472826
6000000016615237186
6000000016704732471
6000000016718952682
6000000016734434159
6000000016783469885
6000000016783469888
6000000016882179692
6000000016882239591
6000000016962746874
6000000017006913563
6000000017007290395
6000000017007660458
6000000017007771010
6000000017018839782
6000000017073712402
6000000017168704705
6000000017169032999
6000000017169045672
6000000017191963909
6000000017204548690
6000000017204559813
6000000017367491818
6000000017368374320
6000000017528488664
6000000017586026856
6000000017726972752
6000000017726972756
6000000017726972760
6000000017726972764
6000000017726972768
6000000017727988567
6000000017756537666
6000000017817311502
6000000017817490055
6000000017817490060
6000000017905652000
6000000017906480991
6000000017906779927
6000000017906935557
6000000017955712594
6000000017955880589
6000000017981400555
6000000017981618665
6000000017993014874
6000000017993104573
6000000017993157907
6000000017993193321
6000000017993220727
6000000017993296253
6000000017993340739
6000000017993377285
6000000017993425042
6000000017993673993
6000000017993763151
6000000017993829211
6000000017993862199
6000000017993887326
6000000017993951125
6000000018001664547
6000000018002350314
6000000018002465249
6000000018013072648
6000000018013207623
6000000018013305395
6000000018013397163
6000000018015235944
6000000018029377273
6000000018029398218
6000000018029421202
6000000018233073734
6000000018233146124
6000000018261706649
6000000018261771388
6000000018261797421
6000000018261990323
6000000018330009620
6000000018330115255
6000000018330117412
6000000018339744213
6000000018407700544
6000000018426830724
6000000018427135185
6000000018434676977
6000000018435615558
6000000018435678319
6000000018435781269
6000000018436107539
6000000018436138398
6000000018436208028
6000000018436287169
6000000018472095877
6000000018472585895
6000000018472845795
6000000018494028896
6000000018494585274
6000000018494981236
6000000018495308332
6000000018517575338
6000000018517582572
6000000018530161680
6000000018530384803
6000000018530403621
6000000018530465340
6000000018530525409
6000000018530556401
6000000018570423171
6000000018570440396
6000000018570516083
6000000018595638649
6000000018596931108
6000000018610402146
6000000018610595151
6000000018616469305
6000000018633681635
6000000018633996332
6000000018634213255
6000000018634245097
6000000018634400050
6000000018665485384
6000000018665719105
6000000018682761894
6000000018684302888
6000000018684456176
6000000018684746015
6000000018684963340
6000000018685265006
6000000018753381401
6000000018753961467
6000000018754004078
6000000018772382624
6000000018798182804
6000000018798182808
6000000018798182812
6000000018798182816
6000000018826835292
6000000018905792917
6000000018906460340
6000000018937802807
6000000018992548518
6000000018992691925
6000000018994102267
6000000018994214229
6000000018994220162
6000000018994607104
6000000018994761001
6000000019005175656
6000000019005744303
6000000019006013032
6000000019022235149
6000000019034794072
6000000019113942522
6000000019127990833
6000000019141719429
6000000019198760511
6000000019199112138
6000000019199112150
6000000019199112157
6000000019199112163
6000000019199164088
6000000019214488044
6000000019217947260
6000000019384446904
6000000019384572329
6000000019384729156
6000000019400191447
6000000019424246583
6000000019425116538
6000000019440744001
6000000019442772747
6000000019451678971
6000000019451737329
6000000019451913169
6000000019452117089
6000000019452174014
6000000019482982771
6000000019483347950
6000000019483347955
6000000019506630749
6000000019507199342
6000000019512058619
6000000019527140892
6000000019527170526
6000000019527199750
6000000019527344158
6000000019527592143
6000000019570697321
6000000019616550054
6000000019629763540
6000000019689757363
6000000019705502648
6000000019705535749
6000000019705563888
6000000019705652653
6000000019705709314
6000000019705765487
6000000019705785038
6000000019719386860
6000000019719695213
6000000019719743128
6000000019719774400
6000000019719916558
6000000019719957696
6000000019720037178
6000000019720288166
6000000019818823058
6000000019836965837
6000000019838363338
6000000019898818927
6000000019898981803
6000000019899067349
6000000019899272057
6000000019985678974
6000000019986144890
6000000019986191902
6000000019986408491
6000000019986673772
6000000019987658069
6000000020074550067
6000000020262765011
6000000020341600228
6000000020388019205
6000000020613927917
6000000020644022300
6000000020645172868
6000000020748246418
6000000020818062697
6000000020820235308
6000000020820240233
6000000020820356144
6000000020821090064
6000000020846775260
6000000021177447810
6000000021177766974
6000000021306448583
6000000021328992327
6000000021329249845
6000000021331477712
6000000021331918293
6000000021332228236
6000000021332512096
6000000021332512102
6000000021332544898
6000000021333080377
6000000021333080382
6000000021334014522
6000000021334014527
6000000021334274271
6000000021334274276
6000000021528475381
6000000022002705554
6000000022016131612
6000000022158065663
6000000022158066362
6000000022158093555
6000000022158158455
6000000022158367586
6000000022158410157
6000000022158541043
6000000022174522453
6000000022246158440
6000000022246217104
6000000022246245482
6000000022246296019
6000000022246303972
6000000022246345537
6000000022246398937
6000000022248807991
6000000022249890444
6000000022250226868
6000000022259913759
6000000022260184076
6000000022260263909
6000000022261935744
6000000022261963720
6000000022262043733
6000000022262418045
6000000022262472057
6000000022262501902
6000000022262508830
6000000022262545869
6000000022262545880
6000000022393676427
6000000022535039004
6000000022812151335
6000000022812747406
6000000022857988130
6000000023087178574
6000000023118051883
6000000023160148541
6000000023160537848
6000000023160537856
6000000023182977336
6000000023189608088
6000000023249806593
6000000023250386912
6000000023262920412
6000000023289179043
6000000023321478391
6000000023321606114
6000000023326173663
6000000023326176527
6000000023387000828
6000000023482401796
6000000023483223409
6000000023605569477
6000000023606982470
6000000023655425688
6000000023785738711
6000000023786129400
6000000023786225748
6000000023786345936
6000000023786354008
6000000023786367934
6000000023786402872
6000000023786402920
6000000023799057801
6000000023799062657
6000000023799173601
6000000023799205569
6000000023799210806
6000000023799226704
6000000023799259628
6000000023799295304
6000000023799333647
6000000023799340714
6000000023799340736
6000000023799353213
6000000023799356612
6000000023799362651
6000000023799375709
6000000023799411582
6000000023799425152
6000000023799432385
6000000023799436670
6000000023799446123
6000000023799463032
6000000023799463580
6000000023799469161
6000000023799497018
6000000023799499896
6000000023799523009
6000000023799532947
6000000023799547185
6000000023799551227
6000000023799577488
6000000023799589091
6000000023799631046
6000000023799717874
6000000023799731953
6000000023799800010
6000000023799840958
6000000023799888947
6000000023813350387
6000000023842908378
6000000023843043876
6000000023858582965
6000000023886845026
6000000023953121488
6000000024034163183
6000000024038150795
6000000024038807339
6000000024038942059
6000000024038972980
6000000024252205196
6000000024252224393
6000000024252772438
6000000024252792217
6000000024277073607
6000000024289004264
6000000024307311842
6000000024320362725
6000000024334342984
6000000024545180604
6000000024545256417
6000000024545359281
6000000024545427272
6000000024545429456
6000000024545451365
6000000024545559331
6000000024545563313
6000000024545580043
6000000024545617249
6000000024545632059
6000000024545652010
6000000024545725092
6000000024545802935
6000000024775435656
6000000024775617406
6000000024775856385
6000000024775993981
6000000024785332445
6000000024807305965
6000000024945856216
6000000024949300665
6000000024958615255
6000000025040576657
6000000025096793988
6000000025111279785
6000000025147895019
6000000025151003984
6000000025153081539
6000000025153551252
6000000025153611182
6000000025153656142
6000000025153821978
6000000025153905975
6000000025159000684
6000000025165504840
6000000025166317470
6000000025166337434
6000000025166409156
6000000025166450710
6000000025166633077
6000000025166670935
6000000025166704927
6000000025221610927
6000000025221689033
6000000025221726126
6000000025221747958
6000000025221778192
6000000025221841936
6000000025221850021
6000000025221950857
6000000025221993821
6000000025221993835
6000000025222029898
6000000025222062885
6000000025222115821
6000000025222157864
6000000025222173901
6000000025222202854
6000000025483427481
6000000025483493171
6000000025864014604
6000000025902969679
6000000025905428307
6000000025918094630
6000000025945855359
6000000025945888585
6000000025946132947
6000000025954899426
6000000025954921244
6000000025954992445
6000000025955028412
6000000025955036380
6000000025955246871
6000000025955341783
6000000025955349525
6000000025955389596
6000000025955522795
6000000025955556276
6000000025955651234
6000000025955754872
6000000025955768981
6000000025955779928
6000000025955801878
6000000025955933516
6000000025956084123
6000000025956173404
6000000025956198514
6000000025956227363
6000000025956301258
6000000025956304219
6000000025956348344
6000000025956414145
6000000025956443097
6000000025956449035
6000000025956489983
6000000025956565840
6000000025956567838
6000000025959072548
6000000025959270572
6000000025959444746
6000000025959849843
6000000026381328327
6000000026683969565
6000000026886464554
6000000027068983645
6000000027324111442
6000000027324343015
6000000027324343020
6000000027652387960
6000000028061019688
6000000028061556197
6000000028061726331
6000000028090986058
6000000028091299909
6000000028101915353
6000000028102200941
6000000028108235588
6000000028108285488
6000000028108373245
6000000028108438394
6000000028108442188
6000000028108473562
6000000028108638836
6000000028225133470
6000000028278828195
6000000028279691260
6000000028323323741
6000000028323539552
6000000028323732142
6000000028323747295
6000000028323914330
6000000028323954310
6000000028324002198
6000000028324052958
6000000028324079835
6000000028392230705
6000000028486168167
6000000028605437455
6000000028625027537
6000000028707520116
6000000028939325776
6000000028939666402
6000000028941729899
6000000028952164712
6000000028989630137
6000000029063391774
6000000029064070308
6000000029064221003
6000000029072538208
6000000029072808645
6000000029072808651
6000000029072808657
6000000029072808663
6000000029072808669
6000000029104053834
6000000029142150759
6000000029142509741
6000000029142563370
6000000029142594380
6000000029142611388
6000000029142664208
6000000029142737473
6000000029142772135
6000000029142777195
6000000029142802991
6000000029142862893
6000000029142873873
6000000029157960832
6000000029262753414
6000000029469900777
6000000029540454388
6000000029946183592
6000000029946229794
6000000029946428262
6000000029946650075
6000000029946757865
6000000029946761866
6000000029946922686
6000000029946934647
6000000029947149354
6000000029947201104
6000000029947246025
6000000029947246899
6000000029947271863
6000000029998578022
6000000030000191163
6000000030072441582
6000000030246826893
6000000030249300548
6000000030270728035
6000000030291285006
6000000030293612889
6000000030362516450
6000000030363359653
6000000030372223685
6000000030372260141
6000000030372321970
6000000030372357071
6000000030372482922
6000000030415034243
6000000030415112172
6000000030422462525
6000000030436636699
6000000030438318233
6000000030438415572
6000000030438514217
6000000030438566140
6000000030438678929
6000000030438971101
6000000030440230032
6000000030443140117
6000000030452885475
6000000030526464715
6000000030526548548
6000000030527450049
6000000030534289502
6000000030534902897
6000000030534967855
6000000030535001848
6000000030535015855
6000000030712677994
6000000030719680464
6000000030729193222
6000000030762831871
6000000030763518236
6000000030774449894
6000000030774473844
6000000030848835004
6000000030849129987
6000000030849210854
6000000030849272828
6000000030873432798
6000000030873546324
6000000030873583653
6000000030873716094
6000000030874076513
6000000030874344110
6000000030874636242
6000000030874682911
6000000030875714564
6000000030878189599
6000000030878205344
6000000030878298390
6000000030878304237
6000000030878537888
6000000030905928470
6000000030938859481
6000000030939361051
6000000030939509351
6000000030945148949
6000000031050359050
6000000031369960114
6000000031931969613
6000000032169466608
6000000032198598495
6000000032199186025
6000000032199208051
6000000032199366829
6000000032201346039
6000000032270754428
6000000032671826701
6000000032672255058
6000000032672365848
6000000032672365876
6000000032720179101
6000000032851692990
6000000033070927347
6000000033095810164
6000000033109599156
6000000033110619964
6000000033110720941
6000000033209379057
6000000033209408041
6000000033209531837
6000000033209545824
6000000033234656228
6000000033237621947
6000000033251077043
6000000033251096009
6000000033273276343
6000000033365318751
6000000033618806152
6000000033627342734
6000000033723351330
6000000033723531821
6000000033832969021
6000000033886519161
6000000034161780762
6000000034163065424
6000000034163330944
6000000034163644644
6000000034164165057
6000000034316485329
6000000034623274982
6000000034626257952
6000000034637187310
6000000034752262547
6000000034759331649
6000000034759604473
6000000034759819359
6000000034759984151
6000000034760097217
6000000034760373943
6000000034894325654
6000000034952053188
6000000034952387086
6000000035000941162
6000000035034556284
6000000035055010467
6000000035140639580
6000000035141308291
6000000035141418104
6000000035141454998
6000000035141498128
6000000035141590927
6000000035141602927
6000000035141614953
6000000035141673873
6000000035141673904
6000000035141676892
6000000035332126722
6000000035332787635
6000000035333330287
6000000035333340470
6000000035333560989
6000000035433401250
6000000035433501388
6000000035433527211
6000000035433558389
6000000035433671024
6000000035433702080
6000000035433881846
6000000035611282107
6000000035611474944
6000000035611492928
6000000036281436721
6000000036509550409
6000000037717516071
6000000037885550355
6000000037938736904
6000000038021735567
6000000038022117996
6000000038022180845
6000000038193863105
6000000038211894304
6000000038262106388
6000000038262279160
6000000038271558491
6000000038271680792
6000000038272004106
6000000038272026257
6000000038272296825
6000000038272327827
6000000038272357822
6000000038381937197
6000000038385631603
6000000038385845340
6000000038386306833
6000000038386348856
6000000038387683963
6000000038456038364
6000000038456281869
6000000038456677509
6000000038456722631
6000000038456956142
6000000038480483046
6000000038480547148
6000000038486029145
6000000038486035422
6000000038486155327
6000000038497676652
6000000038497797434
6000000038498118032
6000000038498197870
6000000038499998025
6000000038525151884
6000000038582411366
6000000038582680356
6000000038584391025
6000000038611290205
6000000038611677543
6000000038612030890
6000000038612055884
6000000038692860316
6000000038693023007
6000000038693200837
6000000038693218873
6000000038703077002
6000000038703289873
6000000038762877515
6000000038763155382
6000000038763274016
6000000038763286925
6000000038763343855
6000000038763359889
6000000038763539978
6000000038763599827
6000000038780523862
6000000038780717822
6000000038789233487
6000000038789234076
6000000038789275259
6000000038789388225
6000000038856306524
6000000038856883445
6000000038857348264
6000000038857394122
6000000038857646967
6000000038857692928
6000000038857713616
6000000038857800313
6000000038857823577
6000000038858053206
6000000038858137217
6000000038858207934
6000000038858365884
6000000038973516943
6000000039322988712
6000000039347823965
6000000039402116903
6000000039402296545
6000000039457183488
6000000039561379251
6000000039561745127
6000000039561940492
6000000039715776851
6000000039919529144
6000000040074320697
6000000040074355626
6000000040074392638
6000000040074475420
6000000040074672995
6000000040074754871
6000000040254313617
6000000040254333590
6000000040254395187
6000000040254422314
6000000040254422507
6000000040254495588
6000000040254598027
6000000040254751002
6000000040272555226
6000000040524793011
6000000040561209599
6000000040757097055
6000000040822711861
6000000041075282962
6000000041109530565
6000000041147030341
6000000041147084257
6000000041147288051
6000000041208677590
6000000041208841432
6000000041208936992
6000000041208963872
6000000041365082869
6000000041365199827
6000000041510665256
6000000041511358947
6000000041511721626
6000000041566041479
6000000041587382216
6000000041587767278
6000000041675736354
6000000041675819390
6000000041677003050
6000000041677350887
6000000041681523807
6000000041681781720
6000000041681960398
6000000041681992408
6000000041682087176
6000000041682110170
6000000041682191961
6000000041682249000
6000000041682308861
6000000041682424821
6000000041907416063
6000000042190297007
6000000042190319865
6000000042331495296
6000000042331662972
6000000042428961254
6000000043055388287
6000000043055582177
6000000043926191944
6000000044399860104
6000000044829763905
6000000044869837878
6000000045217085911
6000000046129265946
6000000046129730036
6000000046204988865
6000000046207281002
6000000046207283204
6000000046230047327
6000000046391176445
6000000046391295091
6000000046391521190
6000000046391620821
6000000046391693847
6000000046391702861
6000000046391723973
6000000046391832921
6000000046391856968
6000000046391856980
6000000046392078860
6000000046405258877
6000000046459009416
6000000046459430049
6000000046459648902
6000000046461517877
6000000046461521984
6000000046462797883
6000000046535111239
6000000046535571135
6000000046535690973
6000000046535860822
6000000046535895929
6000000046536049840
6000000046562023674
6000000046562383999
6000000046562468299
6000000046562810947
6000000046562971671
6000000046562988865
6000000046563013965
6000000046563161893
6000000046563246857
6000000046563364822
6000000046563518024
6000000046563579456
6000000046563731888
6000000046563928345
6000000046563935930
6000000046564001833
6000000046564126841
6000000046564165847
6000000046564168046
6000000046564272967
6000000046564394913
6000000046743626326
6000000046743889990
6000000046743891109
6000000046743932079
6000000046744089968
6000000046744190898
6000000046744253831
6000000047537739045
6000000047547741821
6000000047971029942
6000000048110606176
6000000048110837024
6000000048111351821
6000000048111449958
6000000048230175870
6000000049244977056
6000000049274190990
6000000049420312846
6000000049439394974
6000000049442474924
6000000049516431896
6000000049746434127
6000000049761924017
6000000050243172827
6000000050255831877
6000000050256066846
6000000050256120845
6000000050256179823
6000000050257719833
6000000050485266179
6000000050485475172
6000000050485784831
6000000050486102299
6000000050486131249
6000000050486239891
6000000050486285934
6000000050486349929
6000000050502776071
6000000050502989881
6000000050635445844
6000000050746088932
6000000050746259163
6000000050746424821
6000000050746546821
6000000050746748930
6000000050746760936
6000000050746783847
6000000050767090936
6000000051339530858
6000000051342530918
6000000051637665867
6000000051687690332
6000000051688472872
6000000051739552095
6000000051740023848
6000000051763571074
6000000052479705868
6000000052688284886
6000000052688379420
6000000052688957953
6000000052689726910
6000000052689960821
6000000052690715914
6000000052690728931
6000000052690872919
6000000052697481998
6000000053383971307
6000000053384117010
6000000053384247014
6000000053384609896
6000000053384615838
6000000053384655859
6000000053535327955
6000000053868381827
6000000053873190928
6000000053874674821
6000000054021650234
6000000054115257979
6000000054115273954
6000000054115566880
6000000054115710916
6000000054115794835
6000000054513433257
6000000054514653070
6000000054514755979
6000000054960155223
6000000054961939904
6000000054961953106
6000000054962056006
6000000056008120926
6000000057183206222
6000000057183238451
6000000057774160907
6000000057774267956
6000000057774325857
6000000057775316216
6000000057775397403
6000000057775541042
6000000057775759252
6000000057775831068
6000000058080138939
6000000058080938915
6000000058159172976
6000000058171819130
6000000058172110869
6000000058172111949
6000000058172677873
6000000058338518024
6000000058891765986
6000000059115758100
6000000059115822945
6000000059115831912
6000000059116091837
6000000059986981905
6000000059989755937
6000000059989954825
6000000059990439828
6000000060721705868
6000000060723620976
6000000060724276028
6000000060725108821
6000000060730002194
6000000060753035970
6000000060756073965
6000000060808988020
6000000060999018854
6000000061507920900
6000000061729285096
6000000061901216996
6000000061901226980
6000000061901524821
6000000061901589847
6000000062118674224
6000000062118906938
6000000062287857951
6000000062313567881
6000000062314142978
6000000063138680205
6000000063162566870
6000000063164130048
6000000063164543851
6000000064188081894
6000000064202093104
6000000064202435845
6000000064204072208
6000000064204284336
6000000064204431020
6000000064204504954
6000000064204507848
6000000064204643821
6000000064204697854
6000000064204940928
6000000064204977936
6000000064205075843
6000000064302703929
6000000064302779880
6000000064324164149
6000000064324364030
6000000064324601943
6000000064324979899
6000000064325085844
6000000064622546067
6000000065649675821
6000000067895711821
6000000068450505928
6000000068450627984
6000000068450967851
6000000068451025946
6000000068451103833
6000000069708787909
6000000070079255432
6000000070079555359
6000000070079797968
6000000070079854919
6000000070079862837
6000000070079938861
6000000070080331821
6000000070148354459
6000000070148566383
6000000070148572236
6000000070148667366
6000000070148918982
6000000070148981127
6000000070149050065
6000000070149126851
6000000070149192019
6000000070149306966
6000000070493166955
6000000070593369366
6000000070593663931
6000000070594196043
6000000070594401821
6000000070596749902
6000000070642450861
6000000071085077821
6000000071142686825
6000000071678528340
6000000071848179092
6000000071852171945
6000000072207353906
6000000072207909821
6000000072208378906
6000000072679277821
6000000072800776280
6000000072801450924
6000000072801500857
6000000072801643829
6000000072967774819
6000000072968022509
6000000072968030452
6000000072968674004
6000000072969090839
6000000072970541447
6000000073048374183
6000000073048475204
6000000073048589069
6000000073048840844
6000000073215837883
6000000073218533822
6000000073499932942
6000000073714026445
6000000073714166027
6000000073714619855
6000000073714622866
6000000073714714002
6000000073714796920
6000000073716067896
6000000073746728840
6000000073753479095
6000000073753764883
6000000073785382821
6000000073788074834
6000000073789453825
6000000073837263861
6000000073837376825
6000000073851104849
6000000074391040821
6000000074622237825
6000000075031483824
6000000075213614311
6000000075345187866
6000000075672565931
6000000075954285865
6000000075959835406
6000000076484720983
6000000076516500828
6000000076516506821
6000000076516511866
6000000076516721985
6000000076517184850
6000000076529893909
6000000076610765380
6000000076668375798
6000000076670287700
6000000076670332695
6000000076670753457
6000000076671491478
6000000076671632159
6000000076671800146
6000000076671996028
6000000076672076055
6000000076672394863
6000000076672443853
6000000076789118944
6000000076789306834
6000000076887026883
6000000076890941859
6000000077283586913
6000000077545416230
6000000077978931901
6000000078047527076
6000000078047857838
6000000078207418201
6000000078841846135
6000000078841853217
6000000078841990189
6000000078842388857
6000000078842394837
6000000079445643821
6000000079445745582
6000000079446307015
6000000079446351156
6000000079446392086
6000000079446526168
6000000079446567942
6000000079446585933
6000000079446940903
6000000079446941030
6000000079451866476
6000000079452425849
6000000079452941821
6000000079453221892
6000000079453289851
6000000079453469873
6000000079638194870
6000000079638277935
6000000079829317593
6000000079830368360
6000000079830437431
6000000079830944903
6000000079831419015
6000000079831711983
6000000079831796968
6000000080593057009
6000000080593263038
6000000081112041884
6000000081112105057
6000000081112812181
6000000081113097979
6000000081115123513
6000000081115564952
6000000081115583957
6000000081115643998
6000000081115704875
6000000081270529821
6000000081294301351
6000000082502307228
6000000083324562889
6000000083354354274
6000000083684253679
6000000083685326016
6000000083963324097
6000000084019484532
6000000084019599507
6000000084019838273
6000000084020801067
6000000084020906062
6000000084021697832
6000000084490314927
6000000084536899147
6000000084537954625
6000000084538745101
6000000084539097821
6000000084539592854
6000000084539708847
6000000084646206821
6000000085068619419
6000000085069963966
6000000085070016939
6000000085070105934
6000000085070152922
6000000085070423892
6000000085070423899
6000000085070536827
6000000085070763202
6000000085071562863
6000000085071624826
6000000085402447907
6000000085663650826
6000000086025072048
6000000086165246208
6000000086166446833
6000000086293127958
6000000086293342884
6000000086298298181
6000000086298982057
6000000086306747880
6000000086760347041
6000000086761761910
6000000086796056360
6000000086796109327
6000000086796344189
6000000086797110008
6000000086797402842
6000000086797467834
6000000087197023119
6000000087212418931
6000000087213195006
6000000087213331024
6000000087213351913
6000000087213359823
6000000087213836940
6000000087214800821
6000000087760035186
6000000087760117086
6000000087760505975
6000000087760608074
6000000087760754012
6000000090376384639
6000000090376770828
6000000090376770858
6000000091145970234
6000000091145980983
6000000091179448933
6000000091179909821
6000000092293476271
6000000092294011097
6000000092294257951
6000000092294532907
6000000092294751821
6000000092299996318
6000000092300791821
6000000092301629927
6000000092301867876
6000000092800254892
6000000093867036863
6000000094204415414
6000000094206657060
6000000094206898106
6000000094206951901
6000000094207165941
6000000094207298941
6000000094207389955
6000000094207589900
6000000094207606836
6000000094207611824
6000000094207617825
6000000094207887854
6000000094207962821
6000000094208139853
6000000094208152834
6000000094208160837
6000000094208184845
6000000094208197835
6000000094649612942
6000000094662462854
6000000095772187934
6000000095913229836
6000000098087737350
6000000098088860155
6000000098089163068
6000000098089693082
6000000098089752007
6000000098089986014
6000000098090785911
6000000098091172876
6000000098091269833
6000000098091396834
6000000098093037835
6000000098093383828
6000000098094169881
6000000098094442943
6000000098095427886
6000000098095572821
6000000098095760852
6000000098097112957
6000000098097209942
6000000098097269970
6000000098097405938
6000000098097501856
6000000098098283840
6000000098098516824
6000000098098755824
6000000098099013896
6000000098099144835
6000000098101415828
6000000098102263559
6000000098105509074
6000000098105542959
6000000098105630931
6000000098105723959
6000000098105941940
6000000098106230892
6000000098106347911
6000000098106934873
6000000098108081859
6000000098109607891
6000000098109626974
6000000098109729902
6000000098109841880
6000000098110521857
6000000098110928826
6000000098111140861
6000000098111682821
6000000098867210067
6000000099287275919
6000000099765032955
6000000100227478293
6000000103177001980
6000000104242792852
6000000104242792858
6000000104242792864
6000000104242792870
6000000104242792989
6000000104245236822
6000000104245236834
6000000104245236877
6000000105473349069
6000000105474643833
6000000105685243967
6000000106661833236
6000000106900506864
6000000108600425101
6000000110052796878
6000000111290833144
6000000111417317134
6000000112079751954
6000000112080140834
6000000112365454822
6000000112367225849
6000000113447991882
6000000114638504005
6000000114638723957
6000000114638770031
6000000114638770318
6000000114639036017
6000000114639378871
6000000114639638826
6000000114639689085
6000000116064236927
6000000116218347821
6000000116501546149
6000000116502286899
6000000116502509864
6000000116502558906
6000000116502774834
6000000116533032905
6000000116533256940
6000000117124329984
6000000117124330035
6000000117124330051
6000000117124330060
6000000117124330067
6000000117124330074
6000000117124330083
6000000117124330092
6000000117124330101
6000000117124330110
6000000117124330117
6000000117124330126
6000000117124330135
6000000117124330144
6000000117124330151
6000000118384878822
6000000118384963879
6000000119018613032
6000000119019064929
6000000119019343058
6000000119019523886
6000000119019717821
6000000119024530106
6000000119025395042
6000000119026367949
6000000119026868854
6000000119027370842
6000000119115920050
6000000119906542134
6000000119907381003
6000000119908103900
6000000119908309821
6000000119908327870
6000000119909425938
6000000119909658861
6000000119909794843
6000000119909874827
6000000119911601890
6000000119912192906
6000000119912466834
6000000119912842826
6000000119912999830
6000000119913001821
6000000119913516959
6000000119919306037
6000000119919853908
6000000119920216991
6000000119920244968
6000000119920306881
6000000119920342025
6000000119922161853
6000000119922490951
6000000119922893876
6000000120537641240
6000000120538194974
6000000120538403002
6000000120538454887
6000000120538501897
6000000120538581849
6000000120538594862
6000000120538760835
6000000120539048909
6000000120539063230
6000000120539064877
6000000120539228874
6000000120539236888
6000000120539267893
6000000120539308861
6000000120539324865
6000000120539433831
6000000120539649005
6000000120539992195
6000000120539992201
6000000120540103935
6000000120540148939
6000000120540186932
6000000120540306831
6000000120540433827
6000000120540990915
6000000120541008855
6000000120541010890
6000000120541021914
6000000120541028875
6000000120541245821
6000000120856014028
6000000120859862842
6000000120860475834
6000000120860955977
6000000120861120962
6000000120862926879
6000000120935184974
6000000120935633907
6000000120936346847
6000000120936896846
6000000120937147906
6000000122227315857
6000000122490035226
6000000122610175987
6000000122610176056
6000000123444154823
6000000123693879839
6000000123693879928
6000000123693880027
6000000123693880148
6000000123693880164
6000000123693880170
6000000123693880176
6000000123693880260
6000000123693880270
6000000123693880292
6000000123693880298
6000000123693880310
6000000123693880316
6000000123694129822
6000000123694129897
6000000123694129906
6000000123694129916
6000000123694129922
6000000123694129928
6000000123694129936
6000000123694159822
6000000123694159847
6000000124165727822
6000000127566512216
6000000127567073839
6000000127571023842
6000000127571119852
6000000127571452833
6000000127571521841
6000000128985061822
6000000129433104866
6000000130117169930
6000000130335915033
6000000130336593977
6000000131363942821
6000000132018239824
6000000132018378860
6000000132021560898
6000000132281924864
6000000135071965844
6000000135358235821
6000000135563629836
6000000135563928494
6000000135563928500
6000000136846866209
6000000136847762992
6000000139679748912
6000000139679748921
6000000139679748928
6000000139679748935
6000000139679748992
6000000139873198907
6000000140134554969
6000000141813506101
6000000141814723883
6000000143345964835
6000000143862263985
6000000144149850821
6000000144242701821
6000000145947616888
6000000145949634821
6000000148333809022
6000000148333908058
6000000148334129054
6000000148334417930
6000000148334798872
6000000148334982821
6000000148335065821
6000000150177208821
6000000150864900822
6000000150867083974
6000000151348199824
6000000151815231821
6000000153041838846
6000000153042460840
6000000153042672827
6000000153043150821
6000000153043428850
6000000153043470866
6000000153698444077
6000000153698679061
6000000153699676904
6000000153803224833
6000000154736284837
6000000154738707842
6000000156811520920
6000000158127894821
6000000161849855834
6000000162289108883
6000000162495658108
6000000162529099907
6000000162948614858
6000000163370126906
6000000163370362885
6000000163580650833
6000000163581115821
6000000163581466873
6000000164024709842
6000000164039625009
6000000164040590835
6000000164950101020
6000000165344560920
6000000165345075914
6000000165345688853
6000000167375520890
6000000167558975072
6000000167560478836
6000000167789900833
6000000167790040821
6000000167790635920
6000000167790991869
6000000167793718949
6000000167794046877
6000000167794287837
6000000167794397972
6000000167794506029
6000000167794593974
6000000167794628014
6000000167795025825
6000000167795029832
6000000167804899839
6000000167805262821
6000000167972886502
6000000167973165407
6000000167973310248
6000000167973322275
6000000167973715098
6000000167973768035
6000000167973802274
6000000167973895181
6000000167973967078
6000000167974051960
6000000167974217052
6000000167974380998
6000000167974590848
6000000167974596840
6000000167974651916
6000000167974807908
6000000167975039838
6000000167975191829
6000000167975991994
6000000167976211841
6000000167976383104
6000000167976442102
6000000167976522121
6000000167976572849
6000000167976606823
6000000167976641079
6000000167976668951
6000000167976840986
6000000167976895100
6000000167976981942
6000000167977177840
6000000167977270864
6000000167977321873
6000000167977322929
6000000167977474841
6000000167977514893
6000000167977683821
6000000167978252823
6000000167997655849
6000000167997701848
6000000167997789864
6000000167997797879
6000000167998136833
6000000167998186821
6000000167998438829
6000000168138453993
6000000168139168861
6000000168139563048
6000000168139582918
6000000168139597050
6000000168139812037
6000000168139996031
6000000168140050981
6000000168140110074
6000000168140492821
6000000168141443151
6000000168183920014
6000000168184378864
6000000168185315084
6000000168186973177
6000000168187548061
6000000168187662044
6000000168187854929
6000000168188082960
6000000168188175919
6000000168188189925
6000000168188214915
6000000168510127888
6000000168671904881
6000000168671919893
6000000168671979014
6000000168672563830
6000000168817321023
6000000168817350068
6000000168817379010
6000000168817505940
6000000168818250855
6000000168818912935
6000000168818952900
6000000168819023846
6000000168830935932
6000000168830950983
6000000168941109823
6000000168941488094
6000000168941759008
6000000168942138868
6000000168942433867
6000000169708534847
6000000169709395461
6000000169709938234
6000000169713375023
6000000169713727830
6000000169714208826
6000000169714552869
6000000169723397302
6000000169725888452
6000000169726679006
6000000169726703078
6000000169727119821
6000000169727177822
6000000170072011852
6000000171749808421
6000000171749968264
6000000171750391033
6000000171750980888
6000000171755408594
6000000171755582526
6000000171756689871
6000000171757087136
6000000171757139480
6000000171757452969
6000000171757452981
6000000171757490053
6000000171757556137
6000000171757779854
6000000171757790940
6000000171758348841
6000000171758419858
6000000171812032786
6000000171823849347
6000000171824464213
6000000171825634267
6000000171827442958
6000000171827676029
6000000171827833825
6000000171827847826
6000000171827901834
6000000171833811111
6000000172109172050
6000000172109364009
6000000172109822821
6000000172442307984
6000000172496151740
6000000172499367827
6000000172555793722
6000000172570442358
6000000172571889234
6000000172572487875
6000000172578273954
6000000172578306334
6000000172578333245
6000000172578902833
6000000172579611878
6000000172613579075
6000000172631335078
6000000173374433822
6000000173374433828
6000000173374433847
6000000173374433853
6000000173374433859
6000000173374433865
6000000173374433871
6000000173374433886
6000000173374433892
6000000173374433898
6000000173481047881
6000000173510734233
6000000173511984858
6000000173664112767
6000000173676839871
6000000174196661788
6000000174198679164
6000000174646991838
6000000174646991847
6000000175346799822
6000000175598585840
6000000175670159866
6000000175671078881
6000000175672277829
6000000175672668821
6000000175672737900
6000000175673371877
6000000175673745884
6000000175674235837
6000000175674485825
6000000175674538822
6000000175766688898
6000000175767948833
6000000175972752828
6000000175972752844
6000000175972752868
6000000175972752874
6000000176818214821
6000000177237653829
6000000177352411823
6000000177783338869
6000000177783836847
6000000177784971832
6000000178007252823
6000000178237334849
6000000178237430822
6000000178237541821
6000000178237684846
6000000179265626866
6000000179266043840
6000000179266131822
6000000179277378915
6000000179277884869
6000000179278274835
6000000179739688000
6000000180589658859
6000000180934961822
6000000181629642858
6000000182475420845
6000000182476825850
6000000182477515821
6000000182878297647
6000000182878486248
6000000182878486256
6000000182878486272
6000000182878486280
6000000182878486287
6000000182878486295
6000000182878486303
6000000182878486311
6000000182878486318
6000000182997076843
6000000183299473822
6000000183299473828
6000000183299473831
6000000183299473834
6000000183299473842
6000000183299516822
6000000183299516828
6000000183371249846
6000000183371350824
6000000183371797823
6000000183428249835
6000000183430850835
6000000183430993830
6000000183431039830
6000000183431090821
6000000183431471825
6000000183432027830
6000000183432280821
6000000183432418825
6000000184211125821
6000000184620977930
6000000184642925006
6000000185184435827
6000000185337091061
6000000185361452961
6000000185473295826
6000000185796096839
6000000185796208835
6000000185858504837
6000000186057880176
6000000186163849189
6000000186222685052
6000000186223114937
6000000186223407862
6000000186261805902
6000000186322167955
6000000186359677823
6000000186359730821
6000000186741586836
6000000187192022846
6000000187840896861
6000000187843032841
6000000187843796836
6000000188101411821
6000000188522088904
6000000188522798832
6000000188563384831
6000000188608970821
6000000188765990829
6000000189307790830
6000000189358770854
6000000189832862864
6000000189972383834
6000000190138309835
6000000190448969855
6000000190461109844
6000000190461448824
6000000190473952924
6000000190474919845
6000000190559100823
6000000190561109852
6000000190750139239
6000000190750139249
6000000190750139259
6000000190750139267
6000000190750139282
6000000190750139293
6000000190750139308
6000000190750139332
6000000190750139346
6000000190750139359
6000000190750139373
6000000190750139386
6000000190750139396
6000000190750139410
6000000190750139421
6000000190750139433
6000000190750139444
6000000190750139456
6000000190750139468
6000000190909430848
6000000190909810849
6000000190909829853
6000000190912507833
6000000191570193824
6000000193081678885
6000000193081942882
6000000193082209851
6000000193082328826
6000000193082367832
6000000193082376831
6000000193085611939
6000000193086515847
6000000193086549840
6000000193086667834
6000000193086733831
6000000193086813828
6000000193088098826
6000000193088153823
6000000193088181821
6000000194932433832
6000000194934884835
6000000194934884839
6000000194934884843
6000000194934884847
6000000194934884851
6000000194934884855
6000000194934884859
6000000194940706851
6000000194980183821
6000000194980183825
6000000194980183829
6000000194980183833
6000000194980818842
6000000194980818846
6000000194980818850
6000000195333156848
6000000195333156856
6000000195333156860
6000000195333156864
6000000195375405844
6000000195375405848
6000000195375405852
6000000195509058878
6000000195509058886
6000000195509058890
6000000195509058898
6000000195548954825
6000000195548954829
6000000195548954833
6000000195548954837
6000000195550562850
6000000195550562854
6000000195550562858
6000000195550562862
6000000195607308842
6000000196798828896
6000000197061249825
6000000197588586679
6000000197588586738
6000000197588586780
6000000197589802129
6000000197589802235
6000000197589802261
6000000197589802400
6000000197589802456
6000000197589802559
6000000197589802605
6000000197589802666
6000000197589802699
6000000197589802820
6000000197590213851
6000000197590213893
6000000197590214021
6000000197590297845
6000000197590297855
6000000197590297865
6000000197590297881
6000000197590297902
6000000198204007827
6000000198204120831
6000000198513303848
6000000198513303852
6000000198513303856
6000000198536639839
6000000198712859347
6000000198712859547
6000000198712885020
6000000198712885034
6000000198712885048
6000000198712885061
6000000198712885079
6000000198712885123
6000000198712885140
6000000198712885156
6000000198712885337
6000000198905481821
6000000198928336699
6000000198928336707
6000000198928336716
6000000198928336725
6000000198928336734
6000000198929210915
6000000199067188928
6000000199067337877
6000000199067362856
6000000199067734831
6000000199067883823
6000000199247678842
6000000199521184833
6000000199789452907
6000000199794176838
6000000199794266831
6000000199927175895
6000000199927550826
6000000199927752828
6000000200140261887
6000000200370733843
6000000200777155825
6000000200815668871
6000000200815756868
6000000200816253822
6000000201015508822
6000000201479023866
6000000201509253828
6000000201509332840
6000000201537530904
6000000202167746844
6000000202168057822
6000000202542634856
6000000202542657844
6000000202542657866
6000000202542712851
6000000202542774836
6000000202542816822
6000000202542998830
6000000202543379841
6000000202543587856
6000000202543852845
6000000202544080826
6000000202544193827
6000000202742853884
6000000202743490821
6000000202743594821
6000000202865670824
6000000203687798837
6000000203688033826
6000000203689233853
6000000203700664833
6000000203710979880
6000000203711381836
6000000203729247729
6000000203752098840
6000000203752526848
6000000203752561821
6000000203752654825
6000000203812132884
6000000203812268847
6000000203925668860
6000000203925796821
6000000203925818825
6000000203925835829
6000000203925875833
6000000203925940821
6000000204063870830
6000000204063870835
6000000204063870840
6000000204063870845
6000000204118360832
6000000204159572832
6000000204160300821
6000000204162520873
6000000204162682855
6000000204294067821
6000000204760961826
6000000204767723822
6000000204772015821
6000000204773972831
6000000204774007828
6000000204774162838
6000000204774179822
6000000204774218823
6000000204793156875
6000000204793223848
6000000204793476876
6000000204793942821
6000000204793977836
6000000204802264839
6000000204802428821
6000000204827548916
6000000204829567920
6000000204864728845
6000000205467299851
6000000205539333945
6000000205539984866
6000000205881158841
6000000205881254825
6000000206291627837
6000000207086111849
6000000207086490822
6000000207106058886
6000000207106091844
6000000207106284822
6000000207303335877
6000000207396826888
6000000207397092831
6000000207397231840
6000000207397235823
6000000207397471821
6000000207459009824
6000000207459526825
6000000207831782843
6000000208428510831
6000000208451141456
6000000208455407880
6000000209279224821
6000000209752117846
6000000209952647908
6000000209952975836
6000000209953078823
6000000209953126821
6000000210554574828
6000000210554609891
6000000210554885828
6000000210554974824
6000000210578007846
6000000210578010873
6000000210578091822
6000000210881902836
6000000212826430824
6000000213074806824
6000000213078450822
6000000213078941822
6000000213078941835
6000000213079011822
6000000215838079834
6000000215839978823
6000000215845360829
6000000215845523824
6000000215910209857
6000000215910236837
6000000215910348862
6000000215943929862
6000000215954463824
6000000215954510822
6000000215954565821
6000000215954900824
6000000216370521837
6000000216370754828
6000000216370904826
6000000216370912830
6000000216370965826
6000000216371003822
6000000216371012822
6000000216371137821
6000000216371141855
6000000216371379821
6000000216476715824
6000000216476909865
6000000216476909873
6000000216477038837
6000000216477711821
6000000216477749828
6000000216494801844
6000000216494851845
6000000216494937826
6000000216495137837
6000000216495210843
6000000216495214849
6000000216495273833
6000000216495316829
6000000216495573846
6000000216495700825
6000000216495735833
6000000216495762826
6000000216495834821
6000000216496551840
6000000216496551893
6000000216496957833
6000000216496975830
6000000216497006842
6000000216497044835
6000000216497111831
6000000216497125822
6000000216497202821
6000000216986182917
6000000216986531858
6000000216986630821
6000000216988436822
6000000216991123829
6000000216992228838
6000000216992346833
6000000217444087830
6000000217444547855
6000000218821820871
6000000218821994827
6000000218822654880
6000000218823302886
6000000218929350842
6000000219328262035
6000000219328374908
6000000219346503821
6000000219351586824
6000000219659214827
6000000219698839867
6000000220146537846
6000000220146685822
6000000220198607855
6000000220198709831
6000000220203202822
6000000220747534862
6000000220993459925
6000000220993610856
6000000221035488855
6000000221133635864
6000000221133635868
6000000221133635872
6000000221133635876
6000000221214208843
6000000221214373884
6000000221214432888
6000000221214446848
6000000221214461859
6000000221214485843
6000000221214485900
6000000221214523823
6000000221214594891
6000000221214596849
6000000221214642866
6000000221244641823
6000000221244641827
6000000221276256939
6000000221276256954
6000000221276473946
6000000221276638892
6000000221276702905
6000000221276706890
6000000221276712902
6000000221276727889
6000000221276788838
6000000221276834845
6000000221276902826
6000000221371549895
6000000221371590886
6000000221371640885
6000000221371767831
6000000221371769824
6000000221637901886
6000000221637901995
6000000221637902008
6000000221637902017
6000000221637902048
6000000221637902054
6000000221637902063
6000000221928430829
6000000223059708031
6000000223060021854
6000000223060227860
6000000223094614177
6000000223101543027
6000000223102094843
6000000223102108860
6000000223121017932
6000000223121056895
6000000223121163910
6000000223121182849
6000000223121207874
6000000223121219835
6000000223121261847
6000000223121296845
6000000223121348828
6000000223733894858
6000000223733935847
6000000223733986859
6000000223734000838
6000000223747844060
6000000223748272968
6000000223748285901
6000000223748294869
6000000223748321853
6000000223748324957
6000000223748334907
6000000223748411865
6000000223748432913
6000000223748465888
6000000223749268901
6000000223749385836
6000000223757660861
6000000223757662838
6000000223793637987
6000000223810365910
6000000223819756831
6000000223820187835
6000000223821036821
6000000223826921027
6000000223827016946
6000000223829455881
6000000223830437069
6000000223830899884
6000000223845536965
6000000223845724851
6000000223851317882
6000000224005571857
6000000224060552841
6000000224232319906
6000000224232362850
6000000224232617852
6000000224575736858
6000000224627084878
6000000224627219904
6000000225170661836
6000000225170664865
6000000225170688922
6000000225170688926
6000000225170688930
6000000225170688934
6000000225170688938
6000000225170688942
6000000225171197823
6000000225171202839
6000000225237654945
6000000225238084837
6000000225338413876
6000000225540306885
6000000225540465847
6000000225547853826
6000000225567261846
6000000225575978837
6000000225590201823
6000000225591144916
6000000225591592830
6000000225591638955
6000000225592430843
6000000225592810853
6000000225593451836
6000000225593680945
6000000225594193827
6000000225594353869
6000000225595768936
6000000225595798919
6000000225608028917
6000000225608610825
6000000225609158848
6000000225609216836
6000000225609245840
6000000225609304843
6000000225609377896
6000000225728175885
6000000225728228859
6000000226045690878
6000000226045818868
6000000226045871826
6000000226045900842
6000000226186965965
6000000226187521917
6000000226187624920
6000000226187947836
6000000226188015858
6000000226478495839
6000000226521767890
6000000226524480821
6000000227378282822
6000000227410969045
6000000227411385902
6000000227411398862
6000000227411443856
6000000227411468845
6000000227411476859
6000000227411514834
6000000227411677824
6000000227411695821
6000000227412168926
6000000227412378867
6000000227412378878
6000000227476047828
6000000227488972839
6000000227513637856
835783
835784
836128
836422
836477
