303312940150004053
303788801260001777
3084988
3085030
311617510320006438
334218200430014507
334218808590005287
334219129760013533
334219497470014523
334219714080004569
334220216140014524
334221263180011942
334221475030013545
334221930470014534
348068717730007152
361139994770011600
361141065770007660
367098851070007172
367099169970004010
367101542550003859
367101726380011997
372932026170007728
372936155170003619
372937222840007758
372937925390013011
372938299760011585
372938716720012735
372939546380012714
372939871570003577
379832162840011998
379850983440011029
379851211060013883
379897604300013792
382807804670012296
387968735170002878
387970957850005726
387974922460010433
387976171790002883
387979187640002863
387980533900006255
387980919830003123
387990668350012387
387994469540005723
388737634080002044
4050030393450010307
4131741
4131757
4162524587120022407
4162533746660079303
4162625886710044836
4165621197740030842
4165625522950070717
4165626544310082198
4165629079770024524
4165631553060082109
4165640422950048058
4165642689310081793
4165718780790057815
4165720836500060512
4174006412460124345
4174059216600049165
4174073182410073197
4174087754130063268
4174094560550062885
4191284489550027752
4218149
4218905
4218943
4281785153720060376
4281809381800034056
4288954
4298616377890026746
4324497597930120361
4337459070980036070
4359575116480013978
4365109677040028091
4365268271040121263
4372895822240037263
4372901692620124756
4372903365750036376
4372904530550029068
4372905437450028704
4372906769370028922
4372907615900063651
4372908673090040863
4372910580020029105
4372911710270050808
4372913256140051805
4372914369100014699
4373661611970088192
4373663491880040833
4373664548150036757
4373667079760125355
4373668624630072863
4373670023560014057
4373671931710065035
4373673064890051157
4373674241910088545
4373691395000088612
4373694650370124954
4373697434230028645
4373698621990065596
4373702557060063604
4373703764220065505
4373704875260072425
4373706258590072969
4373707199140124120
4373708506020072799
4373711559770124721
4373712530790028995
4389737597750035132
4397944816380037104
4398380805960071105
4398383538100051121
4398422394580024852
4398432270180084622
4398535963690123672
4398539740780084208
4398566528420064894
4399178026930036092
4399180826680084328
4399183881530051339
4399189389570071550
4399193539890084719
4399194822600123412
4399228603570084309
4399374113380071231
4405258068690040671
4535720589790051214
4535889449670041701
4553982849730023645
4568009929960120401
4568009945930027167
4568016146940068023
4568021454770027171
4568045389470082137
4570079845020016705
4584598864250020929
4584688105970125346
4584691621470031055
4584697646140125407
4584704094790125826
4584708837290086552
4584725709620126041
4584727407100042224
4584744613290126098
4584746635790030768
4584751605120041876
4584754327420021205
4584758474960125752
4584788611050063705
4584790089510071993
4584791573150125676
4584793183780064256
4606451646930058097
4606492196630034296
4606626839900056810
4606637161130068240
4611057549460048078
4611082057000036828
4611100325630047942
4614061500580058439
4696313101710021841
4708395672970069129
4712748206050124733
4726646
4728473
4777190
4795750554760020867
4795754781340041882
4795826149830076910
4795828094040068133
4795829805250081558
4795831646590024918
4795833442600042107
4795836326630042392
4795838412580076891
4795840969600123704
4795843706920081209
4853992658170035022
4861245753540066976
4861282611370030471
4890526291730128592
4932070653450026677
4938887212980041697
4938891621250110938
4949037057160089739
4967062636970028832
4967982076170029015
4992129203800020775
4992215867270127004
4992372053810079957
5003376367220121437
5004955257920034145
5004983335880074679
5005070297940034022
5005081633030034668
5005091865430086166
5005117132780117156
5005151048670058255
5005299090810121238
5005306379460034300
5009823244390074694
5009837727410066114
5009837820770066120
5009844120310058405
5009855846520074474
5010870140410138033
5011332512690137895
5026851787980123887
5072780579920127230
5072817588660039799
5072827479080080006
5072987543550089897
5133250894560065904
5146684572080084796
5158144534940074521
5161713706160067504
5176594943770023669
5180577145730109016
5180577160210109022
5181209014740025815
5181212051270068941
5181221064340114161
5181237537380075168
5181241926410131883
5181241950910131889
5181311278840131866
5182201075690069161
5182223289140075715
5182225600350109190
5182225636810109196
5182774766580069448
5183022471400068936
5183050836420075565
5201077449930135178
5207550426010106399
5208541684980062149
5208548163060127257
5259427602940072441
5266213224230085361
5266217667280139626
5266220807550058509
5266239807240120957
5332341468290058059
5335371025180074934
5335420141680031753
5335425433170024255
5390948500430064456
5396477954330043694
5396494334800128808
5396494364060128814
5396497468190025248
5407991352100026512
5423474697360130576
5432999771370108936
5434432115860029705
5434783251950116031
5434792052850115610
5434792413010115616
5435017325300102807
5459722783080115017
5474193175550056024
5474198001290129813
5495204028610073690
5544987689400116777
5545406665910080741
5549356095670081183
5555546011860043172
5562540733730043544
5562552403870043912
5564232837420113320
5569531519920066590
5569536483510066483
5569541242450071935
5569548875630100994
5569554385930056336
5569562010050084681
5569575894670038870
5569583347460084331
5571528243010114407
5571532810210038690
5571622648070084535
5571630184070038889
5571633951280114873
5571637327430101797
5571640860060044965
5571647752330101606
5571655799420055784
5571830182960055699
5572366147170115420
5606688267390048099
5606691399890075267
5606694748860032429
5606711563510058897
5606718980540102236
5613830820160121557
5616912427530029372
5616937244400088333
5616960126350088073
5616975901980088114
5628383039820077825
5628410053840052236
5642937174890127052
5651173427090138585
5651180237150056306
5651321744660039450
5654251264600084557
5711230028490036591
5711409792280042558
5719614839980043962
5719665720580137499
6000000000023602577
6000000000023655580
6000000000068941416
6000000000068958184
6000000000068988067
6000000000068993217
6000000000111193452
6000000000123282843
6000000000123308579
6000000000123315887
6000000000123445114
6000000000123472023
6000000000123706698
6000000000123764249
6000000000123807503
6000000000124221627
6000000000125725883
6000000000125726985
6000000000125765089
6000000000125898312
6000000000131121240
6000000000138112376
6000000000146755567
6000000000153698812
6000000000153728467
6000000000153746434
6000000000153801047
6000000000166475220
6000000000166510108
6000000000171582166
6000000000171705883
6000000000171898316
6000000000171917596
6000000000171921530
6000000000171924984
6000000000171934561
6000000000171954467
6000000000171958977
6000000000171972352
6000000000171986046
6000000000172022860
6000000000172037043
6000000000172047397
6000000000172072344
6000000000172148130
6000000000172164126
6000000000172201028
6000000000172202281
6000000000176333383
6000000000176377278
6000000000176407132
6000000000176472456
6000000000176473789
6000000000176657097
6000000000178334511
6000000000178334563
6000000000178446143
6000000000178495080
6000000000178507534
6000000000183516624
6000000000183677356
6000000000185166799
6000000000185367268
6000000000185523047
6000000000193145185
6000000000201816874
6000000000201817974
6000000000201900507
6000000000201908605
6000000000201914487
6000000000201935126
6000000000201973248
6000000000202070016
6000000000215497464
6000000000215497624
6000000000215497640
6000000000219240743
6000000000219308586
6000000000219314363
6000000000229319593
6000000000232966923
6000000000241956365
6000000000253835173
6000000000255374472
6000000000255394475
6000000000255630308
6000000000255846857
6000000000256071365
6000000000256180454
6000000000256311293
6000000000256335941
6000000000256524183
6000000000256534223
6000000000257081582
6000000000257167382
6000000000257342309
6000000000259759188
6000000000259792081
6000000000259824037
6000000000259891017
6000000000259946757
6000000000262584906
6000000000262765421
6000000000262921184
6000000000264339043
6000000000264385732
6000000000264503325
6000000000264718230
6000000000264726644
6000000000264777529
6000000000271155072
6000000000271160238
6000000000271194030
6000000000271199045
6000000000272664210
6000000000276861928
6000000000277017963
6000000000277066934
6000000000277083981
6000000000277121900
6000000000277138720
6000000000277155755
6000000000277191425
6000000000277213541
6000000000277230426
6000000000277237483
6000000000277273743
6000000000277275371
6000000000277299166
6000000000296619725
6000000000297114994
6000000000297124790
6000000000297175725
6000000000297226362
6000000000297679253
6000000000301491385
6000000000301800113
6000000000301944253
6000000000302093543
6000000000302174094
6000000000302196910
6000000000302552047
6000000000306659564
6000000000309744235
6000000000309771187
6000000000314440912
6000000000314738922
6000000000314750248
6000000000314786073
6000000000314800509
6000000000314950356
6000000000314961524
6000000000314996251
6000000000319468337
6000000000334721851
6000000000340540473
6000000000340590326
6000000000347224325
6000000000367024181
6000000000368010813
6000000000368093140
6000000000368111417
6000000000368111942
6000000000368435180
6000000000393322378
6000000000393672821
6000000000393693503
6000000000393956239
6000000000402128915
6000000000402143662
6000000000402422248
6000000000402499193
6000000000402990060
6000000000407617426
6000000000409811662
6000000000409879515
6000000000410060135
6000000000410124184
6000000000410258172
6000000000433428834
6000000000433606323
6000000000435046045
6000000000456741081
6000000000458613940
6000000000458625983
6000000000458734840
6000000000458738711
6000000000458783930
6000000000458853439
6000000000458855960
6000000000458960708
6000000000458987808
6000000000459010801
6000000000459088411
6000000000459093286
6000000000459166011
6000000000459203321
6000000000459219076
6000000000459315032
6000000000459347501
6000000000461599412
6000000000461607369
6000000000461611498
6000000000461613348
6000000000461703652
6000000000477534453
6000000000485165380
6000000000489194198
6000000000490635534
6000000000490661061
6000000000490673016
6000000000490746535
6000000000491286984
6000000000491855010
6000000000491862250
6000000000492230683
6000000000499265406
6000000000513668978
6000000000513973337
6000000000514031246
6000000000522112500
6000000000593791572
6000000000594225402
6000000000601903028
6000000000602158883
6000000000611792489
6000000000625092794
6000000000625386409
6000000000628358121
6000000000633383533
6000000000633391646
6000000000634289954
6000000000634441416
6000000000635205268
6000000000639818987
6000000000641365751
6000000000641482409
6000000000648875942
6000000000648953302
6000000000658735144
6000000000659266761
6000000000667498952
6000000000667584452
6000000000667612225
6000000000667661025
6000000000703896320
6000000000704095075
6000000000704132086
6000000000713867228
6000000000723017279
6000000000746357783
6000000000746574003
6000000000746760034
6000000000746951570
6000000000747128523
6000000000747244237
6000000000747296031
6000000000750187995
6000000000750195190
6000000000750236262
6000000000750290429
6000000000750434008
6000000000750460702
6000000000750488170
6000000000750492291
6000000000750508104
6000000000750523021
6000000000750541036
6000000000750569101
6000000000750875240
6000000000751087607
6000000000751110496
6000000000751132319
6000000000751170905
6000000000751256514
6000000000751352043
6000000000759260904
6000000000765936162
6000000000797745932
6000000000797948410
6000000000798125215
6000000000798183070
6000000000798299423
6000000000801718133
6000000000801841171
6000000000807305137
6000000000815141181
6000000000826031613
6000000000833723010
6000000000868532418
6000000000868532962
6000000000868534470
6000000000868534486
6000000000868534502
6000000000868537102
6000000000868537111
6000000000868537120
6000000000868537129
6000000000868537138
6000000000868537156
6000000000868537231
6000000000868537349
6000000000868537358
6000000000868537367
6000000000868537376
6000000000868537385
6000000000868537394
6000000000868537403
6000000000868537412
6000000000868537421
6000000000868537439
6000000000868537448
6000000000868537457
6000000000868537487
6000000000868537496
6000000000868537505
6000000000868537514
6000000000868537523
6000000000868537550
6000000000868537557
6000000000868537564
6000000000868545046
6000000000868547615
6000000000868550152
6000000000877851202
6000000000879155684
6000000000882334495
6000000000882352375
6000000000907411070
6000000000907433961
6000000000907463327
6000000000907502463
6000000000907502474
6000000000907526878
6000000000907526890
6000000000907530637
6000000000907530655
6000000000907530664
6000000000907530675
6000000000907530686
6000000000907530695
6000000000907530704
6000000000907530716
6000000000907530725
6000000000907534248
6000000000907534275
6000000000907544738
6000000000907581019
6000000000941614335
6000000000941717109
6000000000942935193
6000000000943048452
6000000000943062587
6000000000977059051
6000000000977107245
6000000000981735058
6000000000996806608
6000000001000896029
6000000001000903326
6000000001000917106
6000000001000987168
6000000001001019018
6000000001023417665
6000000001023600632
6000000001023735228
6000000001133494524
6000000001133582495
6000000001324096521
6000000001326378143
6000000001327243028
6000000001363223202
6000000001364071732
6000000001366196210
6000000001366269263
6000000001368067328
6000000001368100087
6000000001368180073
6000000001368225001
6000000001368244014
6000000001373867008
6000000001414936029
6000000001414987091
6000000001415414571
6000000001415443613
6000000001499237214
6000000001511313133
6000000001580316471
6000000001619333815
6000000001655097074
6000000001667977400
6000000001671266921
6000000001671402397
6000000001677841016
6000000001678963394
6000000001679609692
6000000001679713693
6000000001679999138
6000000001681202681
6000000001681451359
6000000001686994756
6000000001687682307
6000000001699370570
6000000001699370923
6000000001699378235
6000000001699382085
6000000001699404304
6000000001699404310
6000000001699404821
6000000001699406179
6000000001699406535
6000000001699434504
6000000001699434522
6000000001699434534
6000000001699434546
6000000001699434552
6000000001699434628
6000000001699434634
6000000001699434646
6000000001699434652
6000000001699434658
6000000001699451010
6000000001699455036
6000000001699465193
6000000001699465920
6000000001699468212
6000000001699468230
6000000001699468236
6000000001699468988
6000000001699468994
6000000001699471006
6000000001699471018
6000000001699471030
6000000001699471036
6000000001699471042
6000000001699471049
6000000001699471061
6000000001699471091
6000000001699471264
6000000001699471304
6000000001699496970
6000000001699525070
6000000001699525466
6000000001699525475
6000000001699525793
6000000001699525815
6000000001699541890
6000000001699545053
6000000001699554360
6000000001699554738
6000000001699554891
6000000001699557407
6000000001699557415
6000000001699557432
6000000001699557486
6000000001699557503
6000000001699557511
6000000001699557519
6000000001699557527
6000000001699557544
6000000001699557560
6000000001699557568
6000000001699557576
6000000001699565786
6000000001699565801
6000000001699565808
6000000001699565829
6000000001699565850
6000000001699565881
6000000001699565895
6000000001699573515
6000000001699584019
6000000001699587458
6000000001699590439
6000000001724775752
6000000001735887473
6000000001754676945
6000000001754716551
6000000001754720524
6000000001754898593
6000000001756210144
6000000001758775245
6000000001758775270
6000000001758775282
6000000001758775288
6000000001758775300
6000000001758775306
6000000001758775312
6000000001758775318
6000000001758784056
6000000001758784062
6000000001758784625
6000000001758789725
6000000001758792474
6000000001758808466
6000000001758832318
6000000001758843504
6000000001758843510
6000000001758843526
6000000001758849388
6000000001758849917
6000000001758849926
6000000001758852245
6000000001758852263
6000000001758852630
6000000001758852684
6000000001758859164
6000000001758873061
6000000001758876610
6000000001758876616
6000000001758876686
6000000001758876704
6000000001758876752
6000000001758900727
6000000001758921167
6000000001758925013
6000000001758927365
6000000001758930434
6000000001758933075
6000000001758933257
6000000001758933663
6000000001758955048
6000000001758955166
6000000001758993350
6000000001758993879
6000000001759000095
6000000001759000164
6000000001759017182
6000000001759023702
6000000001759023768
6000000001759023781
6000000001759035142
6000000001759035166
6000000001759035173
6000000001759035180
6000000001759035194
6000000001759035208
6000000001759035215
6000000001759046372
6000000001759050848
6000000001759050855
6000000001759050862
6000000001759059352
6000000001759079243
6000000001767821946
6000000001768054582
6000000001796692753
6000000001797158517
6000000001807481147
6000000001809427237
6000000001851596253
6000000001864313766
6000000001865477998
6000000001886469786
6000000001889085058
6000000001896674218
6000000001896715682
6000000001904094189
6000000001904224344
6000000001904244213
6000000001904250296
6000000001904266160
6000000001904266398
6000000001904297249
6000000001904323118
6000000001904334099
6000000001908346056
6000000001922162428
6000000001924891810
6000000001924935729
6000000001925004051
6000000001944583044
6000000001969114602
6000000002105211210
6000000002116470929
6000000002125603792
6000000002176767331
6000000002176792495
6000000002176845006
6000000002194690072
6000000002209481235
6000000002247246659
6000000002247452091
6000000002247456036
6000000002247578337
6000000002257361792
6000000002259989894
6000000002260072427
6000000002267159639
6000000002267233397
6000000002272089049
6000000002272190443
6000000002272224073
6000000002272254031
6000000002303611029
6000000002303886167
6000000002303952312
6000000002303962995
6000000002383444080
6000000002427281645
6000000002444222538
6000000002471715811
6000000002477736471
6000000002501836894
6000000002501916804
6000000002536921723
6000000002566040348
6000000002587078279
6000000002588320113
6000000002590600413
6000000002595909910
6000000002596182389
6000000002649905823
6000000002650324428
6000000002653105792
6000000002653168656
6000000002653905845
6000000002665479570
6000000002667408040
6000000002667463014
6000000002667481176
6000000002667539068
6000000002691248258
6000000002692471513
6000000002692550259
6000000002692551327
6000000002763756377
6000000002763908170
6000000002805460414
6000000002826428891
6000000002857571342
6000000002896061457
6000000002896101756
6000000002896156455
6000000002929343698
6000000002929431260
6000000002929469328
6000000002929518237
6000000002932472733
6000000002939873629
6000000002939874732
6000000002939939237
6000000002939945143
6000000002940008240
6000000002945412827
6000000002945438597
6000000002957357803
6000000002957611586
6000000002969649690
6000000002969797953
6000000002969821227
6000000002973423284
6000000002981024615
6000000002981139305
6000000002994029065
6000000003013874847
6000000003013977546
6000000003015199605
6000000003017267389
6000000003017363983
6000000003017514967
6000000003018183168
6000000003023084075
6000000003025695784
6000000003027286170
6000000003028358845
6000000003040702520
6000000003041022689
6000000003041114133
6000000003041140084
6000000003044188581
6000000003044326108
6000000003048955879
6000000003073513736
6000000003073709017
6000000003075188896
6000000003079204205
6000000003090576927
6000000003090737524
6000000003090765015
6000000003098156481
6000000003152507060
6000000003152515007
6000000003166265069
6000000003175574324
6000000003175728548
6000000003175865440
6000000003196732802
6000000003246649790
6000000003246721387
6000000003246728118
6000000003246757141
6000000003246759101
6000000003328607521
6000000003330425384
6000000003366998473
6000000003378426966
6000000003378623398
6000000003378703987
6000000003378766473
6000000003378883514
6000000003378924700
6000000003441770754
6000000003441807519
6000000003442982364
6000000003453492098
6000000003454305761
6000000003493243901
6000000003493243953
6000000003493243966
6000000003493243979
6000000003493243985
6000000003493283799
6000000003496296747
6000000003573480079
6000000003574837086
6000000003574839144
6000000003579938243
6000000003580140699
6000000003584713690
6000000003584713694
6000000003584713698
6000000003584713702
6000000003584770312
6000000003584830623
6000000003584830627
6000000003584830631
6000000003584830635
6000000003584830647
6000000003584830651
6000000003584830655
6000000003584855691
6000000003584855715
6000000003584855719
6000000003584867336
6000000003584867340
6000000003584867344
6000000003584867364
6000000003584867372
6000000003584880111
6000000003584880115
6000000003584880119
6000000003589264245
6000000003589264249
6000000003589264253
6000000003589264257
6000000003589264261
6000000003624159199
6000000003631389914
6000000003632123235
6000000003637563772
6000000003637563782
6000000003637563792
6000000003637563797
6000000003637563817
6000000003637563822
6000000003637563827
6000000003637563832
6000000003637712549
6000000003637712561
6000000003637712566
6000000003646456233
6000000003646456249
6000000003646456254
6000000003646456259
6000000003646456264
6000000003691252271
6000000003717441702
6000000003723357314
6000000003723508818
6000000003723573298
6000000003724008485
6000000003724317601
6000000003724419666
6000000003724519105
6000000003734898773
6000000003735002833
6000000003736114031
6000000003736966142
6000000003736966147
6000000003736966152
6000000003792159951
6000000003793360818
6000000003805349733
6000000003805351737
6000000003805441480
6000000003805560201
6000000003805560270
6000000003805572476
6000000003805593114
6000000003805622017
6000000003814951763
6000000003815135038
6000000003842421212
6000000003842483896
6000000003842596457
6000000003842636405
6000000003842648007
6000000003842729171
6000000003842795142
6000000003842797079
6000000003842812090
6000000003842847061
6000000003847694003
6000000003926502140
6000000003926510359
6000000003979846164
6000000004074487910
6000000004228164890
6000000004228174538
6000000004228224380
6000000004228342034
6000000004287177212
6000000004296887398
6000000004296945212
6000000004297016028
6000000004328312217
6000000004328334253
6000000004328382586
6000000004328545173
6000000004328552228
6000000004390936833
6000000004560803387
6000000004560848404
6000000004629282978
6000000004629919668
6000000004629922632
6000000004629945833
6000000004629993876
6000000004630002969
6000000004630018791
6000000004630171535
6000000004630217459
6000000004630266063
6000000004630277116
6000000004636201230
6000000004636270050
6000000004682530527
6000000004682714617
6000000004682824741
6000000004682952032
6000000004682954636
6000000004682983048
6000000004683149149
6000000004683189053
6000000004691017753
6000000004691030231
6000000004691090590
6000000004691135152
6000000004691601430
6000000004829387647
6000000004829399546
6000000004831836661
6000000004839546521
6000000004840717573
6000000004879941517
6000000004880987187
6000000004976548107
6000000004990719801
6000000004990758346
6000000005070977732
6000000005080285677
6000000005080543111
6000000005101846856
6000000005101996442
6000000005102030926
6000000005102130257
6000000005102158065
6000000005102167153
6000000005125576001
6000000005344459007
6000000005403912192
6000000005403944762
6000000005404091409
6000000005404461617
6000000005404649012
6000000005425032730
6000000005428756050
6000000005573771066
6000000005573822007
6000000005585224868
6000000005585261816
6000000005585262651
6000000005585401881
6000000005585431242
6000000005585551992
6000000005585630426
6000000005588206009
6000000005588329175
6000000005603669100
6000000005608633771
6000000005608744653
6000000005616475971
6000000005617307006
6000000005759829731
6000000005759829805
6000000005759980835
6000000005760075457
6000000005760075508
6000000005760233602
6000000005760293299
6000000005760309617
6000000005760663223
6000000005760677155
6000000005760699094
6000000005760778023
6000000005760798060
6000000005770094617
6000000006089940743
6000000006090102551
6000000006090218341
6000000006093537310
6000000006099268491
6000000006099360388
6000000006131340661
6000000006131340665
6000000006131340670
6000000006131340678
6000000006131345418
6000000006131345619
6000000006131345631
6000000006131366126
6000000006131366277
6000000006131366317
6000000006131366337
6000000006131366341
6000000006131366812
6000000006131366816
6000000006131366820
6000000006131366824
6000000006131366828
6000000006131366832
6000000006131366836
6000000006131366840
6000000006131369420
6000000006131373817
6000000006131379881
6000000006131383126
6000000006147956507
6000000006159863586
6000000006160086237
6000000006179438285
6000000006179936023
6000000006191093338
6000000006191141073
6000000006205996666
6000000006206045066
6000000006206304425
6000000006206968438
6000000006207147110
6000000006207225686
6000000006207380721
6000000006207889043
6000000006209338691
6000000006209931206
6000000006231538354
6000000006232111902
6000000006232259701
6000000006233110070
6000000006241787761
6000000006241837804
6000000006244006238
6000000006277157336
6000000006277404036
6000000006321939342
6000000006356785574
6000000006357005319
6000000006357148698
6000000006357148738
6000000006357267987
6000000006357337619
6000000006357379637
6000000006357412394
6000000006357484926
6000000006357516428
6000000006357525437
6000000006357653323
6000000006357662199
6000000006357673206
6000000006357720082
6000000006357728110
6000000006357813155
6000000006358037011
6000000006358089313
6000000006358137382
6000000006358164039
6000000006358248090
6000000006358296013
6000000006365310719
6000000006365318682
6000000006365323924
6000000006365445509
6000000006365617443
6000000006365700434
6000000006365762328
6000000006365781156
6000000006365836212
6000000006365836226
6000000006418928704
6000000006418985564
6000000006419098462
6000000006419290147
6000000006436188423
6000000006579282536
6000000006579569403
6000000006588673900
6000000006588800464
6000000006588800468
6000000006588800472
6000000006588800476
6000000006588800480
6000000006588800484
6000000006588832363
6000000006589487488
6000000006590279058
6000000006590314034
6000000006591193173
6000000006598191365
6000000006598191370
6000000006598191380
6000000006598191385
6000000006598191390
6000000006598191395
6000000006603017851
6000000006603017856
6000000006603017861
6000000006603017866
6000000006603017871
6000000006603017876
6000000006603094738
6000000006603197695
6000000006603205412
6000000006603205484
6000000006603205489
6000000006603212504
6000000006603251414
6000000006603255626
6000000006603255632
6000000006603255637
6000000006603255642
6000000006603255647
6000000006603255652
6000000006603255657
6000000006603255662
6000000006603255667
6000000006603255677
6000000006603318107
6000000006603333240
6000000006603379128
6000000006603399847
6000000006603399852
6000000006603399857
6000000006603401110
6000000006603438232
6000000006603470357
6000000006603470363
6000000006603470368
6000000006603470373
6000000006603470383
6000000006603470388
6000000006603470393
6000000006603470398
6000000006603470403
6000000006603519187
6000000006603519192
6000000006603650781
6000000006603650785
6000000006603681171
6000000006603684033
6000000006603684037
6000000006603684041
6000000006603684045
6000000006603684049
6000000006603684053
6000000006603684057
6000000006603684061
6000000006603688937
6000000006603688941
6000000006603690253
6000000006603755148
6000000006603755153
6000000006603755163
6000000006603755168
6000000006603971205
6000000006603992396
6000000006604010330
6000000006604010334
6000000006604010338
6000000006604075227
6000000006604656426
6000000006604656431
6000000006604656436
6000000006604656441
6000000006660374255
6000000006663391116
6000000006711519892
6000000006711713534
6000000006711918289
6000000006714297019
6000000006744300577
6000000006793954073
6000000006794006013
6000000006795227509
6000000006795241594
6000000006795280667
6000000006795437411
6000000006795519086
6000000006795530231
6000000006795540151
6000000006796286890
6000000006801932686
6000000006815708540
6000000006835407440
6000000006837069726
6000000006837091737
6000000006837299252
6000000006837355931
6000000006837394271
6000000006837394375
6000000006837467339
6000000006837517104
6000000006912457461
6000000006920495294
6000000006959341060
6000000006959341064
6000000006959459221
6000000006959550190
6000000006998851499
6000000007079364191
6000000007079387095
6000000007097895352
6000000007102376310
6000000007142483666
6000000007142788441
6000000007142812490
6000000007142821661
6000000007142866508
6000000007142913367
6000000007144688693
6000000007232797914
6000000007232797920
6000000007232797926
6000000007232797932
6000000007232950829
6000000007232950837
6000000007232950848
6000000007241202840
6000000007295046372
6000000007297736665
6000000007329130180
6000000007329869294
6000000007336123270
6000000007338937382
6000000007339148351
6000000007386423450
6000000007409553636
6000000007437078086
6000000007464988693
6000000007515343844
6000000007543093114
6000000007587017905
6000000007587349318
6000000007587367325
6000000007693601453
6000000007708642722
6000000007708851567
6000000007708960317
6000000007722074372
6000000007727265732
6000000007753024465
6000000007753024478
6000000007753024493
6000000007753024665
6000000007753994499
6000000007753995176
6000000007754008854
6000000007754008864
6000000007754008868
6000000007754008874
6000000007754009088
6000000007754037750
6000000007754037756
6000000007754037770
6000000007754037808
6000000007754037996
6000000007754038013
6000000007754038017
6000000007754038027
6000000007754038031
6000000007754038039
6000000007754038043
6000000007754192042
6000000007754192094
6000000007754192107
6000000007754210278
6000000007754210305
6000000007754210364
6000000007754210368
6000000007754210372
6000000007754210376
6000000007754210384
6000000007754210403
6000000007754210409
6000000007754210419
6000000007754210424
6000000007754210429
6000000007754210434
6000000007754210439
6000000007754210689
6000000007754210698
6000000007754248513
6000000007754248521
6000000007754248530
6000000007754302583
6000000007754302587
6000000007754302591
6000000007754302595
6000000007754302599
6000000007754302603
6000000007754302607
6000000007754302611
6000000007788723679
6000000007788809876
6000000007788833450
6000000007792773021
6000000007912384136
6000000007912441888
6000000007912470665
6000000007912525569
6000000007912525616
6000000007912535487
6000000007912625449
6000000007922630883
6000000007997106245
6000000008021635773
6000000008021902418
6000000008021925263
6000000008232422811
6000000008242083402
6000000008319215409
6000000008329031483
6000000008329417582
6000000008329439035
6000000008342095088
6000000008342112263
6000000008367511756
6000000008489626102
6000000008489636493
6000000008489716650
6000000008498470427
6000000008498556237
6000000008531507748
6000000008531603646
6000000008531680703
6000000008613258890
6000000008613889208
6000000008641536089
6000000008771843998
6000000008779965250
6000000008779976113
6000000008780111999
6000000008780302422
6000000008780328546
6000000008780352254
6000000008780357358
6000000008780357368
6000000008780709921
6000000008780944251
6000000008806956457
6000000008859265616
6000000008864486423
6000000008865061918
6000000008870956510
6000000008880473049
6000000008880645673
6000000008880647812
6000000008880676615
6000000008880723568
6000000008880781822
6000000008880935320
6000000008908738904
6000000008980747926
6000000008985613934
6000000008985698715
6000000008985924031
6000000008985965925
6000000008999869439
6000000009102843630
6000000009152124030
6000000009152259990
6000000009152702507
6000000009208795565
6000000009236919883
6000000009246219120
6000000009246296998
6000000009246305845
6000000009246333734
6000000009246545411
6000000009246607399
6000000009403209556
6000000009476337875
6000000009496004827
6000000009496229376
6000000009496334252
6000000009515803874
6000000009516248481
6000000009516762383
6000000009522539596
6000000009522600407
6000000009527262581
6000000009527359969
6000000009527471232
6000000009545228059
6000000009545312825
6000000009598529799
6000000009600347474
6000000009600372812
6000000009600428352
6000000009601259601
6000000009697900261
6000000009697919332
6000000009697957103
6000000009698048372
6000000009698758404
6000000009698764645
6000000009708611388
6000000009813148025
6000000009813160043
6000000009876747222
6000000009898087764
6000000009898132498
6000000009898172691
6000000009898250339
6000000009908187848
6000000009908356201
6000000009909140917
6000000009926066932
6000000009926507580
6000000009926710263
6000000009967277672
6000000009979311329
6000000010019005896
6000000010019047729
6000000010019182683
6000000010019249433
6000000010021703058
6000000010021708799
6000000010021995609
6000000010058310517
6000000010094808468
6000000010094808480
6000000010094808486
6000000010094810292
6000000010094827424
6000000010094827430
6000000010122911943
6000000010123386981
6000000010123427479
6000000010131481297
6000000010132539116
6000000010180703506
6000000010180803254
6000000010180807612
6000000010181486813
6000000010181577550
6000000010181908162
6000000010182134171
6000000010182164152
6000000010182308533
6000000010182359019
6000000010182449431
6000000010182460821
6000000010182545317
6000000010183434385
6000000010183519317
6000000010239584818
6000000010365628512
6000000010383157520
6000000010384496261
6000000010425059723
6000000010425160768
6000000010425377373
6000000010425418376
6000000010453534198
6000000010453942949
6000000010454080844
6000000010454118842
6000000010454303944
6000000010454336980
6000000010454518655
6000000010454518722
6000000010454542730
6000000010454551510
6000000010454587497
6000000010454628238
6000000010491285025
6000000010491729792
6000000010505443938
6000000010505466895
6000000010505487978
6000000010505708964
6000000010505820024
6000000010505904341
6000000010505980388
6000000010506016455
6000000010506060458
6000000010561623165
6000000010561691166
6000000010561726932
6000000010561791106
6000000010561880520
6000000010561883620
6000000010562034365
6000000010562092465
6000000010562112236
6000000010562165202
6000000010562239870
6000000010562330440
6000000010562340257
6000000010562351244
6000000010562373202
6000000010562888348
6000000010563218611
6000000010599201308
6000000010668551803
6000000010668742650
6000000010677095298
6000000010741255407
6000000010797150082
6000000010797556630
6000000010797556634
6000000010800468581
6000000010810957187
6000000010811115766
6000000010811225233
6000000010877263292
6000000010973772898
6000000010986772397
6000000010995809926
6000000010995987917
6000000010995987975
6000000011035024168
6000000011035024999
6000000011035237016
6000000011035387661
6000000011035451842
6000000011035547271
6000000011077436199
6000000011134351542
6000000011134652279
6000000011135137614
6000000011150656147
6000000011150689589
6000000011150694091
6000000011150807532
6000000011150835504
6000000011150840606
6000000011150936555
6000000011150952395
6000000011151002302
6000000011220185216
6000000011220583551
6000000011220762270
6000000011220805642
6000000011239579129
6000000011239874692
6000000011241777140
6000000011324393711
6000000011349472914
6000000011349508566
6000000011349746584
6000000011360011669
6000000011391891021
6000000011392841242
6000000011393015322
6000000011393033318
6000000011400694199
6000000011439058783
6000000011448267916
6000000011458921171
6000000011583386464
6000000011583583436
6000000011602863289
6000000011624568146
6000000011627192804
6000000011738729926
6000000011844008300
6000000011949774961
6000000011950439483
6000000012062770733
6000000012079758715
6000000012150013497
6000000012229543765
6000000012229544333
6000000012229560373
6000000012229563530
6000000012229586662
6000000012259988320
6000000012260245536
6000000012281384299
6000000012282391414
6000000012282885367
6000000012301595038
6000000012302202740
6000000012302244967
6000000012319481179
6000000012319666987
6000000012320066567
6000000012320287952
6000000012320485342
6000000012320524294
6000000012363488990
6000000012363488995
6000000012363489020
6000000012440763552
6000000012440816455
6000000012446278734
6000000012462276651
6000000012483005667
6000000012483005670
6000000012483005673
6000000012483005676
6000000012483005679
6000000012570909577
6000000012667246231
6000000012685445359
6000000012786947542
6000000012800999247
6000000012889604826
6000000012944027287
6000000012989309421
6000000013019178850
6000000013031356802
6000000013082006370
6000000013094609148
6000000013095038615
6000000013095314884
6000000013175366799
6000000013175761361
6000000013184102730
6000000013207138949
6000000013207453968
6000000013207466850
6000000013207488176
6000000013207541101
6000000013207551530
6000000013207655337
6000000013207660555
6000000013207668223
6000000013207677710
6000000013207695558
6000000013207747206
6000000013250076370
6000000013302403566
6000000013302452011
6000000013323926410
6000000013332907559
6000000013334043832
6000000013334300794
6000000013353783392
6000000013367141825
6000000013367169547
6000000013384736956
6000000013404787674
6000000013407811802
6000000013407962669
6000000013433602046
6000000013433638098
6000000013433725904
6000000013433736995
6000000013434077723
6000000013434127603
6000000013434271557
6000000013440516858
6000000013442441309
6000000013442754144
6000000013462697914
6000000013470840896
6000000013484069447
6000000013499611004
6000000013503809807
6000000013516293211
6000000013517881798
6000000013540823245
6000000013549495782
6000000013549774033
6000000013562179824
6000000013562701546
6000000013623807700
6000000013640116610
6000000013640128742
6000000013640131861
6000000013640153737
6000000013640182131
6000000013640197191
6000000013640294019
6000000013725839402
6000000013725996527
6000000013726008009
6000000013735458977
6000000013873293554
6000000013873303905
6000000013912037638
6000000013912115988
6000000013912144034
6000000013914403745
6000000013914540747
6000000013914587784
6000000013914708219
6000000013952708773
6000000014024976652
6000000014025256772
6000000014025339390
6000000014025384032
6000000014037506203
6000000014044690084
6000000014066097531
6000000014148572616
6000000014231897088
6000000014231897091
6000000014231897094
6000000014231897097
6000000014235336487
6000000014244285177
6000000014244397466
6000000014246085360
6000000014256425069
6000000014260812027
6000000014320969725
6000000014321495404
6000000014321619175
6000000014340406429
6000000014348620722
6000000014372638964
6000000014372646930
6000000014372659945
6000000014372682846
6000000014372784914
6000000014373017874
6000000014373021853
6000000014373095691
6000000014373163373
6000000014373199036
6000000014375264324
6000000014375314302
6000000014375378183
6000000014439978073
6000000014516132262
6000000014546370066
6000000014608010949
6000000014611766393
6000000014611878204
6000000014641345755
6000000014695856628
6000000014756904496
6000000014757077783
6000000014757090923
6000000014757235155
6000000014882488316
6000000014901591488
6000000014944027522
6000000015017425419
6000000015031226599
6000000015031376382
6000000015031380820
6000000015031446481
6000000015031488203
6000000015031492632
6000000015041174748
6000000015069877699
6000000015072392695
6000000015117944272
6000000015118011300
6000000015140346867
6000000015140361881
6000000015140789543
6000000015194040558
6000000015214273311
6000000015214379203
6000000015221018814
6000000015221133065
6000000015221141107
6000000015221337372
6000000015221349733
6000000015221432106
6000000015311521976
6000000015363530420
6000000015363609514
6000000015364744089
6000000015366834704
6000000015374353853
6000000015374353890
6000000015374467113
6000000015388640348
6000000015422356446
6000000015456544976
6000000015456629912
6000000015456776090
6000000015488200343
6000000015510598614
6000000015511390610
6000000015511768039
6000000015511785010
6000000015520346620
6000000015520413516
6000000015520610335
6000000015520641734
6000000015520659488
6000000015520782184
6000000015520806027
6000000015526125884
6000000015526228433
6000000015526715579
6000000015579480660
6000000015579690042
6000000015600857909
6000000015600961699
6000000015601242214
6000000015625459796
6000000015640132525
6000000015640188967
6000000015640587563
6000000015672695584
6000000015672992634
6000000015673423111
6000000015774379434
6000000015866651490
6000000015876285823
6000000015877533724
6000000015877546472
6000000015882205413
6000000015882320407
6000000015882441215
6000000015905153208
6000000015905193002
6000000015927225903
6000000015927353361
6000000015927456161
6000000015927933633
6000000015986723938
6000000015986831983
6000000016000606265
6000000016001491516
6000000016049181977
6000000016049436715
6000000016147459836
6000000016204182632
6000000016266620861
6000000016266928029
6000000016266976601
6000000016273256658
6000000016292683385
6000000016292885139
6000000016304824733
6000000016328126482
6000000016336446646
6000000016336452695
6000000016336504130
6000000016336531507
6000000016336566452
6000000016336573989
6000000016336618786
6000000016336659691
6000000016336672012
6000000016336716144
6000000016336749937
6000000016336765179
6000000016336780187
6000000016336811868
6000000016336817351
6000000016336845129
6000000016336849835
6000000016336860586
6000000016336957112
6000000016349309767
6000000016349781019
6000000016349781022
6000000016351481675
6000000016351517144
6000000016351588351
6000000016351588867
6000000016351622785
6000000016351627000
6000000016351784614
6000000016351860424
6000000016351871292
6000000016351874696
6000000016351892878
6000000016351914691
6000000016351925390
6000000016351929418
6000000016351943180
6000000016351950633
6000000016351963108
6000000016351986065
6000000016352039557
6000000016352082223
6000000016383460711
6000000016406526684
6000000016435225621
6000000016435225625
6000000016435341718
6000000016435341722
6000000016435452548
6000000016435484981
6000000016435508997
6000000016435610001
6000000016499602445
6000000016499894014
6000000016520427564
6000000016520599797
6000000016520648489
6000000016520652631
6000000016520677219
6000000016520743423
6000000016520747152
6000000016520795251
6000000016520795816
6000000016520808126
6000000016520814071
6000000016545160692
6000000016545278390
6000000016545360248
6000000016545602139
6000000016651625942
6000000016651625946
6000000016651625950
6000000016651625954
6000000016651871307
6000000016651871311
6000000016662704019
6000000016676060788
6000000016677091292
6000000016707758079
6000000016767313499
6000000016767554690
6000000016767694612
6000000016767760443
6000000016775678071
6000000016775754179
6000000016785470941
6000000016820086888
6000000016820854086
6000000016840944642
6000000016841005367
6000000016844507677
6000000016844530343
6000000016844596938
6000000016844695065
6000000016845006228
6000000016855341287
6000000016855363670
6000000016855393570
6000000016855427641
6000000016855466348
6000000016855470336
6000000016855712044
6000000016856336041
6000000016856398209
6000000016858333508
6000000016870072094
6000000016879712566
6000000016915530850
6000000016915648089
6000000016915698295
6000000016939444717
6000000016939514580
6000000016939567993
6000000016939678138
6000000016939681373
6000000016939735069
6000000016951635972
6000000016951685704
6000000016951785473
6000000016951874615
6000000016951875662
6000000016974771896
6000000016992132613
6000000016992274422
6000000017001074050
6000000017006900991
6000000017007976722
6000000017010693030
6000000017026380726
6000000017027580209
6000000017027715090
6000000017028612493
6000000017028894121
6000000017055770302
6000000017055946410
6000000017056005145
6000000017056143025
6000000017056173066
6000000017064354539
6000000017064652146
6000000017064653076
6000000017064918209
6000000017065172073
6000000017065245015
6000000017068211788
6000000017070211401
6000000017070343410
6000000017071986084
6000000017089382902
6000000017089654661
6000000017089654803
6000000017089730966
6000000017089746157
6000000017089778518
6000000017089925833
6000000017089963214
6000000017090031167
6000000017090039172
6000000017090133216
6000000017090247045
6000000017090280679
6000000017090373526
6000000017090505515
6000000017090695044
6000000017105543587
6000000017105633577
6000000017105641041
6000000017105934677
6000000017105956478
6000000017106014509
6000000017106046203
6000000017106172819
6000000017106405327
6000000017106430754
6000000017106471246
6000000017106543596
6000000017106547194
6000000017106558596
6000000017123963779
6000000017124323534
6000000017124459773
6000000017124734182
6000000017124746214
6000000017139288449
6000000017145146016
6000000017154223809
6000000017154668553
6000000017183826294
6000000017183857216
6000000017183914640
6000000017183964242
6000000017183978078
6000000017215114829
6000000017215319605
6000000017215460331
6000000017229573305
6000000017274139588
6000000017274208807
6000000017274376239
6000000017274455089
6000000017328116906
6000000017345005982
6000000017345240858
6000000017345322942
6000000017345367874
6000000017345367924
6000000017345382784
6000000017345427739
6000000017345462794
6000000017345481881
6000000017345483341
6000000017345491806
6000000017345499594
6000000017345526470
6000000017345527137
6000000017345531315
6000000017345542354
6000000017345552222
6000000017345559189
6000000017345563234
6000000017345576376
6000000017345592270
6000000017345592316
6000000017345614182
6000000017345617094
6000000017345637220
6000000017345667060
6000000017345669014
6000000017345724038
6000000017358351928
6000000017398517769
6000000017399253274
6000000017399378555
6000000017400542210
6000000017406211478
6000000017406282393
6000000017406394620
6000000017406444172
6000000017406457146
6000000017406463176
6000000017406502011
6000000017406534009
6000000017407368968
6000000017408086057
6000000017425153612
6000000017425315658
6000000017425403298
6000000017425500112
6000000017439470618
6000000017440164073
6000000017453505559
6000000017466468977
6000000017509020443
6000000017518313515
6000000017547948703
6000000017604206871
6000000017604434419
6000000017604437853
6000000017604658098
6000000017606854994
6000000017606914226
6000000017607021306
6000000017607053134
6000000017610550975
6000000017610772319
6000000017618274904
6000000017618388165
6000000017618436151
6000000017618964127
6000000017653717153
6000000017710447088
6000000017711043312
6000000017719682610
6000000017719983809
6000000017719986290
6000000017720099033
6000000017720270852
6000000017720324223
6000000017720368688
6000000017720506557
6000000017720577343
6000000017768727977
6000000017768982321
6000000017769220476
6000000017799590740
6000000017799632847
6000000017807076771
6000000017826375504
6000000017826582641
6000000017826583647
6000000017826641988
6000000017826668777
6000000017826761327
6000000017826775576
6000000017826837649
6000000017826889567
6000000017826910090
6000000017830707723
6000000017831694263
6000000017831917122
6000000017832259395
6000000017836941966
6000000017836987750
6000000017845019793
6000000017858686985
6000000017859699086
6000000017877840480
6000000017888944899
6000000017889180890
6000000017889394184
6000000017889449083
6000000017889472010
6000000017898993299
6000000017899486457
6000000017900231218
6000000017957436189
6000000017974002919
6000000017975487557
6000000017985720330
6000000017985806321
6000000018012211455
6000000018051998366
6000000018052050909
6000000018052191080
6000000018052247208
6000000018058599903
6000000018088453862
6000000018156987591
6000000018172074938
6000000018172229493
6000000018204564176
6000000018204675164
6000000018218968639
6000000018243434469
6000000018289440838
6000000018295992511
6000000018297940293
6000000018298378704
6000000018305203645
6000000018306215235
6000000018306267295
6000000018434928875
6000000018435093267
6000000018435453537
6000000018530379941
6000000018532067393
6000000018546144266
6000000018569649041
6000000018650095540
6000000018650100569
6000000018723524412
6000000018761295270
6000000018761304327
6000000018767074572
6000000018767074576
6000000018767309234
6000000018767309238
6000000018767309242
6000000018767309246
6000000018824667784
6000000018824694336
6000000018824844305
6000000018834865625
6000000018834882423
6000000018834945396
6000000018842379138
6000000018842419799
6000000018861033447
6000000018861085165
6000000018861479964
6000000018861511219
6000000018861804391
6000000018861812507
6000000018878903879
6000000018879143661
6000000018881547771
6000000018881547775
6000000018881547779
6000000018881547783
6000000018881806497
6000000018881904206
6000000018881904210
6000000018881939278
6000000018888653568
6000000018897742283
6000000018897970073
6000000018897970083
6000000018922086552
6000000018925371633
6000000018925504384
6000000018925525559
6000000018940173038
6000000018940876652
6000000018940876660
6000000018940910753
6000000018940976321
6000000018941188080
6000000018941239063
6000000018941264027
6000000018979040682
6000000019001515713
6000000019001917124
6000000019002312005
6000000019003091199
6000000019003224082
6000000019003224086
6000000019003224090
6000000019023485547
6000000019023731610
6000000019023737727
6000000019023816397
6000000019023961245
6000000019056174549
6000000019056244723
6000000019056449330
6000000019056590074
6000000019093636339
6000000019105527182
6000000019105536294
6000000019105542258
6000000019105555455
6000000019112404743
6000000019112680742
6000000019112718238
6000000019112738369
6000000019112973051
6000000019113056296
6000000019113086077
6000000019163852634
6000000019164128702
6000000019164128707
6000000019164354558
6000000019190839134
6000000019190839138
6000000019190839142
6000000019191279428
6000000019191279432
6000000019211859322
6000000019214111121
6000000019214256351
6000000019214256356
6000000019214256366
6000000019214256371
6000000019214426345
6000000019214426350
6000000019214426355
6000000019214426360
6000000019221400975
6000000019221400985
6000000019252932430
6000000019282406227
6000000019282430680
6000000019282443216
6000000019282444337
6000000019282451309
6000000019282600062
6000000019297278276
6000000019326195306
6000000019326269048
6000000019326316032
6000000019336961852
6000000019362653576
6000000019442660259
6000000019497807106
6000000019497891198
6000000019498205189
6000000019558070496
6000000019624837173
6000000019676782997
6000000019751746011
6000000019941292480
6000000019941304469
6000000020041975271
6000000020197717837
6000000020243108656
6000000020243653841
6000000020243684303
6000000020243725101
6000000020268345158
6000000020268368746
6000000020268509876
6000000020268529809
6000000020283256270
6000000020329624999
6000000020329665609
6000000020329966130
6000000020330003922
6000000020330056860
6000000020330063104
6000000020330290823
6000000020330301542
6000000020330415744
6000000020330439551
6000000020330463534
6000000020330549393
6000000020330552404
6000000020330593281
6000000020330596078
6000000020330625254
6000000020330626319
6000000020330703803
6000000020330867308
6000000020330881070
6000000020330926311
6000000020331116174
6000000020340602711
6000000020352058520
6000000020352186905
6000000020445546842
6000000020445755216
6000000020474775272
6000000020502479092
6000000020561008735
6000000020561390163
6000000020561462825
6000000020561465854
6000000020571768837
6000000020653988131
6000000020654062222
6000000020654118044
6000000020721766385
6000000020857475028
6000000020857550515
6000000020857583089
6000000020896684086
6000000020896711974
6000000020921940636
6000000020975082679
6000000020975419768
6000000020975675726
6000000020975709567
6000000020975715741
6000000020975717500
6000000020975723456
6000000020975745081
6000000020975775675
6000000020975802254
6000000020975807210
6000000020975828299
6000000020975850979
6000000020975852675
6000000020975853004
6000000020975937014
6000000020975994867
6000000020975997864
6000000020976012960
6000000021177906906
6000000021178532880
6000000021232942491
6000000021236625823
6000000021302533802
6000000021412765269
6000000021438831557
6000000021438952713
6000000021439098253
6000000021476548462
6000000021477330963
6000000021492763479
6000000021492853601
6000000021492904387
6000000021492916494
6000000021492925573
6000000021492937663
6000000021493005263
6000000021493023279
6000000021493216895
6000000021503638564
6000000021503638568
6000000021503638572
6000000021503638576
6000000021504001534
6000000021504532904
6000000021504538681
6000000021504604143
6000000021504674458
6000000021504742159
6000000021504751178
6000000021504752107
6000000021504816024
6000000021504890732
6000000021504962635
6000000021505057439
6000000021505064335
6000000021505267159
6000000021505285308
6000000021505289321
6000000021505334178
6000000021505346050
6000000021505349103
6000000021505377006
6000000021505419976
6000000021505442084
6000000021505452860
6000000021505465899
6000000021594280632
6000000021594399338
6000000021606615430
6000000021990817676
6000000021990853747
6000000021991055564
6000000021991083120
6000000021991138936
6000000021991336754
6000000021991341817
6000000021991379634
6000000021991539057
6000000022019279681
6000000022019399268
6000000022019670260
6000000022029382112
6000000022144716456
6000000022438606146
6000000022643218101
6000000022653221302
6000000022783217552
6000000022792709843
6000000022792989120
6000000022922249790
6000000022922487429
6000000022922613991
6000000022922615946
6000000022922657862
6000000022922667839
6000000022922691837
6000000023002943841
6000000023076229752
6000000023076463583
6000000023076800097
6000000023076872201
6000000023076912060
6000000023077062092
6000000023077102977
6000000023077135844
6000000023216866175
6000000023216875987
6000000023216926309
6000000023216927305
6000000023216943167
6000000023216948168
6000000023216959300
6000000023216980028
6000000023216989061
6000000023217007100
6000000023217015095
6000000023217115014
6000000023252297479
6000000023252574391
6000000023262827738
6000000023263178393
6000000023263355338
6000000023263482578
6000000023263507452
6000000023263654271
6000000023263777117
6000000023263810927
6000000023358790808
6000000023403727404
6000000023403776324
6000000023404028047
6000000023496780429
6000000023713634287
6000000023713926297
6000000023713926302
6000000023713950030
6000000023713950035
6000000023713968146
6000000023757524456
6000000023785060796
6000000023785218286
6000000023785331104
6000000023785509689
6000000023785593781
6000000023785618357
6000000023785636269
6000000023785676713
6000000023785711886
6000000023785717956
6000000023785757615
6000000023785758358
6000000023785771466
6000000023785821492
6000000023785828981
6000000023785831404
6000000023785937574
6000000023786055870
6000000023786061978
6000000023786076985
6000000023786109000
6000000023786199841
6000000023883576552
6000000023883737690
6000000023884095316
6000000023896472652
6000000023896594650
6000000023896606437
6000000023896633373
6000000023896701452
6000000023896715151
6000000023896806151
6000000023896815386
6000000023896842919
6000000024024045749
6000000024156877926
6000000024248331698
6000000024249014313
6000000024249115618
6000000024295247601
6000000024296477434
6000000024321828070
6000000024420235762
6000000024420333493
6000000024627137934
6000000024696564392
6000000024696564406
6000000024905535524
6000000024919355844
6000000024961162621
6000000024961162625
6000000024962200207
6000000025085308369
6000000025140522481
6000000025488573835
6000000025515285714
6000000025524626817
6000000025542747062
6000000025553197906
6000000025609542975
6000000025927190538
6000000025927650320
6000000025927712962
6000000026149201806
6000000026149507783
6000000026149554783
6000000026149713675
6000000026149754482
6000000026149893425
6000000026150012810
6000000026150044158
6000000026150128103
6000000026150184541
6000000026150338269
6000000026150349260
6000000026150436028
6000000026150511838
6000000026151190659
6000000026151392508
6000000026151402758
6000000026151505691
6000000026151516274
6000000026151525435
6000000026151537387
6000000026151550188
6000000026151550235
6000000026151576341
6000000026151646331
6000000026151677766
6000000026151690143
6000000026151698034
6000000026151727189
6000000026151751396
6000000026151759159
6000000026151791862
6000000026151819978
6000000026151909822
6000000026178549103
6000000026187895338
6000000026229624148
6000000026229669097
6000000026229750137
6000000026259799536
6000000026259872452
6000000026260040796
6000000026260338849
6000000026327349072
6000000026442038886
6000000026522031541
6000000026523663479
6000000026524021035
6000000026524030943
6000000026537463398
6000000026537526515
6000000026537717488
6000000026537817256
6000000026537960848
6000000026538215014
6000000026538262420
6000000026548961813
6000000026550667370
6000000026550766772
6000000026550803399
6000000026551164091
6000000026621352415
6000000026621512265
6000000026621575532
6000000026621679843
6000000026681879540
6000000026682614489
6000000026682994209
6000000026683016918
6000000026684616445
6000000026732392629
6000000026732675500
6000000026733142801
6000000026733195452
6000000026733240715
6000000026733261454
6000000026733428201
6000000026733451683
6000000026733485455
6000000026733502501
6000000026733544820
6000000026733560326
6000000026733565122
6000000026733571392
6000000026733603145
6000000026733613665
6000000026733679956
6000000026733730175
6000000026733891223
6000000026733958093
6000000026768265013
6000000026854626753
6000000026855153955
6000000026892533663
6000000026893051296
6000000026893269058
6000000026921402255
6000000026963935524
6000000026983863667
6000000026986957756
6000000026991713166
6000000027005106586
6000000027005208204
6000000027005296775
6000000027005531961
6000000027005553915
6000000027005639880
6000000027005662091
6000000027005728830
6000000027005796784
6000000027005933524
6000000027006001298
6000000027006085763
6000000027087492587
6000000027196522570
6000000027215399499
6000000027271385309
6000000027271448179
6000000027312742636
6000000027312992383
6000000027313602751
6000000027313638390
6000000027326638767
6000000027345527364
6000000027346861339
6000000027346971314
6000000027347026023
6000000027347038318
6000000027347307047
6000000027347398515
6000000027347425018
6000000027347518920
6000000027371437644
6000000027371534470
6000000027371566756
6000000027372511328
6000000027372880630
6000000027373067506
6000000027373427532
6000000027374402231
6000000027374403198
6000000027374473034
6000000027374498037
6000000027374546853
6000000027374705527
6000000027374917483
6000000027438093438
6000000027438162802
6000000027438193161
6000000027438312147
6000000027438424534
6000000027438442448
6000000027438564303
6000000027438601942
6000000027438649162
6000000027544023264
6000000027544134343
6000000027556843599
6000000027557209550
6000000027558095647
6000000027558403653
6000000027558647968
6000000027593959764
6000000027594144727
6000000027594281543
6000000027594299568
6000000027594434703
6000000027594496071
6000000027594550255
6000000027594703108
6000000027594707031
6000000027596326425
6000000027596498409
6000000027596530332
6000000027596539163
6000000027596615459
6000000027596799841
6000000027596813110
6000000027596827929
6000000027613576671
6000000027613705436
6000000027613742380
6000000027613841954
6000000027726668459
6000000027727017116
6000000027761613550
6000000027762745786
6000000027781209598
6000000027878424398
6000000028041909016
6000000028189369376
6000000028189429595
6000000028189437431
6000000028228723567
6000000028228747552
6000000028228936955
6000000028228993006
6000000028242469654
6000000028243941820
6000000028244044995
6000000028244100978
6000000028244260050
6000000028244264324
6000000028336755170
6000000028336776900
6000000028396273589
6000000028396487684
6000000028396656863
6000000028543533698
6000000028874037331
6000000028874408889
6000000028977631211
6000000028996908135
6000000029120065522
6000000029158369477
6000000029283136744
6000000029283223575
6000000029283763165
6000000029307231675
6000000029307457809
6000000029341930418
6000000029342094195
6000000029343140054
6000000029343192956
6000000029367702998
6000000029430738644
6000000029431276891
6000000029530083196
6000000029582253478
6000000029582378763
6000000029582540197
6000000029882055758
6000000029882549358
6000000029882558564
6000000029882850163
6000000029882924097
6000000029906360958
6000000030062451484
6000000030346581255
6000000030349209292
6000000030349364154
6000000030349687110
6000000030351155805
6000000030352222400
6000000030352275003
6000000030352339679
6000000030412773745
6000000030457196891
6000000030549395785
6000000030549632148
6000000030550009854
6000000030554475749
6000000030554627663
6000000030554785330
6000000030555832996
6000000030555965922
6000000030565466269
6000000030570010871
6000000030578133541
6000000030578595415
6000000030598839968
6000000030598847272
6000000030598963289
6000000030662044073
6000000030662072038
6000000030662099907
6000000030663559955
6000000030665235328
6000000030665387067
6000000030737091229
6000000030737139965
6000000030737182925
6000000030853875157
6000000030853947179
6000000030854536313
6000000030854815093
6000000030855014795
6000000030855291500
6000000030855445516
6000000030855831420
6000000030882633991
6000000030885060905
6000000030885961201
6000000030885998376
6000000030886040091
6000000030886133143
6000000030886168424
6000000030886177150
6000000030886177367
6000000030886188062
6000000030886215091
6000000030886217016
6000000030886362931
6000000030945071930
6000000031030970529
6000000031034557461
6000000031034635418
6000000031052103910
6000000031052243607
6000000031052375348
6000000031052400486
6000000031052420166
6000000031052469113
6000000031052624830
6000000031235403604
6000000031235484491
6000000031325789430
6000000031325920820
6000000031325928712
6000000031325973020
6000000031325975412
6000000031326002977
6000000031326431172
6000000031326574826
6000000031326581856
6000000031326594823
6000000031440550789
6000000031440643555
6000000031440782183
6000000031440930927
6000000031834643347
6000000031836228964
6000000031858066689
6000000031858171656
6000000031858347470
6000000031858589291
6000000032163009274
6000000032513802021
6000000032587558313
6000000032588033026
6000000032588056871
6000000032649436639
6000000032703499395
6000000032703607955
6000000032703710024
6000000032704197577
6000000032704213279
6000000032704224325
6000000032704240827
6000000032705558481
6000000032705845932
6000000032819361902
6000000032823900532
6000000032823972776
6000000032824274122
6000000032826659488
6000000032846107750
6000000032955814397
6000000032958148312
6000000032958198030
6000000032977760379
6000000032977950567
6000000032978044454
6000000032978070307
6000000032979681275
6000000032982075995
6000000032982396734
6000000032982768597
6000000032982904973
6000000032982941935
6000000032982965366
6000000032982980931
6000000032983068055
6000000032983101957
6000000032983105313
6000000032983145054
6000000032983164914
6000000032983244928
6000000032983382378
6000000032983853807
6000000032984220331
6000000033146194887
6000000033147815152
6000000033249451226
6000000033250293367
6000000033250293372
6000000033250695300
6000000033251365832
6000000033263779068
6000000033267928791
6000000033267945083
6000000033267952303
6000000033268099596
6000000033268162491
6000000033268166413
6000000033268280286
6000000033268316072
6000000033268374877
6000000033268621821
6000000033400370905
6000000033400579845
6000000033461905665
6000000033462200531
6000000033462431040
6000000033462511845
6000000033506816395
6000000033536199640
6000000033536334313
6000000033536776910
6000000033542897717
6000000033622124706
6000000033622181845
6000000033622769954
6000000033622849875
6000000033832956758
6000000033833026729
6000000033833426282
6000000033834013936
6000000033865219474
6000000033865219479
6000000033865219484
6000000033930750281
6000000034084084804
6000000034084215762
6000000034084223332
6000000034084271449
6000000034084499492
6000000034084506788
6000000034084524431
6000000034084574255
6000000034084630389
6000000034084746564
6000000034085313979
6000000034085323832
6000000034096161730
6000000034097058966
6000000034097246991
6000000034122649690
6000000034124322834
6000000034138191852
6000000034139216467
6000000034143682801
6000000034145269965
6000000034174085293
6000000034195025124
6000000034195227709
6000000034195454743
6000000034195799277
6000000034195857888
6000000034196369239
6000000034196527148
6000000034215539402
6000000034225372535
6000000034225379344
6000000034226975069
6000000034227464856
6000000034227973737
6000000034228229636
6000000034228326428
6000000034228398452
6000000034228416205
6000000034228647106
6000000034228808851
6000000034228808929
6000000034228820917
6000000034314493306
6000000034314525283
6000000034320042328
6000000034324430914
6000000034375874429
6000000034375952260
6000000034375954347
6000000034376365033
6000000034376499950
6000000034376527981
6000000034458915504
6000000034459080494
6000000034459881030
6000000034460131929
6000000034460344403
6000000034461238942
6000000034524537308
6000000034524965845
6000000034526033979
6000000034571674784
6000000034596923090
6000000034597084585
6000000034597102919
6000000034597280917
6000000034597289805
6000000034597366829
6000000034597594832
6000000034597718154
6000000034597858711
6000000034599246985
6000000034599383844
6000000034609908765
6000000034609948699
6000000034610214604
6000000034610415196
6000000034610976911
6000000034610999906
6000000034611070844
6000000034611070863
6000000034614620957
6000000034627860725
6000000034628355055
6000000034628424507
6000000034628732138
6000000034629271327
6000000034629601851
6000000034629610986
6000000034646677290
6000000034646761316
6000000034647166903
6000000034682276309
6000000034682411500
6000000034682509980
6000000034682589043
6000000034682627910
6000000035025462082
6000000035025668985
6000000035083699965
6000000035083699970
6000000035188105801
6000000035190723910
6000000035195233488
6000000035230555513
6000000035236709710
6000000035372355315
6000000035420985385
6000000035421150043
6000000035421384941
6000000035530030698
6000000035530402300
6000000035530497520
6000000035530855840
6000000035530986029
6000000035531209952
6000000035539923359
6000000035540315039
6000000035540370119
6000000035540395963
6000000036066404274
6000000036066790856
6000000036093003856
6000000036538898354
6000000036539239038
6000000036539298876
6000000036679468914
6000000036848477968
6000000036848786836
6000000036867219344
6000000037135404276
6000000037135708870
6000000037135829963
6000000037186687386
6000000037187060016
6000000037187515562
6000000037188063564
6000000037365300057
6000000037366095990
6000000037524349487
6000000037543410319
6000000037582219667
6000000037661868951
6000000037661914900
6000000037662036822
6000000037671118895
6000000037672663403
6000000037672949070
6000000037808382510
6000000037811128394
6000000037811236952
6000000037840096821
6000000037884735791
6000000037989108788
6000000038072575998
6000000038072696979
6000000038072728092
6000000038072814111
6000000038072925909
6000000038072957949
6000000038457884553
6000000038457997164
6000000038586330927
6000000038586783117
6000000038736370889
6000000038737247556
6000000038740445032
6000000038791832985
6000000039205641321
6000000039212830782
6000000039213370863
6000000039235540575
6000000039235719320
6000000039235778358
6000000039236019636
6000000039236154555
6000000039236306177
6000000039236488209
6000000039236652537
6000000039236782025
6000000039236879068
6000000039308451954
6000000039308697878
6000000039308850028
6000000039308872737
6000000039309019959
6000000039309028934
6000000039309039478
6000000039309174120
6000000039309191225
6000000039309708090
6000000039310532958
6000000039569275996
6000000039569378909
6000000039572559595
6000000039613657490
6000000039614011012
6000000039614018209
6000000039614046712
6000000039614339551
6000000039614663010
6000000039990950377
6000000040059448151
6000000040059537017
6000000040059555950
6000000040059586863
6000000040059730490
6000000040060037991
6000000040109634512
6000000040110085852
6000000040214525126
6000000040592850441
6000000040615920558
6000000040615920562
6000000040615920566
6000000040615920570
6000000040615920574
6000000040615920578
6000000040700510117
6000000040725885550
6000000040738407668
6000000040738472573
6000000040738873025
6000000040822784782
6000000040822867230
6000000040822970536
6000000040823090233
6000000040823266430
6000000040823444287
6000000040896027705
6000000040975520920
6000000040977320177
6000000040977431402
6000000040977494415
6000000040977530848
6000000040977549919
6000000040996253459
6000000041168146274
6000000041168522193
6000000041190890983
6000000041191011918
6000000041191011922
6000000041191011926
6000000041191011930
6000000041191345066
6000000041191345070
6000000041191345074
6000000041191345078
6000000041191345086
6000000041253854804
6000000041254300296
6000000041254300300
6000000041254300308
6000000041254300312
6000000041254300316
6000000041254300320
6000000041254300324
6000000041254300328
6000000041280623710
6000000041281021871
6000000041281032477
6000000041281206053
6000000041281250011
6000000041281324961
6000000041323918721
6000000041324576988
6000000041324576992
6000000041324576996
6000000041324577000
6000000041324577004
6000000041324577012
6000000041341356748
6000000041342230937
6000000041342995468
6000000041343248931
6000000041346457476
6000000041369746527
6000000041370034190
6000000041370034194
6000000041373725920
6000000041390197032
6000000041390200355
6000000041390200359
6000000041390200363
6000000041390200367
6000000041390200375
6000000041390251305
6000000041390860931
6000000041391422857
6000000042244511285
6000000042259193091
6000000042304174811
6000000042374554597
6000000042468279529
6000000042530006204
6000000042671794310
6000000042673966832
6000000042911512201
6000000042995866756
6000000043147231727
6000000043149427834
6000000043185485868
6000000043464589232
6000000043464589237
6000000043552730740
6000000043659597697
6000000043659995101
6000000043660000927
6000000043660344830
6000000043683125142
6000000043684355955
6000000043688660071
6000000043688802033
6000000043688861937
6000000043798256723
6000000043798909555
6000000043798909559
6000000043798909563
6000000043799249048
6000000043799534902
6000000043799681095
6000000043799684899
6000000043826221864
6000000043869963193
6000000044095797906
6000000044390063820
6000000044390070399
6000000044390320411
6000000044390392564
6000000044390550873
6000000044431667197
6000000044495139202
6000000044495227061
6000000044877831630
6000000045605588997
6000000045608683015
6000000045608949304
6000000045616018697
6000000045616330280
6000000046144966556
6000000046197847863
6000000046233750872
6000000046343688349
6000000046523241172
6000000046523404956
6000000046523426961
6000000046523525912
6000000046523528918
6000000046523650891
6000000047148626198
6000000047149396089
6000000047623691837
6000000048301478157
6000000048301478161
6000000048301478165
6000000048301478169
6000000048301478173
6000000048301478177
6000000048301478185
6000000048301478189
6000000048345600018
6000000048396432847
6000000050887807348
6000000050939496852
6000000051102114886
6000000051102197821
6000000051213304489
6000000051213861952
6000000051213874066
6000000051214087833
6000000052121397195
6000000052181624821
6000000052182301845
6000000052216755908
6000000052217763856
6000000052260825112
6000000052261953828
6000000052264599841
6000000052265365856
6000000052268410924
6000000052308351901
6000000052308364442
6000000052308763928
6000000052310061863
6000000052310964849
6000000052323809986
6000000052325667056
6000000052356836105
6000000052356864878
6000000052357026895
6000000052357947932
6000000052358000993
6000000052358309828
6000000052359540097
6000000052416384911
6000000052418708837
6000000052516277064
6000000052938597874
6000000052987266076
6000000052988018129
6000000052988042062
6000000052988064880
6000000052988193063
6000000052988234267
6000000052988881269
6000000052989211883
6000000052989304941
6000000052989376832
6000000052989640960
6000000053032395980
6000000053042552038
6000000053049966399
6000000053050365355
6000000053095553967
6000000053122915922
6000000053182704932
6000000053281715857
6000000053442035173
6000000053443702010
6000000053444369860
6000000053445990027
6000000053446346865
6000000053447200879
6000000053447264921
6000000053699902064
6000000053910295007
6000000053986296574
6000000054120665906
6000000054123673016
6000000054126550884
6000000054432232835
6000000054962204199
6000000054962369050
6000000055026473928
6000000055404274918
6000000055668530839
6000000055916268080
6000000056177703064
6000000056178282879
6000000056683604837
6000000057059921977
6000000057060665953
6000000057095459061
6000000057095693021
6000000057096115859
6000000057096134908
6000000057096226987
6000000057096610868
6000000057098322860
6000000057109830023
6000000057151522215
6000000057152093905
6000000057152154872
6000000057152480981
6000000057210967883
6000000057218795922
6000000057297732840
6000000057297912844
6000000057484026930
6000000057484111863
6000000057484418832
6000000057484598909
6000000057513127974
6000000058518212823
6000000058518256902
6000000058518345880
6000000058518401909
6000000058518928971
6000000058519064821
6000000058519174838
6000000058519593023
6000000058519645868
6000000058550051246
6000000058550469973
6000000058602989198
6000000058603489979
6000000058603606870
6000000058604993960
6000000058606124044
6000000058759595894
6000000058759745865
6000000058878790949
6000000058878883859
6000000058887699145
6000000058888086892
6000000058888706275
6000000058889508821
6000000059045308821
6000000059088648908
6000000059096751972
6000000059143640059
6000000059143997901
6000000059144599161
6000000059144892929
6000000059449203832
6000000059717087933
6000000059890848311
6000000059890937190
6000000059890963961
6000000059891325980
6000000059891335911
6000000059891450823
6000000060139798891
6000000060496284007
6000000060496452918
6000000060496565894
6000000060496639894
6000000060764113965
6000000060798408162
6000000061629173829
6000000062031033004
6000000062308911946
6000000062462406063
6000000062462765890
6000000062933787855
6000000063310597872
6000000063820915530
6000000063821487944
6000000063821602953
6000000063821716868
6000000064198557942
6000000064198613863
6000000064682903026
6000000065067068066
6000000065069632111
6000000065069939940
6000000065069981825
6000000065070271833
6000000065079795001
6000000065256384824
6000000065658651828
6000000066010342273
6000000067138906830
6000000067138906841
6000000067178301291
6000000067596433821
6000000067760152924
6000000067766440831
6000000067828854892
6000000068154131836
6000000068586384857
6000000068586384861
6000000068586384865
6000000068586730821
6000000068586730825
6000000069301678524
6000000069301924833
6000000069304184920
6000000069320974156
6000000069321091101
6000000069321268980
6000000069321280973
6000000069321412901
6000000069321424838
6000000069321425869
6000000069598506952
6000000069776308158
6000000069776308166
6000000069776308170
6000000069776883989
6000000069776883993
6000000069776883997
6000000069776884001
6000000069776884005
6000000069776884009
6000000069776884013
6000000069776884017
6000000069776884021
6000000069776884025
6000000070217856898
6000000070485961909
6000000071064392826
6000000071682698691
6000000071683841849
6000000071801982011
6000000072448405271
6000000073735227643
6000000073735529113
6000000073735797839
6000000073736151015
6000000073736288930
6000000073809963908
6000000074206910939
6000000074836427064
6000000075062481159
6000000075224814874
6000000075341758481
6000000075342261161
6000000075342356195
6000000075342407053
6000000075407897025
6000000076011573822
6000000076012001846
6000000076122653880
6000000076123163906
6000000076123196899
6000000076123430864
6000000076123815968
6000000076124920899
6000000076236991059
6000000076237018944
6000000076237218842
6000000076238595375
6000000076238789263
6000000076239182064
6000000076239383101
6000000076239745861
6000000076259408883
6000000076676648771
6000000076807735241
6000000076907665036
6000000076929543928
6000000077072161298
6000000077079435422
6000000077110980063
6000000077111718075
6000000077141246563
6000000077338868514
6000000077621770697
6000000077622677462
6000000077741255990
6000000077742954237
6000000077743709137
6000000077744304827
6000000077751921244
6000000078008451285
6000000078008606474
6000000078009291863
6000000078020685235
6000000078231389998
6000000078255888831
6000000078256010860
6000000078256360920
6000000078256418854
6000000078256445097
6000000078310029245
6000000078587582689
6000000078729712161
6000000078780378128
6000000079049211914
6000000079302001984
6000000079306952335
6000000079306978520
6000000079307265346
6000000079307680114
6000000079307850102
6000000079308005856
6000000079308043824
6000000079308099949
6000000079308255041
6000000079319934128
6000000079328026150
6000000079328226016
6000000079328456024
6000000079328531005
6000000079328861827
6000000079329193219
6000000079329921968
6000000079401167281
6000000079401965823
6000000079632976099
6000000079682482982
6000000079690994889
6000000079691055150
6000000079692231833
6000000079692429821
6000000079692873144
6000000079693617875
6000000079737844703
6000000079738151605
6000000079739527932
6000000079739599939
6000000079739650898
6000000079784465989
6000000080397329376
6000000080510641335
6000000080512067884
6000000080512148889
6000000080614188002
6000000080659851861
6000000080715291870
6000000080827809117
6000000080828186000
6000000080839567400
6000000080839567405
6000000080839567416
6000000080839567421
6000000080839567426
6000000080839934171
6000000080839934176
6000000080839934181
6000000080839934186
6000000080839934191
6000000080839934196
6000000080839934201
6000000080840076142
6000000080840076147
6000000080840076152
6000000080840076157
6000000080840142171
6000000080840142177
6000000080840142182
6000000080840142187
6000000080840432821
6000000080840450138
6000000080840450142
6000000080840450146
6000000080840450150
6000000080840450154
6000000080840450158
6000000080840766992
6000000080841727835
6000000080842042960
6000000081022546939
6000000082512687840
6000000082512807832
6000000082512933898
6000000083261406814
6000000083442510360
6000000084218077850
6000000084218464911
6000000084699632662
6000000084891513158
6000000086252136875
6000000086557050977
6000000087002996113
6000000087004253931
6000000087004279833
6000000087329200021
6000000087329289007
6000000087329309927
6000000087329454933
6000000087329474825
6000000087329596821
6000000087329828872
6000000087389162018
6000000087609779298
6000000087610425005
6000000087610429961
6000000087610464950
6000000087736173823
6000000087934323022
6000000087934781947
6000000087935198841
6000000087935304862
6000000087936143884
6000000087936194833
6000000087972701937
6000000087972966857
6000000087972970857
6000000087973546944
6000000087973688872
6000000087973691863
6000000087973900834
6000000087974035833
6000000087974395904
6000000087974438979
6000000087974750821
6000000087974763821
6000000087982055920
6000000088025964229
6000000088026795945
6000000088026996856
6000000088027129941
6000000088027261921
6000000088027461840
6000000088027721993
6000000088028377856
6000000089134099915
6000000089141218276
6000000089142583017
6000000089142629017
6000000089143092867
6000000089664509699
6000000089665842091
6000000089666205035
6000000089666725862
6000000089840455845
6000000089895991822
6000000092133551217
6000000092133886339
6000000092134044328
6000000092231720909
6000000093024300987
6000000093237889949
6000000093238898922
6000000093240250901
6000000093242885960
6000000093243198884
6000000093244222879
6000000093244497846
6000000093245872822
6000000095457217099
6000000095457217104
6000000095457217109
6000000095457217114
6000000095457217119
6000000095457217124
6000000095457217129
6000000095457217134
6000000095457217139
6000000095457293148
6000000095457293154
6000000095457293159
6000000095457293170
6000000095457485049
6000000095457784061
6000000095457784066
6000000095458664051
6000000095458664056
6000000095458664061
6000000095458664066
6000000095458664071
6000000095460692102
6000000095460692107
6000000095460692122
6000000095461293958
6000000095461293964
6000000095461293969
6000000095461293974
6000000095461293979
6000000095461293990
6000000095638584078
6000000095639782882
6000000095641741078
6000000095705410241
6000000095706225196
6000000096118506156
6000000096125566099
6000000096126412887
6000000097060143828
6000000097060143831
6000000097060143841
6000000097060143846
6000000097060143878
6000000097060143884
6000000097060143887
6000000097060143902
6000000097060143905
6000000097070998840
6000000097070998852
6000000097070998855
6000000097070998861
6000000097070998867
6000000097070998870
6000000097070998873
6000000097070998876
6000000097070998926
6000000097071109858
6000000097071109892
6000000097071109896
6000000097071109902
6000000097071265825
6000000097071265829
6000000097071265859
6000000097071265945
6000000097071265949
6000000097071265953
6000000097071265957
6000000097071265961
6000000097071265967
6000000097071265971
6000000097071265975
6000000097072450846
6000000097072450849
6000000097072450855
6000000097072450858
6000000097072450867
6000000097072450873
6000000097072450889
6000000097072450892
6000000097072451002
6000000097072451005
6000000097072451012
6000000097072451021
6000000097072451099
6000000097072451105
6000000097072451202
6000000097072451208
6000000097072451214
6000000097072451220
6000000097072451226
6000000097072451230
6000000097072451234
6000000097072451238
6000000097072451256
6000000097072451310
6000000097073110825
6000000097073110945
6000000097073111027
6000000097073111039
6000000097079339828
6000000097079339887
6000000097079339933
6000000097079339937
6000000097079339941
6000000097079339945
6000000097079339953
6000000097079339957
6000000097079339965
6000000097082138835
6000000097082138845
6000000097082138848
6000000097082138851
6000000097084015867
6000000097084015873
6000000097084015879
6000000097084015885
6000000097084015891
6000000097084015897
6000000097084015901
6000000097084015905
6000000097084015908
6000000097084015965
6000000097086817853
6000000097086817863
6000000097086817880
6000000097086817890
6000000097086817894
6000000097093252822
6000000097093252862
6000000097093252868
6000000097132095822
6000000097132095874
6000000097132095886
6000000097132095923
6000000097132095928
6000000097132095935
6000000097132095953
6000000097132095965
6000000097132095971
6000000097132095986
6000000097132095991
6000000097132095996
6000000097132096001
6000000097132096006
6000000097132096053
6000000097132096097
6000000097132096103
6000000097132096109
6000000097132096130
6000000097132096136
6000000097139440867
6000000097139440879
6000000097139440884
6000000097139440889
6000000097139440899
6000000097139440904
6000000097139440909
6000000097153554828
6000000097153554833
6000000097153554838
6000000097153554843
6000000097154433826
6000000097154433831
6000000097155634822
6000000097155634828
6000000097155634834
6000000097155933822
6000000097155933858
6000000097155933872
6000000097155933945
6000000097184509826
6000000097204034822
6000000097204034828
6000000097204034837
6000000097204034842
6000000097204034846
6000000097204034851
6000000097204034857
6000000097204034863
6000000097204034868
6000000097206776858
6000000097206776946
6000000097206776986
6000000097217513829
6000000097217513903
6000000097217513908
6000000097217513913
6000000097217513918
6000000097217513923
6000000097523885904
6000000097607521998
6000000097607522003
6000000097607917864
6000000097607917868
6000000097607917874
6000000097607917880
6000000097607917885
6000000097653140837
6000000097746530194
6000000097747128010
6000000097747685892
6000000098021950831
6000000098021950837
6000000098061105893
6000000098111012889
6000000098675329983
6000000098864106901
6000000099006174829
6000000099289708860
6000000099471265851
6000000099508493821
6000000099508867824
6000000099509287821
6000000100182351904
6000000100182351909
6000000100182351914
6000000100182351919
6000000100182351924
6000000100182351929
6000000100182351934
6000000100949930006
6000000100952177821
6000000100953949910
6000000102545851710
6000000103395029329
6000000103396002141
6000000103397258832
6000000103397337853
6000000104279777923
6000000104992795355
6000000105351678947
6000000105435974163
6000000105436944975
6000000105437580865
6000000105848636157
6000000105851323827
6000000105921247973
6000000105996527895
6000000106174301821
6000000106619113559
6000000106621159099
6000000106621179227
6000000106622365932
6000000106622539934
6000000106622755975
6000000106623107885
6000000106623294823
6000000107597935866
6000000107599547844
6000000108186532821
6000000113582438665
6000000113725479464
6000000113725479486
6000000113725479505
6000000113725479518
6000000113788537849
6000000114688121941
6000000114688269994
6000000114688305964
6000000115255393832
6000000115269347300
6000000115273276882
6000000115416639272
6000000115434477621
6000000115434477627
6000000115434477633
6000000115434477650
6000000115434477674
6000000115436406913
6000000115436406954
6000000115436406959
6000000115436406963
6000000116555844821
6000000116756067923
6000000116757039007
6000000116942003847
6000000116991045908
6000000120530068899
6000000120556265846
6000000121083101906
6000000121083101945
6000000121083301826
6000000121083301830
6000000121083301834
6000000121083301842
6000000121083301850
6000000121083301854
6000000121083301862
6000000121083301866
6000000121083301870
6000000121083301874
6000000121083301882
6000000121944704854
6000000122503617140
6000000122504764866
6000000122504848918
6000000122504882859
6000000122505734837
6000000123478413891
6000000124073825953
6000000124073825968
6000000124073825975
6000000124073825982
6000000124073825990
6000000124318447875
6000000124318506871
6000000124318506875
6000000124318506883
6000000124318506898
6000000124318506903
6000000124318506925
6000000124318506932
6000000124318506973
6000000124318506980
6000000124318506993
6000000124318506999
6000000124318507005
6000000124318507015
6000000124318507022
6000000124318507029
6000000124318507036
6000000124318507043
6000000124318507049
6000000126658124822
6000000127343252135
6000000127343408107
6000000127344448952
6000000127344676919
6000000127345047821
6000000127345097836
6000000127345668833
6000000127560398045
6000000127560911051
6000000127561347886
6000000127561687937
6000000127562021821
6000000127562031851
6000000127562313821
6000000127567464893
6000000127640450869
6000000127640451083
6000000127640451087
6000000127640451092
6000000127640451099
6000000127640451103
6000000127640451108
6000000127640451118
6000000128095290918
6000000129325576978
6000000129570022821
6000000129908187961
6000000130179682833
6000000130634182821
6000000130637577821
6000000130638434821
6000000130639458832
6000000130658324995
6000000130658517225
6000000130659849821
6000000130660029821
6000000130662267874
6000000130662341821
6000000130663951040
6000000130672071822
6000000130672080833
6000000130672303821
6000000130672381821
6000000130672472825
6000000131794164907
6000000131794426891
6000000131795900849
6000000132824459047
6000000132825654824
6000000132825837841
6000000134679931841
6000000135442663917
6000000135446623821
6000000135723948851
6000000138735821030
6000000140033461822
6000000141556859643
6000000141558064293
6000000141558912165
6000000141559278968
6000000141559299941
6000000141559338943
6000000141559442821
6000000141559674958
6000000141560171848
6000000141560188919
6000000141560190823
6000000142181810139
6000000142181810143
6000000142181810151
6000000144201759821
6000000144383338851
6000000144782648965
6000000147290128847
6000000148799007858
6000000151376347821
6000000151377905063
6000000151378954914
6000000151379060960
6000000151379257833
6000000151469095854
6000000152631548253
6000000152634954023
6000000152635985975
6000000152636296864
6000000152636349858
6000000152636515851
6000000152636534833
6000000152636572821
6000000152636573821
6000000152636717825
6000000152636718827
6000000152636759821
6000000153714177866
6000000153714529851
6000000153753653020
6000000153753911890
6000000153754045893
6000000153754231889
6000000153754793861
6000000153754867888
6000000153755017854
6000000153755363841
6000000153755466829
6000000153755471847
6000000153755480833
6000000153755516821
6000000153755520821
6000000158270098821
6000000158270661821
6000000158270705824
6000000158270817840
6000000158275380821
6000000160039391880
6000000160058721836
6000000168890249992
6000000168890972845
6000000168906332086
6000000168907268000
6000000168907497914
6000000172400097830
6000000172916727272
6000000173333409859
6000000173333410069
6000000173333410074
6000000173333410088
6000000173333410093
6000000173333410098
6000000173333410103
6000000173333410109
6000000173333410115
6000000173333499880
6000000173333499895
6000000173333499900
6000000173333499905
6000000173333499910
6000000173333499915
6000000173333499925
6000000173747049040
6000000173747049326
6000000173951432831
6000000175336394858
6000000175336658870
6000000175336658875
6000000175336658884
6000000175336658893
6000000175336658899
6000000175336658907
6000000175336658916
6000000175336658924
6000000175336658935
6000000175336658945
6000000175336658973
6000000175336658977
6000000175852025870
6000000175852025891
6000000175852025897
6000000175852025915
6000000175852025920
6000000176199267844
6000000176199493843
6000000176199848882
6000000176200242864
6000000176200408856
6000000176200766822
6000000176200794821
6000000176474460846
6000000176474460920
6000000176474460928
6000000176474460936
6000000176474470889
6000000176474470897
6000000176474470905
6000000176474470913
6000000176474470921
6000000176474470931
6000000176474470939
6000000176474470948
6000000176474470956
6000000176474470964
6000000176989202821
6000000177006096838
6000000177041688838
6000000177042144847
6000000177363013822
6000000177363049821
6000000177363651824
6000000177591558870
6000000177591749895
6000000177591999871
6000000177592167860
6000000177592701831
6000000177592858840
6000000177592872849
6000000177592940833
6000000177593239821
6000000177682380867
6000000177683290841
6000000177683702829
6000000178220502821
6000000178239295830
6000000178259897829
6000000178530080845
6000000178531956886
6000000178532710835
6000000178957296858
6000000178957828852
6000000178958113828
6000000178958526825
6000000178971980848
6000000179316738873
6000000180123077873
6000000180351451846
6000000181848911821
6000000181967986846
6000000182879201875
6000000182880019833
6000000183256924000
6000000183260103906
6000000183260375856
6000000183261143828
6000000183261709822
6000000183261724830
6000000183261794842
6000000183261794871
6000000183262663845
6000000183674608829
6000000183699336865
6000000183700864823
6000000183701354850
6000000183702402825
6000000183702542832
6000000183719974832
6000000183720329821
6000000183726304879
6000000183726846821
6000000183727091821
6000000183835379865
6000000183836683827
6000000183837143832
6000000184071809833
6000000184082221050
6000000184085039925
6000000184085859864
6000000184086746827
6000000184086925900
6000000184087008881
6000000184087351868
6000000184088072831
6000000184088074837
6000000184241829834
6000000184241830826
6000000184244367879
6000000184244686827
6000000184245328846
6000000184294531822
6000000184294531833
6000000184321922873
6000000184321922888
6000000184333804921
6000000184500341909
6000000184610862072
6000000184638419292
6000000185111689821
6000000185640090772
6000000185742788016
6000000185743686919
6000000185950873999
6000000186103341994
6000000186290715860
6000000186302055309
6000000186524300868
6000000186524715845
6000000186779861829
6000000186779939830
6000000187064644859
6000000187387857899
6000000187597372855
6000000187985153912
6000000187985228870
6000000188090557903
6000000188091323850
6000000188091450825
6000000188143426828
6000000188469855842
6000000188470376967
6000000188471107826
6000000190554755916
6000000190555531835
6000000191024107893
6000000191024623826
6000000191024681832
6000000191024702851
6000000191024839832
6000000191025049825
6000000191025058845
6000000191025068826
6000000191025082825
6000000191025131831
6000000191025154828
6000000191025178834
6000000191025226880
6000000191025553840
6000000191041578854
6000000191061782828
6000000191330031996
6000000191330032006
6000000191330052003
6000000191333108831
6000000191370063871
6000000191370133856
6000000191370165859
6000000191370207858
6000000191370299841
6000000191370370841
6000000191370371847
6000000191370378838
6000000191370454823
6000000191370466829
6000000191370483835
6000000191370491823
6000000191395541830
6000000191395541834
6000000191628004834
6000000191628052829
6000000191801495869
6000000191801964826
6000000192846551855
6000000192920781855
6000000192920793847
6000000193052027821
6000000193056740872
6000000193057116861
6000000193057139824
6000000193184828829
6000000193280172822
6000000193330537885
6000000193331429853
6000000193880989841
6000000193958131858
6000000193958192877
6000000193958535856
6000000193958580821
6000000193958617833
6000000195179508933
6000000195351952956
6000000195353108875
6000000195353123882
6000000195353163867
6000000195353514839
6000000195353558844
6000000195353594831
6000000195353609843
6000000195353688843
6000000195353699825
6000000195353716835
6000000195353724831
6000000195353806821
6000000195353814821
6000000195353814830
6000000195670984868
6000000195671330858
6000000195671610826
6000000195671619823
6000000195809398877
6000000195948254833
6000000196555952871
6000000196556623867
6000000196864116849
6000000197018509841
6000000197146816855
6000000197204526856
6000000197474900904
6000000197476203826
6000000197476307838
6000000197476348821
6000000197476367841
6000000197479031854
6000000197479442836
6000000197481555845
6000000197481702825
6000000197481703850
6000000197481725831
6000000197481727863
6000000197481793826
6000000197481909824
6000000197481930827
6000000198057765834
6000000199054355710
6000000199054355719
6000000199054355753
6000000199054355812
6000000199406203885
6000000200955625881
6000000201042336834
6000000201811452829
6000000202142852851
6000000202142873933
6000000202142982836
6000000202143460824
6000000202153430836
6000000202153527838
6000000202341071938
6000000202341626879
6000000202341743861
6000000202341799858
6000000202341886883
6000000202341971874
6000000202342135832
6000000202342218830
6000000202465614821
6000000203255658917
6000000203256121872
6000000203256361851
6000000203256385857
6000000203256414877
6000000203256414884
6000000203256583821
6000000203257113853
6000000203312136827
6000000203312205823
6000000203312307821
6000000203312341821
6000000203522155840
6000000203522213828
6000000203744400844
6000000203804251280
6000000203804251290
6000000203861675859
6000000203861747851
6000000203861841826
6000000203861972821
6000000203861985822
6000000203862057821
6000000203862071821
6000000203863205840
6000000203863290831
6000000203863360822
6000000203962317877
6000000203962344838
6000000203962391833
6000000203962581840
6000000203986985839
6000000203986998852
6000000203987096946
6000000203987126834
6000000203987295848
6000000203987304849
6000000203987306843
6000000203987314856
6000000203987331858
6000000203987415876
6000000203987711846
6000000203987829844
6000000203987899827
6000000203987902831
6000000203987914830
6000000203987997822
6000000203988036821
6000000204036493957
6000000204036965862
6000000204037258836
6000000204037373835
6000000204037387826
6000000204037422848
6000000204089345822
6000000204089611827
6000000204089689822
6000000204089863829
6000000204290623904
6000000204290816845
6000000204290880869
6000000204290927839
6000000204291009837
6000000204291050829
6000000204291071836
6000000204301844859
6000000204302144827
6000000204302794841
6000000205283128833
6000000205309528850
6000000205312468829
6000000206254704843
6000000206391310825
6000000206391375822
6000000206413951871
6000000206414088831
6000000206532293954
6000000206532579858
6000000206532699828
6000000206710125852
6000000207249900831
6000000207263228841
6000000207263406824
6000000207305093840
6000000207355230832
6000000207355459822
6000000207357563842
6000000207357633828
6000000207357663850
6000000207358208882
6000000207358307834
6000000207358318832
6000000207358319834
6000000207358344845
6000000207358380864
6000000207364789901
6000000207365348860
6000000207365445840
6000000207365540849
6000000207365590837
6000000207365740870
6000000207365744822
6000000207365803825
6000000207366694855
6000000207366927839
6000000207367056823
6000000207367399839
6000000207367452822
6000000207367489822
6000000207370300841
6000000207370369875
6000000207370507833
6000000207370582849
6000000207370586831
6000000207370603831
6000000207370636822
6000000207371186833
6000000207371234838
6000000207371251829
6000000207371421841
6000000207371538868
6000000207424721865
6000000207424750842
6000000207424819924
6000000207424902863
6000000207424915844
6000000207424956849
6000000207424965836
6000000207424994825
6000000207425085822
6000000207425112850
6000000207425259838
6000000207425284822
6000000207425299825
6000000207425301843
6000000207427729863
6000000207427729951
6000000207427874913
6000000207428012859
6000000207428238844
6000000207428260827
6000000207428369822
6000000207428424832
6000000208276439821
6000000208276517862
6000000208277117835
6000000208277138840
6000000208309439847
6000000208337832828
6000000208337867823
6000000208337913830
6000000208337964826
6000000208339067850
6000000208339141829
6000000208413781878
6000000209254031846
6000000209254386853
6000000209254517822
6000000209254529822
6000000209254558843
6000000209820850821
6000000209899755843
6000000209899767821
6000000209899900823
6000000209901295821
6000000210070339836
6000000210070340821
6000000210326453829
6000000211155833034
6000000211155833042
6000000211155833070
6000000211155833085
6000000211155833095
6000000211155833106
6000000211155833114
6000000211155833124
6000000211155833134
6000000211155833145
6000000211155833159
6000000211155833166
6000000211155833171
6000000211155833176
6000000211347314864
6000000211347360835
6000000211347365868
6000000211347398834
6000000211347399826
6000000211347404823
6000000211347414823
6000000211347416829
6000000211347443829
6000000213582052856
6000000214227211825
6000000214227283823
6000000216229278823
6000000216270431843
6000000216709638854
6000000216723142822
6000000216723242833
6000000216723701841
6000000216723884827
6000000217489852821
6000000217794417862
6000000217794727826
6000000217794796835
6000000217801728824
6000000218106565947
6000000218359251844
6000000218359712893
6000000218860947821
6000000219137532842
6000000220077851832
6000000220077855843
6000000220077875855
6000000220387783926
6000000220387790903
6000000220387798830
6000000220565014873
6000000221058075821
6000000221094864869
6000000221095077821
6000000221095665839
6000000221469725882
6000000221581259973
6000000221642474983
6000000221642721928
6000000221749640081
6000000221749640087
6000000221749640093
6000000221749640098
6000000221749640104
6000000221749640109
6000000221749640115
6000000221749640120
6000000221749640131
6000000221749640137
6000000221749640142
6000000221749640153
6000000221776274862
6000000222017494951
6000000222080381868
6000000222463096958
6000000222463157891
6000000222463193930
6000000222463391828
6000000222910015888
6000000222910045878
6000000222910163834
6000000223718166054
6000000223718808829
6000000224362353849
6000000224362368844
6000000225021514890
6000000225037253883
6000000225295818878
6000000225296092843
6000000225296104835
6000000225397077977
6000000225397245855
6000000225397380824
6000000226925213861
6000000226939197927
6000000226939256840
6000000227725569897
6000000227730506824
