1542232
1542330
1544794
1544795
1667063
1667262
1667972
1874303
1874602
2290453
2805836
302888257510001064
302889610110005663
302891805310003790
302893164200008270
308255269970004392
325779807570004842
325780872500004792
325782157480004837
325782942430002217
325783517400004820
328059704870005473
328060121050007119
328064865480001109
328066467320004666
328066598230006991
328067842680006028
328067924990002026
329288428630005739
3443212
3467199
347109399400013430
347109484790003390
351448785190001394
356048745330005648
359540176130011172
363675880750001369
363676338010001375
363676764560004012
364539919410003382
367254579710002003
368682617080013121
373389342400004292
3736496
379931676920012946
381195536650012240
382121448700004164
382564404910011418
3860603
4224621425990023601
4231341305510122806
4231372513720032686
4233032186880060174
4233034720720060178
4271665581840066808
4320161809420043917
441327
441702
4442868391570026354
4467837241880074441
4482203730100060307
4482273268680060331
4482277492350046737
4482308522490022857
4482315791090083119
4482696394860022890
4482704026840076630
4482707971350032015
4482712004080022317
4482718400880076536
4482721321520032215
4482723755010056867
4482727593680076721
4484272900190129479
4484276924270023350
4484285412480060872
4484298715100077233
4484301495380046803
4484304612990076243
4484312531100129680
4484316206420060613
4484319890690129466
4484323167460129011
4484326827720056930
4484331336280031710
4484337807810046981
4484342087860060425
4484346039260061028
4484350133810047104
4484354736310056810
4484358664760077294
4484363581040120097
4484367786880031917
4484434792250046764
4484459692590060595
4484464878810022484
4484473423590057552
4514494854060121031
4514502534030014237
4514509210530021201
458418
4689098776520033651
4775098259480066613
4775098280160027531
4775105604250066593
4882128853300070626
4882140491890033387
4882157162210062102
4882207834410015668
4882221985460061775
4942090604510038493
4942219903110089696
4942258585690100026
5281147148050122445
5281459328370085780
5281548942870059091
5281594303360074548
5281609296810038878
5281644144330026065
5281685987600074508
5281710578270122406
5418110067990046279
5458652296050054114
5458656722400101023
5458676629580042525
5477981307610129754
5521212914280109617
5521229670270108580
5521269850640050174
5536711596590052181
5573745783360115585
6000000000014984400
6000000000015046039
6000000000017025099
6000000000021598067
6000000000116154741
6000000000123179060
6000000000138908995
6000000000138928000
6000000000138938943
6000000000138950824
6000000000138983490
6000000000139012479
6000000000139014552
6000000000139025211
6000000000139037269
6000000000139046527
6000000000139068124
6000000000139072640
6000000000142904836
6000000000142950660
6000000000142964802
6000000000142977392
6000000000143008387
6000000000195533964
6000000000265578310
6000000000278709932
6000000000282174074
6000000000287538218
6000000000287538273
6000000000287538293
6000000000305615835
6000000000306668461
6000000000310346442
6000000000340449977
6000000000427551390
6000000000427553756
6000000000427642664
6000000000427803037
6000000000427829177
6000000000427848236
6000000000427852326
6000000000427878324
6000000000427878408
6000000000428136033
6000000000431407953
6000000000431467828
6000000000431683654
6000000000431721984
6000000000431786756
6000000000431789874
6000000000431813739
6000000000431835673
6000000000431850187
6000000000431879043
6000000000431879485
6000000000431894248
6000000000431910705
6000000000431921515
6000000000431960755
6000000000431985112
6000000000431994501
6000000000432003394
6000000000432004345
6000000000432033065
6000000000432033436
6000000000432050210
6000000000432073058
6000000000432076273
6000000000432093278
6000000000432119186
6000000000435349647
6000000000435349725
6000000000437785790
6000000000437957360
6000000000437957410
6000000000437988684
6000000000437996827
6000000000437996848
6000000000437996858
6000000000437996878
6000000000437999049
6000000000438033606
6000000000438082422
6000000000438139076
6000000000438139086
6000000000440083276
6000000000505602922
6000000000506983202
6000000000507034174
6000000000549998344
6000000000549998367
6000000000549998393
6000000000549998419
6000000000549998509
6000000000549998576
6000000000574770126
6000000000575554603
6000000000590560934
6000000000591488278
6000000000591488801
6000000000591488813
6000000000591488823
6000000000591488831
6000000000591496351
6000000000591496359
6000000000591496498
6000000000591496587
6000000000591496594
6000000000591496765
6000000000591496776
6000000000591496788
6000000000591496799
6000000000591521279
6000000000591521301
6000000000591521331
6000000000591521342
6000000000591533890
6000000000591533911
6000000000661355159
6000000000669136730
6000000000669194044
6000000000696073337
6000000000735549211
6000000000738514267
6000000000738514371
6000000000738514392
6000000000738514411
6000000000769981540
6000000000777397634
6000000000864972147
6000000000869909476
6000000000870030660
6000000000870221321
6000000000870259075
6000000000870292643
6000000000870335040
6000000000870335184
6000000000870396136
6000000000873674753
6000000000875627874
6000000000884553105
6000000000911281074
6000000000923834344
6000000000923834432
6000000000923836379
6000000000923837040
6000000000923837989
6000000000923839269
6000000000923839604
6000000000923839770
6000000000923844699
6000000000923847026
6000000000923847115
6000000000923847365
6000000000943569912
6000000000967093860
6000000001032757782
6000000001032822310
6000000001075433066
6000000001075433073
6000000001075433081
6000000001075433089
6000000001075433096
6000000001075433103
6000000001075433113
6000000001075433123
6000000001075433133
6000000001075433143
6000000001075433164
6000000001075433171
6000000001075433179
6000000001075433187
6000000001075433194
6000000001075433201
6000000001075433272
6000000001075433279
6000000001075433286
6000000001075433293
6000000001075433300
6000000001075433307
6000000001075433316
6000000001075433325
6000000001075433332
6000000001075433339
6000000001075433348
6000000001075433430
6000000001075433439
6000000001075433448
6000000001075433457
6000000001075433464
6000000001075433487
6000000001075433494
6000000001075433501
6000000001075433511
6000000001075433518
6000000001075433525
6000000001075433532
6000000001075433539
6000000001075433571
6000000001075433580
6000000001075433589
6000000001075433598
6000000001075433607
6000000001075433615
6000000001075433917
6000000001075433926
6000000001075433933
6000000001075433943
6000000001075433950
6000000001075433957
6000000001075433964
6000000001075433971
6000000001075433980
6000000001075433987
6000000001075433996
6000000001075451003
6000000001075451010
6000000001075451017
6000000001075451024
6000000001075451031
6000000001156989281
6000000001167337231
6000000001180084035
6000000001180125700
6000000001180143534
6000000001180159794
6000000001180197563
6000000001180215697
6000000001180215820
6000000001180233223
6000000001180243473
6000000001180243533
6000000001180243879
6000000001180247384
6000000001180251557
6000000001180251587
6000000001180251617
6000000001180251629
6000000001180254269
6000000001180254348
6000000001180294512
6000000001180329995
6000000001180336371
6000000001180338524
6000000001180338661
6000000001180338720
6000000001180338823
6000000001180338835
6000000001180338887
6000000001180339368
6000000001180339879
6000000001180339915
6000000001180339923
6000000001180344241
6000000001180344798
6000000001180345510
6000000001180345522
6000000001180345545
6000000001180346930
6000000001180347081
6000000001180349099
6000000001180349111
6000000001180349123
6000000001180349135
6000000001180349150
6000000001180349162
6000000001180349174
6000000001180349183
6000000001180351510
6000000001180351910
6000000001180353792
6000000001180381214
6000000001349686918
6000000001356253417
6000000001356261675
6000000001382942758
6000000001382946881
6000000001402532640
6000000001402532681
6000000001432599440
6000000001435400395
6000000001435407621
6000000001436319440
6000000001452440811
6000000001453039469
6000000001482656825
6000000001553655478
6000000001677042916
6000000001677110573
6000000001677456077
6000000001677476081
6000000001677495122
6000000001677525042
6000000001708083450
6000000001708105266
6000000001747686561
6000000001793449508
6000000001794806754
6000000001794806868
6000000001794806893
6000000001794806899
6000000001794806905
6000000001794806911
6000000001794806932
6000000001794806938
6000000001794806950
6000000001794806956
6000000001794806962
6000000001794809197
6000000001794809375
6000000001794809381
6000000001794809500
6000000001794809507
6000000001794809513
6000000001794809519
6000000001794809526
6000000001794809533
6000000001794809548
6000000001794809598
6000000001794809610
6000000001794809616
6000000001794809622
6000000001794809628
6000000001794809634
6000000001794813818
6000000001794813824
6000000001794813830
6000000001794813836
6000000001794813842
6000000001794813848
6000000001794813854
6000000001794826169
6000000001794841441
6000000001794841450
6000000001794841506
6000000001794841513
6000000001794841520
6000000001794841534
6000000001794841541
6000000001794841555
6000000001794841574
6000000001794841604
6000000001794841640
6000000001794841662
6000000001794841668
6000000001794841674
6000000001794841699
6000000001794841779
6000000001794841821
6000000001794841827
6000000001794841847
6000000001794841854
6000000001794841861
6000000001794841868
6000000001794841875
6000000001794841882
6000000001794841918
6000000001794841930
6000000001794842000
6000000001794844471
6000000001816940319
6000000001869902433
6000000001874647320
6000000001874647344
6000000001874647355
6000000001874647367
6000000001874647379
6000000001874647415
6000000001874647427
6000000001874647439
6000000001900712150
6000000002006144456
6000000002006202073
6000000002023886796
6000000002070952753
6000000002079158371
6000000002079226374
6000000002166159740
6000000002166166102
6000000002174565052
6000000002176633567
6000000002219040425
6000000002219040444
6000000002219040456
6000000002219040468
6000000002219040480
6000000002219040536
6000000002219040548
6000000002219040560
6000000002219040571
6000000002219040602
6000000002219040613
6000000002219040689
6000000002219040694
6000000002219040704
6000000002219040709
6000000002219045261
6000000002246299525
6000000002246368125
6000000002304048558
6000000002304146192
6000000002314813909
6000000002339268697
6000000002539578551
6000000002604246734
6000000002604474037
6000000002621394470
6000000002624925408
6000000002626134614
6000000002649881195
6000000002649916822
6000000002649925982
6000000002649934912
6000000002649934920
6000000002649934994
6000000002649937029
6000000002649937035
6000000002649937046
6000000002649937077
6000000002649937145
6000000002649937168
6000000002649950388
6000000002649950531
6000000002649950539
6000000002649950562
6000000002649950908
6000000002649950932
6000000002649950940
6000000002649950993
6000000002649954622
6000000002649954630
6000000002649954638
6000000002649954646
6000000002649954654
6000000002649954661
6000000002649954669
6000000002649954684
6000000002649964694
6000000002649969056
6000000002649969062
6000000002649969121
6000000002649969204
6000000002649969270
6000000002649969277
6000000002649969284
6000000002649969291
6000000002649969312
6000000002649969320
6000000002649969440
6000000002649969455
6000000002649969469
6000000002649969495
6000000002649969503
6000000002649969516
6000000002649969688
6000000002649969695
6000000002649969702
6000000002649974148
6000000002649974173
6000000002649974504
6000000002649974534
6000000002649974542
6000000002649974548
6000000002649974559
6000000002649974565
6000000002649974571
6000000002649974583
6000000002649974589
6000000002649974595
6000000002649974601
6000000002649974607
6000000002649974648
6000000002649974654
6000000002649974660
6000000002649974713
6000000002649974730
6000000002674967490
6000000002689589351
6000000002689614956
6000000002689678860
6000000002689711610
6000000002713528720
6000000002713586427
6000000002713926378
6000000002713967234
6000000002726725922
6000000002726859228
6000000002726863314
6000000002726876429
6000000002726890084
6000000002726896217
6000000002726901363
6000000002726904332
6000000002726919142
6000000002726919190
6000000002742376314
6000000002752602994
6000000002753154386
6000000002753320181
6000000002799049023
6000000002799052130
6000000002799052530
6000000002799066619
6000000002799066625
6000000002799066632
6000000002799066644
6000000002799066650
6000000002799090431
6000000002799090869
6000000002799118033
6000000002799118048
6000000002799118854
6000000002799123002
6000000002799123008
6000000002799134048
6000000002824601440
6000000002906180129
6000000002906180143
6000000002906180166
6000000002906183160
6000000002906278773
6000000002906278791
6000000002906372815
6000000002906760483
6000000002906760529
6000000002906767785
6000000002906780466
6000000002906780473
6000000002906786257
6000000002906786284
6000000002906786298
6000000002906800906
6000000002906800926
6000000002957614953
6000000002957664694
6000000002967237451
6000000002967254522
6000000002980102712
6000000002989025115
6000000003005248691
6000000003006386546
6000000003006392085
6000000003006392989
6000000003006392998
6000000003006397006
6000000003006397014
6000000003006458398
6000000003006458408
6000000003006458416
6000000003006458424
6000000003006458478
6000000003006458486
6000000003006458494
6000000003006458503
6000000003006458520
6000000003006458529
6000000003006458552
6000000003006458570
6000000003006458589
6000000003006458597
6000000003006458623
6000000003006458633
6000000003006458642
6000000003006458650
6000000003006458659
6000000003006458667
6000000003006458676
6000000003006458685
6000000003006458709
6000000003006458719
6000000003006458777
6000000003006458783
6000000003006458791
6000000003006458809
6000000003006458817
6000000003006458825
6000000003006458833
6000000003006458841
6000000003006458850
6000000003006458858
6000000003006458874
6000000003006458895
6000000003006458904
6000000003006458912
6000000003006458920
6000000003006458929
6000000003006458937
6000000003006458945
6000000003006458954
6000000003006458963
6000000003006458971
6000000003006463009
6000000003006463015
6000000003006463025
6000000003006463043
6000000003006463049
6000000003006463078
6000000003006463087
6000000003006463098
6000000003006463104
6000000003006463116
6000000003006463122
6000000003006463128
6000000003006463146
6000000003006463156
6000000003006463174
6000000003006463188
6000000003006463194
6000000003006463200
6000000003006463215
6000000003006463221
6000000003006463227
6000000003006463235
6000000003006463243
6000000003006463251
6000000003006463265
6000000003006463393
6000000003006463403
6000000003006463413
6000000003006468615
6000000003006472176
6000000003043802114
6000000003073249765
6000000003073716319
6000000003077136483
6000000003077512466
6000000003077512474
6000000003077512482
6000000003077512562
6000000003077512570
6000000003077512577
6000000003077512592
6000000003077512608
6000000003077512630
6000000003078155269
6000000003089580182
6000000003103325713
6000000003103337748
6000000003103353356
6000000003103371499
6000000003103407050
6000000003103422119
6000000003103433124
6000000003103498299
6000000003103661362
6000000003103666653
6000000003103822362
6000000003151436076
6000000003151446543
6000000003151458493
6000000003153237991
6000000003193345585
6000000003193405984
6000000003200863946
6000000003200863952
6000000003200863970
6000000003200863976
6000000003200863989
6000000003200863996
6000000003200872054
6000000003200872059
6000000003200872064
6000000003319654709
6000000003403159430
6000000003403223203
6000000003523154523
6000000003539338214
6000000003541141150
6000000003541301826
6000000003549810654
6000000003549838959
6000000003549871668
6000000003549935359
6000000003549943533
6000000003549945440
6000000003549980181
6000000003564247878
6000000003573834479
6000000003573881019
6000000003573899240
6000000003573921018
6000000003578786813
6000000003578810979
6000000003578837818
6000000003578875895
6000000003578906648
6000000003578945495
6000000003578959250
6000000003578964453
6000000003578972438
6000000003579000190
6000000003579014200
6000000003579022029
6000000003579027072
6000000003579034064
6000000003615495580
6000000003615495587
6000000003615495594
6000000003615712188
6000000003638651827
6000000003638775851
6000000003741174377
6000000003741179847
6000000003741183135
6000000003741183507
6000000003741183800
6000000003741186069
6000000003741186284
6000000003741186979
6000000003741190439
6000000003741190801
6000000003741193764
6000000003741201577
6000000003741201721
6000000003741205066
6000000003741205673
6000000003772769620
6000000003772769634
6000000003773902974
6000000003827652729
6000000003827775495
6000000003852901359
6000000003858470545
6000000003858554114
6000000003858624428
6000000003858746097
6000000003878116121
6000000003927947993
6000000003928058905
6000000003928156495
6000000003928187974
6000000003928243513
6000000003931893109
6000000004045052754
6000000004045069235
6000000004047141268
6000000004047183089
6000000004047183377
6000000004047183419
6000000004047183575
6000000004047192022
6000000004047209014
6000000004047209059
6000000004047228723
6000000004047287801
6000000004047287901
6000000004047290180
6000000004047290329
6000000004047290377
6000000004047417400
6000000004047417405
6000000004047417460
6000000004047417548
6000000004047417555
6000000004047417627
6000000004047439490
6000000004047439823
6000000004047445909
6000000004047453918
6000000004047814761
6000000004047814809
6000000004047814872
6000000004047814981
6000000004047819398
6000000004047819480
6000000004047819814
6000000004047827717
6000000004047834033
6000000004047834480
6000000004047834564
6000000004056969595
6000000004058835049
6000000004058979021
6000000004059016811
6000000004059016823
6000000004072466720
6000000004086650395
6000000004095088045
6000000004095346178
6000000004095346346
6000000004095346439
6000000004095346584
6000000004095346640
6000000004095346898
6000000004095346973
6000000004095350003
6000000004095350093
6000000004172298138
6000000004187581720
6000000004187588974
6000000004187791147
6000000004236589422
6000000004236690715
6000000004328471937
6000000004333580235
6000000004333688111
6000000004345341530
6000000004356423076
6000000004359788494
6000000004368219252
6000000004393892292
6000000004393915104
6000000004555305873
6000000004555806518
6000000004555878524
6000000004555878542
6000000004569582399
6000000004569621916
6000000004575740445
6000000004575791297
6000000004575924349
6000000004575968267
6000000004576175741
6000000004576592828
6000000004576845199
6000000004590693537
6000000004590693742
6000000004590693749
6000000004590693757
6000000004592967917
6000000004593790031
6000000004593790041
6000000004593972979
6000000004593983213
6000000004594345213
6000000004594345218
6000000004594345308
6000000004594345527
6000000004594345539
6000000004663499488
6000000004718022004
6000000004720068011
6000000004879568304
6000000004881475284
6000000004978803402
6000000004979013859
6000000004979105348
6000000004979116718
6000000004979137346
6000000004979154358
6000000004979219228
6000000004979220246
6000000005007632256
6000000005014096410
6000000005229568200
6000000005229568549
6000000005229572106
6000000005229594432
6000000005229594878
6000000005229598512
6000000005229603045
6000000005229611692
6000000005229619439
6000000005229624554
6000000005229646579
6000000005229656672
6000000005229669821
6000000005229672804
6000000005229672963
6000000005229677986
6000000005229682337
6000000005229682557
6000000005229682656
6000000005229705048
6000000005229705740
6000000005229727767
6000000005229736331
6000000005229736516
6000000005229759329
6000000005229762012
6000000005229762993
6000000005229766200
6000000005242860965
6000000005360757404
6000000005360757412
6000000005366557802
6000000005366557837
6000000005366557845
6000000005366557852
6000000005366557866
6000000005366557874
6000000005366557896
6000000005366557918
6000000005366557932
6000000005366557956
6000000005366617014
6000000005366617038
6000000005366617083
6000000005366617107
6000000005366617118
6000000005366617166
6000000005366617182
6000000005388662155
6000000005388662160
6000000005388662269
6000000005394937770
6000000005409180540
6000000005409257992
6000000005409269006
6000000005409269060
6000000005427515199
6000000005427525199
6000000005427536424
6000000005427545534
6000000005427675060
6000000005427687071
6000000005427690074
6000000005434190691
6000000005584069934
6000000005584131744
6000000005584411303
6000000005584472165
6000000005584537860
6000000005610268289
6000000006090885013
6000000006100975248
6000000006100975257
6000000006101404811
6000000006110975075
6000000006113172087
6000000006113190015
6000000006113206048
6000000006113211082
6000000006113272010
6000000006148529923
6000000006148580699
6000000006148797704
6000000006148906507
6000000006148937384
6000000006149099310
6000000006149154236
6000000006149178071
6000000006149202116
6000000006149258072
6000000006156788961
6000000006156945510
6000000006156981528
6000000006157188466
6000000006157188472
6000000006157204420
6000000006157251222
6000000006157291308
6000000006157381113
6000000006157396105
6000000006157398084
6000000006157411208
6000000006157420100
6000000006157420126
6000000006157420134
6000000006157518002
6000000006249958929
6000000006252007137
6000000006252736403
6000000006252736425
6000000006252736519
6000000006252736525
6000000006252736655
6000000006252736668
6000000006252736794
6000000006252736913
6000000006323029723
6000000006358243067
6000000006437728018
6000000006437760017
6000000006437772265
6000000006444619138
6000000006444671511
6000000006444854125
6000000006444914059
6000000006495929397
6000000006505292001
6000000006568222758
6000000006569554572
6000000006591279284
6000000006591532052
6000000006596946348
6000000006604708653
6000000006604753358
6000000006604906083
6000000006604917222
6000000006604940148
6000000006604943091
6000000006785101079
6000000006785117758
6000000006785125415
6000000006785134330
6000000006785142450
6000000006785166240
6000000006785254931
6000000006785316957
6000000006785334954
6000000006785377799
6000000006802108938
6000000006920483282
6000000006987314492
6000000006987379337
6000000006987435307
6000000006994572547
6000000006994852011
6000000007006250613
6000000007180096203
6000000007239787655
6000000007239843736
6000000007239921363
6000000007240169872
6000000007268352145
6000000007273224417
6000000007273224694
6000000007273234711
6000000007273239590
6000000007273239743
6000000007273241372
6000000007273241381
6000000007273241590
6000000007273246326
6000000007273246644
6000000007273253584
6000000007273253883
6000000007273255489
6000000007273259818
6000000007273261600
6000000007273266829
6000000007273266932
6000000007273285382
6000000007273287871
6000000007273292370
6000000007273292423
6000000007273292875
6000000007273292978
6000000007273299619
6000000007273299812
6000000007273300195
6000000007273304346
6000000007273304812
6000000007273306321
6000000007273307034
6000000007273311256
6000000007273311360
6000000007273312201
6000000007273313058
6000000007273317305
6000000007273321093
6000000007273325232
6000000007273325325
6000000007273325459
6000000007273326002
6000000007273326051
6000000007273333520
6000000007273334765
6000000007273334859
6000000007273335470
6000000007273338296
6000000007273358454
6000000007273358819
6000000007273359017
6000000007273360486
6000000007273360701
6000000007273364428
6000000007273369732
6000000007273395537
6000000007273395737
6000000007273398532
6000000007273398966
6000000007273400577
6000000007273401048
6000000007273406449
6000000007273406788
6000000007273406799
6000000007273407117
6000000007273409778
6000000007273412665
6000000007273415331
6000000007273415980
6000000007273421283
6000000007273423682
6000000007273423792
6000000007273426073
6000000007273441361
6000000007273441528
6000000007273448421
6000000007273452869
6000000007273463076
6000000007273472367
6000000007273472381
6000000007273473153
6000000007273477302
6000000007273477434
6000000007273477861
6000000007273485152
6000000007273485155
6000000007273493561
6000000007273493847
6000000007273494062
6000000007273510619
6000000007273511196
6000000007273520268
6000000007273520722
6000000007273521000
6000000007273534249
6000000007273534287
6000000007273534588
6000000007273548398
6000000007273551309
6000000007273551466
6000000007273553399
6000000007273553886
6000000007273559981
6000000007273565282
6000000007320867705
6000000007323515959
6000000007328154134
6000000007328239167
6000000007328262051
6000000007328269896
6000000007328286988
6000000007328544577
6000000007339290731
6000000007365414584
6000000007365650338
6000000007365738210
6000000007408934870
6000000007409105599
6000000007409223684
6000000007420371968
6000000007446454447
6000000007497988166
6000000007498050822
6000000007554308957
6000000007554360908
6000000007708366038
6000000007708623602
6000000007745368376
6000000007745368381
6000000007776218029
6000000007776495482
6000000007776597304
6000000007960905341
6000000007962069611
6000000008066903605
6000000008088248827
6000000008101897835
6000000008102004532
6000000008102032126
6000000008102052277
6000000008102088323
6000000008102157844
6000000008102158904
6000000008102311136
6000000008102343677
6000000008102348714
6000000008102359298
6000000008102459255
6000000008102656292
6000000008111191897
6000000008211776777
6000000008287968839
6000000008288291581
6000000008289473883
6000000008289473890
6000000008289473897
6000000008289473904
6000000008289545984
6000000008289545991
6000000008289545998
6000000008289546005
6000000008301608643
6000000008309366118
6000000008309600674
6000000008309737482
6000000008318280078
6000000008318362995
6000000008318417920
6000000008318496756
6000000008318613556
6000000008318637881
6000000008318753207
6000000008429712623
6000000008473300181
6000000008473305169
6000000008473307942
6000000008473388989
6000000008473545129
6000000008473578907
6000000008473581411
6000000008473607066
6000000008473635510
6000000008473647265
6000000008473699234
6000000008473708840
6000000008473728535
6000000008473733475
6000000008473740220
6000000008488473946
6000000008499843668
6000000008500012235
6000000008516284584
6000000008572596872
6000000008580418152
6000000008582674120
6000000008582810763
6000000008582846788
6000000008582862098
6000000008582936537
6000000008583056340
6000000008583061940
6000000008583090372
6000000008583098558
6000000008583098781
6000000008583101431
6000000008583134279
6000000008583138300
6000000008583180211
6000000008595971506
6000000008595976558
6000000008596039472
6000000008596129248
6000000008596230572
6000000008596502360
6000000008596891839
6000000008601748919
6000000008601975576
6000000008602077603
6000000008602211764
6000000008605665039
6000000008608130003
6000000008642393795
6000000008642463597
6000000008659914014
6000000008668100213
6000000008691824033
6000000008692073418
6000000008692091691
6000000008715241036
6000000008715385011
6000000008715504119
6000000008715513562
6000000008715520475
6000000008715618387
6000000008715627773
6000000008717924090
6000000008718004854
6000000008718106774
6000000008725661140
6000000008779373260
6000000008787610671
6000000008843745144
6000000008844115429
6000000008935782677
6000000008935939294
6000000008936051230
6000000009008084626
6000000009025998583
6000000009065356728
6000000009067370956
6000000009120182831
6000000009169004288
6000000009170061163
6000000009170292088
6000000009170406092
6000000009170483494
6000000009198095358
6000000009234372526
6000000009237341731
6000000009244898024
6000000009245127771
6000000009245350314
6000000009245353717
6000000009245418247
6000000009245428395
6000000009245462206
6000000009245569296
6000000009278891894
6000000009278926874
6000000009278978183
6000000009279119579
6000000009279172216
6000000009279187201
6000000009308209664
6000000009376159982
6000000009376178179
6000000009397634430
6000000009397702704
6000000009397734706
6000000009457379533
6000000009457379550
6000000009457379597
6000000009457507598
6000000009457507603
6000000009457507611
6000000009457507628
6000000009457507669
6000000009457507672
6000000009582656867
6000000009582815691
6000000009618007274
6000000009639768198
6000000009647307736
6000000009647339903
6000000009649334063
6000000009649369691
6000000009698300960
6000000009698425645
6000000009698569328
6000000009742228232
6000000009781156401
6000000009781205662
6000000009786589760
6000000009802643969
6000000009838410156
6000000009838638699
6000000009839031511
6000000009839032222
6000000009839104043
6000000009868916739
6000000010010337794
6000000010029647837
6000000010037398223
6000000010039559413
6000000010040405817
6000000010093767245
6000000010242780089
6000000010248964618
6000000010251764150
6000000010252458527
6000000010260208123
6000000010292839874
6000000010293085824
6000000010293165965
6000000010293236555
6000000010293266508
6000000010293353450
6000000010293372598
6000000010293372647
6000000010293394702
6000000010293482338
6000000010321256841
6000000010495673172
6000000010496427008
6000000010611381050
6000000010868275426
6000000011003594563
6000000011057994852
6000000011175808423
6000000011233010287
6000000011301426761
6000000011471321062
6000000011551177370
6000000011594011838
6000000011594234578
6000000011605574006
6000000011605644843
6000000011648091661
6000000011648322290
6000000011649816152
6000000011733177899
6000000011733525271
6000000011739261455
6000000011801969050
6000000011802350159
6000000011802386456
6000000011802412453
6000000011834675538
6000000011839108119
6000000011839730494
6000000011839735612
6000000011839759652
6000000011876569411
6000000011941193203
6000000011944704210
6000000011964864201
6000000012041206305
6000000012049107528
6000000012049307207
6000000012238492948
6000000012238556905
6000000012238922064
6000000012239055016
6000000012239291539
6000000012239291591
6000000012239353761
6000000012239485293
6000000012240353603
6000000012240373937
6000000012240451862
6000000012240456791
6000000012240467919
6000000012240472716
6000000012240484525
6000000012240494469
6000000012240648698
6000000012240802287
6000000012240882442
6000000012240942396
6000000012241002215
6000000012241048247
6000000012241058414
6000000012241135255
6000000012244448799
6000000012249002035
6000000012250325142
6000000012251529415
6000000012251886278
6000000012252142332
6000000012258607697
6000000012258607760
6000000012258663472
6000000012258668520
6000000012258716337
6000000012258777354
6000000012258786300
6000000012274660420
6000000012286333634
6000000012286344962
6000000012286451882
6000000012286624270
6000000012286632293
6000000012286648299
6000000012297001581
6000000012297033576
6000000012422939279
6000000012501103959
6000000012501699252
6000000012592072620
6000000012601239669
6000000012664913768
6000000012883176368
6000000012883203530
6000000012883235230
6000000012883295327
6000000012977403773
6000000012977451127
6000000013063425741
6000000013063425746
6000000013063482953
6000000013063482958
6000000013063482963
6000000013063552981
6000000013111518169
6000000013165819905
6000000013176885067
6000000013196047743
6000000013506534069
6000000013550789899
6000000013557695202
6000000013557728304
6000000013557749078
6000000013633678915
6000000013706507844
6000000013706798068
6000000013820751886
6000000014131951443
6000000014170008887
6000000014170218162
6000000014170256741
6000000014170298628
6000000014170304687
6000000014170334978
6000000014170338500
6000000014170391651
6000000014170423955
6000000014170444516
6000000014170474452
6000000014170494527
6000000014170496285
6000000014170500274
6000000014170519189
6000000014170553047
6000000014170563082
6000000014170564018
6000000014170589048
6000000014170611052
6000000014441543092
6000000014545648209
6000000014546262683
6000000014547389720
6000000014547487845
6000000014547487849
6000000014547487853
6000000014552153403
6000000014552449108
6000000014552480098
6000000014553270267
6000000014553270273
6000000014564665229
6000000014564850390
6000000014973642391
6000000015044037303
6000000015109573812
6000000015110587090
6000000015116204389
6000000015116211652
6000000015116376289
6000000015116482168
6000000015116486152
6000000015169505562
6000000015169671394
6000000015169794138
6000000015169957274
6000000015193947206
6000000015201518447
6000000015201559319
6000000015201567221
6000000015201578086
6000000015294368001
6000000015342854544
6000000015342875482
6000000015343032587
6000000015343120232
6000000015343146072
6000000015343174065
6000000015371709409
6000000015371782189
6000000015387768954
6000000015422834699
6000000015422903789
6000000015423123192
6000000015423164063
6000000015479274445
6000000015501781757
6000000015553628320
6000000015565810369
6000000015565810372
6000000015581250231
6000000015582008823
6000000015582356908
6000000015582411846
6000000015582421931
6000000015583453850
6000000015583914185
6000000015594752265
6000000015594793222
6000000015594828246
6000000015594851154
6000000015594856244
6000000015594927118
6000000015625120503
6000000015727904258
6000000015797773417
6000000015797775763
6000000015798090262
6000000015926797024
6000000015927476325
6000000015927512043
6000000015951918278
6000000015963520464
6000000015963561883
6000000015963583156
6000000015963586411
6000000015963611985
6000000015964324978
6000000015964350375
6000000015964367939
6000000015964381986
6000000015964395400
6000000015964509342
6000000015964527065
6000000015964548119
6000000016074551940
6000000016074782040
6000000016100638942
6000000016115164115
6000000016116137957
6000000016268160849
6000000016268231367
6000000016383832751
6000000016384026771
6000000016384040641
6000000016384052385
6000000016384058220
6000000016384087409
6000000016384111857
6000000016384138218
6000000016384142343
6000000016384194020
6000000016407883537
6000000016423018856
6000000016423334245
6000000016423465197
6000000016466037094
6000000016466305548
6000000016466305552
6000000016466305556
6000000016466946930
6000000016466975848
6000000016467074801
6000000016467074809
6000000016467074813
6000000016467074817
6000000016467130644
6000000016467167993
6000000016467189360
6000000016467197234
6000000016467251264
6000000016467251269
6000000016467251274
6000000016467324339
6000000016467345212
6000000016467351080
6000000016517833654
6000000016959011830
6000000017055826329
6000000017055945356
6000000017055975231
6000000017123984782
6000000017343658475
6000000017343776209
6000000017415902480
6000000017577658402
6000000017577725126
6000000017640870483
6000000017748290205
6000000017748512437
6000000017787303871
6000000017890386714
6000000017917889606
6000000017918214567
6000000017955102914
6000000017955601847
6000000017955951357
6000000017955970539
6000000017955995418
6000000017955996482
6000000017956080283
6000000017956084894
6000000017956113546
6000000017956144039
6000000017956145281
6000000017956225125
6000000017956799432
6000000017956851164
6000000017956896402
6000000017956925319
6000000017956928257
6000000018134752718
6000000018134796370
6000000018134806371
6000000018134898228
6000000018134948704
6000000018134967759
6000000018135028320
6000000018135075199
6000000018135091033
6000000018135108002
6000000018214912252
6000000018262964460
6000000018263018506
6000000018263214489
6000000018263260124
6000000018263283005
6000000018358122871
6000000018358139684
6000000018416611001
6000000018446203683
6000000018480034622
6000000018480046195
6000000018489838624
6000000018489849838
6000000018489861883
6000000018490115828
6000000018490284597
6000000018490296613
6000000018490334125
6000000018490378185
6000000018490407116
6000000018499467835
6000000018499493644
6000000018519044296
6000000018604199116
6000000018604199120
6000000018820577948
6000000018846665271
6000000018934256104
6000000018956711026
6000000018991564024
6000000018991581012
6000000019008731663
6000000019009133465
6000000019009228217
6000000019009335253
6000000019015325903
6000000019015708769
6000000019015745246
6000000019015767612
6000000019015828424
6000000019015895306
6000000019015910187
6000000019026398059
6000000019093195998
6000000019094557058
6000000019095457101
6000000019137099342
6000000019223123968
6000000019223402540
6000000019223578259
6000000019229026271
6000000019275885817
6000000019276007875
6000000019276188724
6000000019276281349
6000000019276344388
6000000019276382329
6000000019276400302
6000000019276408185
6000000019276453188
6000000019304897184
6000000019369895736
6000000019376375838
6000000019384186936
6000000019384357487
6000000019384489227
6000000019384591008
6000000019544339223
6000000019591527978
6000000019591912664
6000000019591952627
6000000019592073236
6000000019592315440
6000000019592448473
6000000019592542359
6000000019592681425
6000000019592687220
6000000019592718302
6000000019592884050
6000000019615301704
6000000019615574228
6000000019845331949
6000000019846762449
6000000019846994347
6000000019924832506
6000000019925166013
6000000019953696050
6000000019953764020
6000000019955010024
6000000019969411708
6000000019996852529
6000000019996961296
6000000019997124233
6000000020018788194
6000000020090332486
6000000020090484132
6000000020171067858
6000000020183155060
6000000020193265351
6000000020193308071
6000000020193355302
6000000020193367039
6000000020194332622
6000000020194417257
6000000020194440126
6000000020194613211
6000000020194657837
6000000020267212345
6000000020289701406
6000000020289839471
6000000020289951847
6000000020289996749
6000000020290526955
6000000020311795017
6000000020328718051
6000000020330803693
6000000020330838589
6000000020331074183
6000000020331186980
6000000020353924041
6000000020388915305
6000000020388958376
6000000020388967291
6000000020388972223
6000000020388984243
6000000020388990389
6000000020389030519
6000000020389050191
6000000020389055198
6000000020389115145
6000000020389127871
6000000020389138897
6000000020408408343
6000000020408455475
6000000020408456511
6000000020408669021
6000000020408678925
6000000020746054478
6000000020854225685
6000000021036844087
6000000021037112845
6000000021150115646
6000000021150228010
6000000021150295895
6000000021209100403
6000000021209116832
6000000021209193172
6000000021209194347
6000000021209201149
6000000021276246728
6000000021276363661
6000000021315536232
6000000021315634089
6000000021389152179
6000000021689320425
6000000021789247581
6000000021789247586
6000000021789247591
6000000021789247596
6000000021789247601
6000000021871130820
6000000021924699219
6000000021924709914
6000000021926086142
6000000021934486412
6000000022149206837
6000000022176436463
6000000022218361765
6000000022218606319
6000000022335310076
6000000022378094985
6000000022382151335
6000000022709888929
6000000022838931034
6000000022893420621
6000000022954210033
6000000023041447295
6000000023071176855
6000000023071873831
6000000023077998881
6000000023088214265
6000000023103200821
6000000023191031507
6000000023214698282
6000000023282875573
6000000023282940404
6000000023282992213
6000000023283214983
6000000023283238938
6000000023283287928
6000000023283322859
6000000023320087173
6000000023320210091
6000000023739877063
6000000023745912151
6000000023755811786
6000000023756385938
6000000023757657654
6000000023793780571
6000000023793780575
6000000023796160858
6000000023884482358
6000000024063238608
6000000024117401424
6000000024117472451
6000000024117768931
6000000024117780678
6000000024209294005
6000000024209296963
6000000024239524504
6000000024248527320
6000000024277506232
6000000024277543172
6000000024349341853
6000000024418414379
6000000024480479312
6000000024480616672
6000000024481753479
6000000024483776883
6000000024584755662
6000000024599761315
6000000024599827257
6000000024666716625
6000000024667458571
6000000024667591606
6000000024667603459
6000000024667664312
6000000024667719735
6000000024667958453
6000000024668048012
6000000024668151927
6000000024684316436
6000000024684822826
6000000024709797837
6000000024786090440
6000000024786096071
6000000024786763828
6000000024847781048
6000000024848418614
6000000024888400070
6000000024942212277
6000000024942565304
6000000024948174726
6000000024949127192
6000000024974503623
6000000024974704730
6000000024974911467
6000000024974939428
6000000024975124759
6000000024975152579
6000000024975153572
6000000024975215537
6000000024975267976
6000000024975329034
6000000025050020901
6000000025050108358
6000000025050354876
6000000025050496938
6000000025057689852
6000000025099807784
6000000025100334035
6000000025111491493
6000000025112055963
6000000025112067978
6000000025112100094
6000000025228420905
6000000025261394797
6000000025261486499
6000000025261859274
6000000025261876340
6000000025312857342
6000000025313584020
6000000025349505460
6000000025358845174
6000000025358872460
6000000025359062459
6000000025359216859
6000000025499093283
6000000025551783353
6000000025551842583
6000000025552130323
6000000025552148254
6000000025552398998
6000000025552401119
6000000025552503899
6000000025552507869
6000000025797710142
6000000026073080280
6000000026163724137
6000000026165364466
6000000026204684302
6000000026204713063
6000000026243951265
6000000026244727447
6000000026244938863
6000000026368450729
6000000026368510819
6000000026368833372
6000000026368979354
6000000026369169921
6000000026369194943
6000000026369214019
6000000026439546912
6000000026439772036
6000000026450996921
6000000026451409720
6000000026451466439
6000000026451545237
6000000026463394767
6000000026464573677
6000000026664428189
6000000026683739951
6000000026816431748
6000000026816488644
6000000026816983706
6000000026817030171
6000000026817156986
6000000026817176052
6000000027026421550
6000000027026686781
6000000027026765789
6000000027026787177
6000000027026907720
6000000027026907732
6000000027026966466
6000000027027078334
6000000027027079184
6000000027027128332
6000000027027146374
6000000027027251296
6000000027027292112
6000000027027308006
6000000027088258216
6000000027088531021
6000000027377196507
6000000027377269513
6000000027377443068
6000000027377450995
6000000027377555981
6000000027377596241
6000000027377599078
6000000027383338639
6000000027383696356
6000000027383943191
6000000027383951306
6000000027415705424
6000000027694948195
6000000027774282282
6000000027791330251
6000000028029590561
6000000028029648604
6000000028029709434
6000000028029870415
6000000028029911099
6000000028029959914
6000000028029963464
6000000028029984976
6000000028030069168
6000000028030083022
6000000028030107971
6000000028030149746
6000000028030257356
6000000028030426177
6000000028030456163
6000000028030464241
6000000028030465863
6000000028030526011
6000000028030597863
6000000028030691900
6000000028043249869
6000000028051409112
6000000028051981823
6000000028071706616
6000000028071781790
6000000028071787773
6000000028071937708
6000000028072161217
6000000028147545074
6000000028377354415
6000000028626465330
6000000028808464420
6000000028809288708
6000000028809392817
6000000028809585114
6000000028809610638
6000000028809645240
6000000028809654113
6000000029179702536
6000000029180199881
6000000029574525513
6000000029776940716
6000000029776995458
6000000029797862596
6000000030262855545
6000000030262951654
6000000030263392851
6000000030756401062
6000000030778593013
6000000030833795257
6000000030880983614
6000000030881236097
6000000030962261969
6000000030965365950
6000000030982898431
6000000030982917595
6000000031011889789
6000000031011941504
6000000031011941532
6000000031012119079
6000000031012136025
6000000031012159984
6000000031112011083
6000000031142386492
6000000031142396577
6000000031142443384
6000000031142576077
6000000031142672956
6000000031142702873
6000000031142712842
6000000031237299203
6000000031386305265
6000000031552914405
6000000031553065284
6000000031553164358
6000000031554216295
6000000031554420853
6000000031569818358
6000000031570106986
6000000031570674407
6000000031744957604
6000000031745637883
6000000031809709618
6000000031874506146
6000000031874593994
6000000031875516204
6000000032007058274
6000000032108074357
6000000032108384687
6000000032108440158
6000000032130739371
6000000032130754454
6000000032131163683
6000000032131227641
6000000032131246502
6000000032131293576
6000000032131444228
6000000032131561101
6000000032131675862
6000000032152290604
6000000032152740050
6000000032152759896
6000000032152765911
6000000032152814030
6000000032152847852
6000000032259139072
6000000032259162112
6000000032284796020
6000000033136732919
6000000033652035114
6000000033810432093
6000000033810634949
6000000034032822234
6000000034033226307
6000000034348281317
6000000034358332568
6000000034367247767
6000000034367602484
6000000034367736216
6000000034367848925
6000000034367877487
6000000034367922329
6000000034367941264
6000000034367972855
6000000034368050301
6000000034368064187
6000000034368075021
6000000034368258896
6000000034368287959
6000000034368290890
6000000034512336381
6000000034513107054
6000000034513461998
6000000035289068913
6000000035358878502
6000000035359150399
6000000035359300228
6000000035359489279
6000000035359690048
6000000035359729947
6000000035363829303
6000000035364142909
6000000035364181494
6000000035364584523
6000000035364649892
6000000035364652963
6000000035364692909
6000000035364740614
6000000035364792585
6000000035364799854
6000000035364815515
6000000035365936034
6000000035365976064
6000000035366374892
6000000035366434834
6000000035366440885
6000000035367161917
6000000035367189872
6000000035367232887
6000000035398084394
6000000035500504714
6000000035501041112
6000000035543162431
6000000035710606818
6000000035735741563
6000000035736093270
6000000035885111730
6000000035885329746
6000000035885376797
6000000035885705392
6000000035885760142
6000000035885887296
6000000035885891695
6000000035886204225
6000000035886313236
6000000036066972286
6000000036091115624
6000000036228297732
6000000036277374654
6000000036588036510
6000000036908409475
6000000036908606932
6000000036972549759
6000000036973132372
6000000036973195288
6000000036973499991
6000000036973521904
6000000036973570910
6000000036973591869
6000000036986866632
6000000036986884673
6000000036986982658
6000000036987133274
6000000036987164381
6000000036987279107
6000000036987287106
6000000036987292190
6000000036987367116
6000000036987542915
6000000036987550881
6000000036987557859
6000000036987560893
6000000036987578862
6000000037255013006
6000000037476758276
6000000037476890352
6000000037565575604
6000000037774371995
6000000037837019791
6000000037837924354
6000000038316004381
6000000038316058595
6000000038832064055
6000000038852082344
6000000039233614835
6000000039563684124
6000000039563684129
6000000039844848895
6000000040074750566
6000000040075100862
6000000040075648774
6000000040075715674
6000000040075776547
6000000040075882594
6000000040075976349
6000000040075998033
6000000040076015028
6000000040076033245
6000000040076037560
6000000040076085457
6000000040076085462
6000000040076107456
6000000040076128027
6000000040076133983
6000000040076153872
6000000040076234903
6000000040076247953
6000000040076258306
6000000040076286821
6000000040076288347
6000000040076300138
6000000040076321163
6000000040076422375
6000000040076432918
6000000040076449174
6000000040076527078
6000000040076529323
6000000040076561271
6000000040076568995
6000000040076608000
6000000040076622001
6000000040076642928
6000000040076646907
6000000040076649120
6000000040076745056
6000000040283018054
6000000040283792111
6000000040283818420
6000000040283890312
6000000040283935319
6000000040288798562
6000000040293035644
6000000040293331415
6000000040293332418
6000000040293474081
6000000040293500188
6000000040293520920
6000000040293546966
6000000040293563966
6000000040293598861
6000000040293657836
6000000040515493448
6000000040628313717
6000000040628851831
6000000040649319589
6000000040649856941
6000000040709678625
6000000040801701844
6000000040941791960
6000000041000572069
6000000041000964720
6000000041001118890
6000000041018537784
6000000041018838119
6000000041019083009
6000000041037865683
6000000041039672690
6000000041039672784
6000000041040522866
6000000041041475676
6000000041041475702
6000000041050935059
6000000041050935219
6000000041054468392
6000000041088295488
6000000041090603255
6000000041090603655
6000000041095250493
6000000041095250538
6000000041097789277
6000000041097789357
6000000041097789428
6000000041098183767
6000000041098394199
6000000041098394321
6000000041109501388
6000000041116247888
6000000041116247895
6000000041117379797
6000000041119337349
6000000041121455591
6000000041126392891
6000000041127171887
6000000041129905252
6000000041129986971
6000000041132824576
6000000041132824618
6000000041132824661
6000000041132824703
6000000041148264478
6000000041156096093
6000000041156096257
6000000041156751026
6000000041177578120
6000000041177738825
6000000041439562978
6000000041439637880
6000000041519309527
6000000041519412180
6000000041519420093
6000000041519513096
6000000041749434876
6000000041788464614
6000000041788867999
6000000041788901822
6000000041788902854
6000000041788912857
6000000041831648570
6000000041860373057
6000000041860430431
6000000041860458445
6000000041860591939
6000000041860675273
6000000041880765456
6000000041881083024
6000000041887087735
6000000041887221789
6000000041911162663
6000000041911219470
6000000041911478436
6000000041911680985
6000000042044209872
6000000042281817739
6000000042281855502
6000000042282084935
6000000042282477468
6000000042282567510
6000000042283667248
6000000042283747739
6000000042283761532
6000000042283763329
6000000042284297451
6000000042287493896
6000000042287896428
6000000042555923010
6000000042556363894
6000000042659128758
6000000042659883568
6000000042812634377
6000000042831578599
6000000042954535572
6000000042954766187
6000000042954834031
6000000042954892024
6000000042954897942
6000000043054787436
6000000043054838525
6000000043054854530
6000000043054924298
6000000043054959985
6000000043055145942
6000000043055203887
6000000043261787801
6000000043261875666
6000000043261906706
6000000043261999722
6000000043262030649
6000000043262178225
6000000043262253103
6000000043262274070
6000000043262306134
6000000043544568151
6000000043717839271
6000000043718500048
6000000043718859836
6000000043759816464
6000000043852552273
6000000043853072918
6000000043878449856
6000000043880045261
6000000043880474946
6000000043880480935
6000000043880556371
6000000043880565911
6000000043880655855
6000000043880656243
6000000043881366927
6000000044064510683
6000000044497841427
6000000044497892353
6000000044497992200
6000000044498249437
6000000044498335316
6000000045404058006
6000000045404276886
6000000045404276895
6000000045404287833
6000000045404550843
6000000045404631835
6000000045680160846
6000000045713731825
6000000045716303833
6000000045716560852
6000000045890903925
6000000045891278222
6000000045891526893
6000000045892440913
6000000045912908098
6000000045913080370
6000000045913186141
6000000045913284055
6000000045913484845
6000000046151087888
6000000046386091634
6000000046386572921
6000000046713032838
6000000047239142831
6000000047502529921
6000000047502732982
6000000047502828894
6000000047502854997
6000000047502866919
6000000047502939860
6000000047502953828
6000000047502955852
6000000047502986902
6000000047662573010
6000000048202057362
6000000048459118159
6000000048480862395
6000000048481186402
6000000048481248112
6000000048481291423
6000000048481427855
6000000048481444162
6000000048481454882
6000000048481471033
6000000048481618017
6000000048481670029
6000000048481688053
6000000048481836886
6000000048481893821
6000000048638001140
6000000048755894094
6000000048832965188
6000000048833203973
6000000048833267969
6000000048833274958
6000000048834392903
6000000048921640171
6000000048921740978
6000000048921839918
6000000048921852101
6000000048921931892
6000000048921935026
6000000048921954892
6000000048922035974
6000000048922127989
6000000048922150909
6000000048926038094
6000000048926231100
6000000048926243069
6000000048926250981
6000000048926352981
6000000048926464876
6000000048974916846
6000000049046151071
6000000049049225348
6000000049049604850
6000000049057325005
6000000049057904918
6000000049058425854
6000000049058472839
6000000049093414186
6000000049381786994
6000000049452140141
6000000049452398017
6000000050182550130
6000000050223816821
6000000050969768405
6000000050969769483
6000000050969978239
6000000050970197980
6000000050971026427
6000000050971473967
6000000050971523540
6000000050971580983
6000000050971756863
6000000050971757821
6000000050971911848
6000000050971979920
6000000050972286885
6000000050972316024
6000000050972316843
6000000050972657888
6000000051025877002
6000000051025956966
6000000051026032245
6000000051027738983
6000000051027740001
6000000051027743022
6000000051027743971
6000000051027899905
6000000051027929834
6000000051027982839
6000000051346838930
6000000051573226485
6000000051574070039
6000000051574193019
6000000051618395782
6000000051619583251
6000000051619600247
6000000051619794093
6000000051619895050
6000000051619986999
6000000051619998925
6000000051620000925
6000000051620004902
6000000051620009887
6000000052064831847
6000000052066117040
6000000052169455945
6000000052169486933
6000000052328993854
6000000052619899824
6000000053000834638
6000000053001397386
6000000053001585205
6000000053001705314
6000000053001935006
6000000053002098928
6000000053002133871
6000000053002143866
6000000053002180855
6000000053002202823
6000000053002238845
6000000053002246840
6000000053043978243
6000000053044450258
6000000053044641963
6000000053044769900
6000000053044805867
6000000053044866843
6000000053044876839
6000000053045170897
6000000053045285880
6000000053045321864
6000000053104894194
6000000053104907411
6000000053106350846
6000000053203815073
6000000053300797520
6000000053301667824
6000000053301717835
6000000053357549040
6000000053702570915
6000000053921189326
6000000053947771924
6000000053949075877
6000000053949326829
6000000053949444821
6000000054149312874
6000000055521801047
6000000056734244870
6000000056740441866
6000000057026365349
6000000057026546982
6000000057257908962
6000000057535869121
6000000057850253041
6000000057850418032
6000000057850436025
6000000057850515900
6000000057850567889
6000000057850602778
6000000057850675845
6000000057951633258
6000000057952359043
6000000058777639874
6000000059149869851
6000000059446621865
6000000060265110855
6000000060488771053
6000000060489944821
6000000060920472174
6000000062028948041
6000000062035223247
6000000062035651950
6000000062035735968
6000000062035795931
6000000062035943915
6000000062665479302
6000000062709565879
6000000062835662853
6000000063224304822
6000000063378378845
6000000063663354834
6000000063688531054
6000000064781300061
6000000065024686830
6000000065054645145
6000000065569512914
6000000065843844821
6000000066159899041
6000000066946976911
6000000067033625102
6000000067125161165
6000000067240628675
6000000067240706497
6000000067241378139
6000000067241544906
6000000067241706842
6000000067243912199
6000000067244427926
6000000067640059826
6000000068336400987
6000000068336563865
6000000068742485082
6000000068742586126
6000000068743042849
6000000068743075901
6000000068744251943
6000000068766484821
6000000069175633874
6000000069175853903
6000000069176201026
6000000069181018466
6000000069436175962
6000000069437420016
6000000069437834076
6000000069721014002
6000000069721474894
6000000069721481824
6000000069910436312
6000000069910812035
6000000069910830975
6000000069911031977
6000000069911071916
6000000069911092003
6000000069911148877
6000000069911199848
6000000069911255948
6000000069911436846
6000000069911600910
6000000069911820868
6000000069965729214
6000000070294787950
6000000071103912738
6000000071106436162
6000000071106698001
6000000071106788970
6000000071106860898
6000000071106897862
6000000071107130828
6000000071107677117
6000000071108095183
6000000071108231123
6000000071108624325
6000000071108700158
6000000071108884986
6000000071108947926
6000000071109037883
6000000071909154669
6000000071912069979
6000000071912222852
6000000071923206926
6000000072075256163
6000000072075449194
6000000072075556073
6000000072075749906
6000000072075868879
6000000072077933321
6000000072080035943
6000000072080063860
6000000072192169508
6000000072192753124
6000000072193281824
6000000072193419825
6000000072254794932
6000000072597026884
6000000073033275821
6000000073713718068
6000000074197551873
6000000074588198876
6000000074780460923
6000000074829253903
6000000075127705943
6000000075316907282
6000000075317559907
6000000075317887157
6000000075318155226
6000000075318410952
6000000075318430822
6000000075318656840
6000000075425365940
6000000075570285808
6000000075570327052
6000000075570471094
6000000075571015999
6000000075571377841
6000000075571386931
6000000075575477916
6000000075575517017
6000000075689382955
6000000075703744913
6000000075935727366
6000000075936144085
6000000075936527821
6000000076336049038
6000000076336073103
6000000076336151031
6000000076336544872
6000000076336626874
6000000076484766858
6000000076622732370
6000000076623070271
6000000076623497326
6000000076623738111
6000000076623839042
6000000076623855997
6000000076624123877
6000000076624132880
6000000076624158866
6000000076625102928
6000000076714130055
6000000076787748011
6000000076801797530
6000000076855331909
6000000077125694183
6000000077193438641
6000000077195241659
6000000077196126972
6000000077199979198
6000000077200024357
6000000077329454002
6000000077407803021
6000000078352670175
6000000078629115849
6000000078728468478
6000000079248383128
6000000080005860931
6000000080073672299
6000000080074530875
6000000080074532089
6000000080075176952
6000000080075368019
6000000080076124890
6000000080188579388
6000000080188761239
6000000080188855045
6000000080188909139
6000000080189004269
6000000080189057362
6000000080189058048
6000000080189244971
6000000080189454988
6000000080198266067
6000000080198443032
6000000080198470118
6000000080198502004
6000000080198734040
6000000080198754140
6000000080198835096
6000000080198907010
6000000080198918027
6000000080199201994
6000000080199309948
6000000080199336934
6000000080199337897
6000000080199372882
6000000080199381841
6000000080378457918
6000000080378622899
6000000080379589882
6000000080379776850
6000000080379782827
6000000080379903823
6000000080379930821
6000000080379945821
6000000080379952847
6000000080379952851
6000000080380057821
6000000080465225144
6000000080465496037
6000000080465825003
6000000080466029843
6000000080466157840
6000000080504391035
6000000080504617018
6000000080937406482
6000000080937460341
6000000080937878120
6000000080938187045
6000000080997613193
6000000081278061435
6000000081278556055
6000000081278577963
6000000081278587041
6000000081278659056
6000000081278663934
6000000081278683937
6000000081278714966
6000000081278778909
6000000081278856887
6000000081431644977
6000000081455188882
6000000081708868777
6000000081712570841
6000000081930621051
6000000082008111860
6000000082259762897
6000000082371145948
6000000082420368200
6000000082420752862
6000000082437514011
6000000082446968873
6000000082694661028
6000000082694820826
6000000082891775730
6000000082892556285
6000000082893069063
6000000082893155861
6000000082893283838
6000000082925990860
6000000082937043458
6000000083028237053
6000000083028945294
6000000083029319945
6000000083029537821
6000000083029540912
6000000083096975078
6000000083123591315
6000000083124249931
6000000083125447506
6000000083125453937
6000000083126128821
6000000083145003319
6000000083333575805
6000000083333945539
6000000083334542340
6000000083335155046
6000000084455025099
6000000084879684889
6000000084928144843
6000000084935103946
6000000084938837059
6000000084946528927
6000000084946528932
6000000085405482249
6000000086411900403
6000000086412279116
6000000086412567904
6000000086412627942
6000000086412713888
6000000086412720869
6000000086412807859
6000000086412919837
6000000086412950879
6000000086412953877
6000000086413236962
6000000086413362869
6000000086413373845
6000000086513768863
6000000086784241900
6000000086784793867
6000000086874584954
6000000088218478853
6000000088219139876
6000000088219968821
6000000088337454935
6000000088337454941
6000000088337454947
6000000088337454953
6000000088591506834
6000000088956119828
6000000089476751883
6000000089478173940
6000000089552766483
6000000089553174169
6000000089553892039
6000000089553920155
6000000089554443044
6000000089554569923
6000000089554848846
6000000089554961821
6000000089653384997
6000000090217888847
6000000090334670828
6000000090699463879
6000000090738779052
6000000090789785916
6000000090957550120
6000000090958799847
6000000091229617993
6000000091381880393
6000000092275075822
6000000092275075834
6000000092275075844
6000000092275075847
6000000092275075851
6000000092275075861
6000000092275075865
6000000092275075868
6000000092275075871
6000000092275075877
6000000092469627847
6000000092470006852
6000000092626946507
6000000092930001910
6000000092931326928
6000000092931577824
6000000093545261852
6000000093944844506
6000000093945351822
6000000093945351850
6000000093945351870
6000000093945351882
6000000093945352039
6000000093945352053
6000000093945352059
6000000093945352208
6000000094069153833
6000000094069153839
6000000094069153845
6000000094069153850
6000000094069711834
6000000094069711840
6000000094069711846
6000000094069711852
6000000094069711858
6000000094069711870
6000000094069711876
6000000094069711882
6000000094299802703
6000000094530056845
6000000094531326824
6000000094531550821
6000000094651286894
6000000094651293821
6000000094651946915
6000000094651954824
6000000094652275875
6000000094652320839
6000000094652403846
6000000094804963169
6000000094804963175
6000000094804963181
6000000094804963187
6000000094804963193
6000000094804963199
6000000094804963235
6000000094804963247
6000000094804963253
6000000094804963404
6000000095780075821
6000000095790148835
6000000095790209898
6000000095964434821
6000000097223439889
6000000097225585831
6000000097539562899
6000000097597739884
6000000097640715861
6000000098128462192
6000000098130121884
6000000098130215834
6000000098194053833
6000000098215158994
6000000098215763843
6000000098217813014
6000000098241849974
6000000098655622171
6000000098656118157
6000000098656662177
6000000098656894941
6000000098657424876
6000000098657551875
6000000098657811900
6000000098857016846
6000000098898524025
6000000098898524031
6000000098898524043
6000000098898524049
6000000098898524055
6000000098898524061
6000000098898524077
6000000098898524083
6000000099183477025
6000000100057120975
6000000100101374490
6000000100101445109
6000000100190715013
6000000100191161909
6000000100278733848
6000000102602017907
6000000103214485824
6000000103330351854
6000000103431361867
6000000104500453346
6000000104501342139
6000000104502451855
6000000104502621977
6000000106432431950
6000000106432695864
6000000108434497821
6000000108519042917
6000000108546839921
6000000108827084830
6000000109050934822
6000000109050934864
6000000109050934870
6000000109090876911
6000000109289074941
6000000109289074950
6000000109289074970
6000000109289074980
6000000109289075012
6000000109289075041
6000000109289075050
6000000109289075059
6000000109338398614
6000000109387305834
6000000109499618967
6000000109902445799
6000000109902473826
6000000109902474155
6000000109902474159
6000000109902474163
6000000109902474167
6000000109902705840
6000000109902705899
6000000110500534860
6000000110879314821
6000000110983331951
6000000111033747012
6000000111033747477
6000000111033747525
6000000111033747534
6000000111033747552
6000000111033747577
6000000111033747586
6000000111033747625
6000000111033747628
6000000111033747631
6000000111033747637
6000000111033747653
6000000111960459907
6000000111961369955
6000000111961737914
6000000111961967821
6000000111962223905
6000000112437770848
6000000112571819977
6000000112677446209
6000000112678084885
6000000112678084892
6000000112678084901
6000000112678084909
6000000112678084918
6000000113055731014
6000000113612707930
6000000113908871874
6000000114039677045
6000000114039677055
6000000114039677075
6000000114068332832
6000000114482131844
6000000114608369980
6000000114609557202
6000000114609836013
6000000114610203964
6000000114610273965
6000000114610459888
6000000114610586833
6000000114610638842
6000000115945827174
6000000115945827183
6000000116362105009
6000000116727564220
6000000116728463964
6000000116728601857
6000000116728646821
6000000116728651928
6000000116728732983
6000000116728877879
6000000117154331902
6000000117163392963
6000000117163712859
6000000117163720832
6000000117163757834
6000000117163827849
6000000117163901853
6000000117163945831
6000000118415361905
6000000118415772877
6000000118415879835
6000000118415954827
6000000118827758625
6000000120321527838
6000000120321527867
6000000120321527871
6000000120335800840
6000000120335800852
6000000120335800860
6000000120335800974
6000000120335800978
6000000120335800982
6000000120335800986
6000000120335800990
6000000120335800994
6000000120335801001
6000000120335801005
6000000121734669821
6000000121735321832
6000000121735333821
6000000121735334821
6000000122245878069
6000000122245878144
6000000122245878175
6000000122245878184
6000000122245878221
6000000122245878232
6000000122245878264
6000000122245878288
6000000122245878329
6000000122248829822
6000000122248829863
6000000122248829875
6000000122248829881
6000000122248829887
6000000122248829943
6000000122248829987
6000000123692419882
6000000123692779155
6000000124274103940
6000000124373615267
6000000124375508903
6000000124394561834
6000000126169405832
6000000126873864833
6000000126873865019
6000000126873865028
6000000126873865055
6000000126873865080
6000000126873865089
6000000126873865098
6000000126873865107
6000000126873865157
6000000126873865166
6000000126873865175
6000000126873865193
6000000126873865202
6000000126873865209
6000000129329482951
6000000129329683031
6000000129329732941
6000000129467398869
6000000129503924885
6000000129503924892
6000000129503924954
6000000129503924957
6000000129503924960
6000000129503924967
6000000129503924970
6000000130594874839
6000000132044689955
6000000136592435849
6000000136869549827
6000000136870169852
6000000137589959869
6000000137589960068
6000000137589960102
6000000137589960112
6000000137589960121
6000000137589960128
6000000137589960137
6000000137590855824
6000000137590855858
6000000137590855865
6000000137590855894
6000000137590855902
6000000137590855909
6000000137590855916
6000000137590855925
6000000137590855937
6000000137590855955
6000000137590856071
6000000137590856078
6000000137590856096
6000000137590856105
6000000138312590057
6000000139009140846
6000000139358247357
6000000139359611072
6000000139359902953
6000000139359962051
6000000139360186864
6000000139360320938
6000000139360337863
6000000139361186846
6000000139364919071
6000000139365051188
6000000139366097871
6000000139524370056
6000000139526450846
6000000139526796995
6000000139527688909
6000000140447832085
6000000141015788325
6000000141015788383
6000000141015788398
6000000141015788616
6000000141854042010
6000000142181361873
6000000142400957823
6000000142401185821
6000000142401370821
6000000142402857824
6000000142403533821
6000000142824198038
6000000143941391517
6000000145027120883
6000000145028719903
6000000145373663852
6000000145723830821
6000000146306153090
6000000146428283834
6000000146466656822
6000000147108053070
6000000147449533823
6000000147450027896
6000000147450840944
6000000147454715838
6000000147454715856
6000000148316017365
6000000148317796260
6000000148318530012
6000000148318595089
6000000148318699932
6000000148319118976
6000000148319387866
6000000148319612845
6000000148319621862
6000000148319651823
6000000149085077862
6000000150379179071
6000000153195640928
6000000153195650895
6000000154673180835
6000000154673541821
6000000154942398837
6000000154942660821
6000000154942668821
6000000155514758883
6000000155516828863
6000000156086577940
6000000156087302873
6000000156087765823
6000000156088517863
6000000156088935827
6000000156994570836
6000000156998309867
6000000162307009479
6000000162307009502
6000000163652145825
6000000163671629821
6000000163851995952
6000000164886286088
6000000164886346067
6000000164886714065
6000000164886781834
6000000164886901854
6000000164887559000
6000000164887837869
6000000164887842893
6000000164887981851
6000000164888106854
6000000164888157928
6000000164888483831
6000000166190795972
6000000166194955870
6000000166551581374
6000000168826645990
6000000169285734838
6000000169806998822
6000000170016202910
6000000170031018139
6000000170031018148
6000000170031018157
6000000170031018166
6000000170031018174
6000000170031018183
6000000170031018192
6000000170771819433
6000000170779205873
6000000170779205895
6000000170779205910
6000000170779205921
6000000170779205945
6000000170779206028
6000000170779206138
6000000170779206147
6000000170779206338
6000000170779206361
6000000170779206370
6000000170779206484
6000000170779206514
6000000170779206541
6000000171099545827
6000000171752176606
6000000171944209168
6000000171944697032
6000000172513863046
6000000172513863052
6000000172513863058
6000000172513863064
6000000172513863070
6000000172513863085
6000000172513863091
6000000172513863094
6000000172513863099
6000000172513863105
6000000172513863111
6000000172513863117
6000000172513863123
6000000172513863129
6000000172649709531
6000000173023615198
6000000173026172841
6000000173031291571
6000000173052020168
6000000173133643867
6000000173137809876
6000000173138163821
6000000173138380833
6000000173138456839
6000000173138463832
6000000173143803132
6000000173143906430
6000000173144346980
6000000173144683080
6000000173144923943
6000000173145089902
6000000173478410874
6000000173478410979
6000000173554675167
6000000173555560843
6000000174139351825
6000000174829420897
6000000175075004136
6000000175325195170
6000000175325195173
6000000175395155322
6000000175395319404
6000000175395732159
6000000175396834904
6000000175415271354
6000000175416223911
6000000175416298970
6000000175416306939
6000000175458293016
6000000175458401901
6000000175681702911
6000000175892109849
6000000175892109858
6000000175892109983
6000000175892109989
6000000175976544976
6000000176040186919
6000000176059374881
6000000176086116892
6000000176096615892
6000000176096615901
6000000176096615904
6000000176096615907
6000000176096615910
6000000176096779822
6000000176096779829
6000000176096779842
6000000176096779849
6000000176171111825
6000000176171111831
6000000176224323862
6000000176225288826
6000000176244457893
6000000176376186011
6000000176376509901
6000000176376844923
6000000176377141886
6000000176377248925
6000000176377315891
6000000176377492860
6000000176377508869
6000000176377532865
6000000176377536862
6000000176377662855
6000000176377711848
6000000176377716861
6000000176377730840
6000000176377818842
6000000176377851848
6000000176377900846
6000000176378001868
6000000176378004863
6000000176378076841
6000000176378076861
6000000176378110840
6000000176378167834
6000000176378393822
6000000176378494846
6000000176378563831
6000000176378567834
6000000176378637835
6000000176378799824
6000000176378934834
6000000176378944828
6000000176378957835
6000000176379004827
6000000176379160822
6000000176743666887
6000000176820308830
6000000176820549823
6000000176820727821
6000000176858826923
6000000176911412663
6000000177795865829
6000000177795991824
6000000177796089821
6000000177857072842
6000000177857088881
6000000177857118903
6000000177857215884
6000000177857217842
6000000177857340855
6000000177857386853
6000000177857507842
6000000177857753839
6000000177857807843
6000000177857812842
6000000178101293871
6000000178102289821
6000000178102516834
6000000178102670821
6000000178613040827
6000000178632267958
6000000178634068852
6000000178634744881
6000000178634978852
6000000178635282821
6000000178637083851
6000000178638556830
6000000178638565834
6000000178785867832
6000000178786413822
6000000179108650865
6000000179109216825
6000000179260881825
6000000179611396823
6000000179613317830
6000000179614323839
6000000179614578832
6000000179726548297
6000000179726548501
6000000179726548509
6000000179726548516
6000000179726548523
6000000179898915335
6000000179898915342
6000000179898915378
6000000179898915425
6000000179898915564
6000000179983380239
6000000179983380306
6000000179983380376
6000000179983380462
6000000179983380560
6000000179983514468
6000000179983584371
6000000179983584480
6000000180041000980
6000000180041001019
6000000180073822295
6000000180073822301
6000000180337393852
6000000180338013859
6000000180338525828
6000000180348575917
6000000180348950887
6000000180418421822
6000000180487468898
6000000180488186839
6000000180488500836
6000000180488674839
6000000180488843831
6000000180489039928
6000000180489172848
6000000180489432828
6000000180489575821
6000000180628989842
6000000180629169839
6000000180629600823
6000000180629729834
6000000180629783824
6000000180743622831
6000000180782039878
6000000180846983832
6000000180975078946
6000000181033496866
6000000181330967285
6000000181332131895
6000000181332131903
6000000181332131918
6000000181332131926
6000000181332131950
6000000181332131958
6000000181332131966
6000000181332131974
6000000181332131982
6000000181332131990
6000000181332131998
6000000181332132005
6000000181332132013
6000000181332132020
6000000181332132036
6000000181332132051
6000000181332132161
6000000181332132169
6000000181332132177
6000000181332132184
6000000181332132191
6000000181332132199
6000000181332132206
6000000181332132351
6000000181332132359
6000000181670531834
6000000181856534839
6000000181861627894
6000000181862041871
6000000182041081853
6000000182041746840
6000000182261596093
6000000182370770874
6000000182371087840
6000000182747671898
6000000182915169846
6000000182916617829
6000000183263142851
6000000183379240837
6000000183379240891
6000000183379240899
6000000183379240907
6000000183379240915
6000000183379240923
6000000183379240931
6000000183379240938
6000000183379240946
6000000183625059957
6000000183999013904
6000000183999347898
6000000184000132876
6000000184000589859
6000000184000685852
6000000184001078867
6000000184001302833
6000000184001461825
6000000184894213868
6000000185182765856
6000000185182838822
6000000185250307826
6000000185321521824
6000000185341448980
6000000185341933845
6000000185429236911
6000000185429236957
6000000185429236965
6000000185429236980
6000000185429237008
6000000185429237023
6000000185429237055
6000000185429237063
6000000185432017621
6000000185432017721
6000000185432017754
6000000185508062066
6000000185508062273
6000000185508062295
6000000185508062302
6000000185572874371
6000000185579010865
6000000185597174527
6000000185599077256
6000000185599246157
6000000185599581180
6000000185600208048
6000000185600278918
6000000185600415910
6000000185709649917
6000000186188317833
6000000186452376823
6000000186986605258
6000000186986605494
6000000186986605501
6000000186986605509
6000000186986605517
6000000186986605526
6000000186986605537
6000000186986605545
6000000187209791884
6000000187210256827
6000000187546109912
6000000187546590850
6000000187586608872
6000000188132035857
6000000188151379874
6000000188362776881
6000000189102718827
6000000189119124828
6000000189411197849
6000000189422210834
6000000189680030441
6000000189680030449
6000000189680030457
6000000189680030465
6000000189680030497
6000000189680030505
6000000189680030513
6000000189680030521
6000000189680030529
6000000189680030568
6000000189680030584
6000000189680030772
6000000189782470821
6000000189962606822
6000000189976226852
6000000190224596863
6000000190419161012
6000000190419194937
6000000190419194990
6000000190419194997
6000000190419195012
6000000190419195019
6000000190419195027
6000000190965119491
6000000190965119552
6000000190965119566
6000000190965119574
6000000190965119597
6000000190965137558
6000000190965137562
6000000190969941011
6000000191016755832
6000000191122876821
6000000191710277828
6000000191730801949
6000000191730801997
6000000191756658846
6000000191756658850
6000000191998262855
6000000191998332848
6000000191998343844
6000000191998387844
6000000191998413847
6000000191998429833
6000000191998435838
6000000191998476826
6000000191998500835
6000000191998513822
6000000191998537821
6000000192590734885
6000000192590946850
6000000192603950870
6000000192638559875
6000000192638730837
6000000192639017869
6000000192639119821
6000000192639142822
6000000192811225841
6000000193113658860
6000000193113891859
6000000193468127873
6000000193468127900
6000000193682745821
6000000193684701862
6000000193931677823
6000000194118889882
6000000194233368823
6000000194279592854
6000000194368715841
6000000194369245851
6000000194969276622
6000000195470243861
6000000195471938821
6000000195500533822
6000000195501896833
6000000195623890833
6000000195637158838
6000000195773937107
6000000195773937140
6000000195827113823
6000000195859306822
6000000195946225523
6000000195948400275
6000000196355538826
6000000196355654822
6000000197299224861
6000000197733264824
6000000197796982474
6000000197873932591
6000000197874244876
6000000198005530094
6000000198005530639
6000000198005530719
6000000198005530728
6000000198005530737
6000000198005530793
6000000198163262907
6000000198163273885
6000000198163386879
6000000198163682850
6000000198163712832
6000000198163725837
6000000198163727841
6000000198163821831
6000000198289635828
6000000198862303086
6000000198862303212
6000000198862303228
6000000198862303236
6000000198862303244
6000000198862303252
6000000198862303259
6000000198862303267
6000000198862303274
6000000198862303281
6000000198862303288
6000000198862303295
6000000198971423133
6000000199439963883
6000000200665096229
6000000200821066903
6000000200821840888
6000000200821939895
6000000200822029847
6000000200822040848
6000000200822218827
6000000200861275822
6000000200889147966
6000000200889467908
6000000200889734827
6000000200889761847
6000000200889902825
6000000200889976836
6000000200889980823
6000000200889986832
6000000200889996821
6000000200890003822
6000000200890004821
6000000200939484916
6000000200939729898
6000000200939911843
6000000200939997832
6000000200940039849
6000000200940191822
6000000200940195826
6000000200940244821
6000000201363384861
6000000201448140104
6000000201448140113
6000000201448140122
6000000201448140131
6000000201448140140
6000000201448140149
6000000201841765882
6000000201842103842
6000000201842200849
6000000201842237827
6000000204246261828
6000000204246558855
6000000204246986836
6000000204247182823
6000000204247290827
6000000204247299830
6000000204247421821
6000000204965522911
6000000204965523071
6000000204965523083
6000000204965523091
6000000204965523099
6000000204965523111
6000000204965523124
6000000204965523150
6000000204965523161
6000000204965523191
6000000204965523207
6000000205218858825
6000000205483773833
6000000205491257867
6000000205491299830
6000000205492136863
6000000205492558874
6000000205492784854
6000000205492853853
6000000205493057826
6000000205496263933
6000000205710697393
6000000205730065823
6000000205733017945
6000000205733895826
6000000205977688888
6000000206464677861
6000000206486142837
6000000206534342827
6000000206586382839
6000000206586608824
6000000206589029899
6000000206589282830
6000000206589354859
6000000206589457821
6000000206589463826
6000000206589529821
6000000206647511834
6000000206981642854
6000000207055294891
6000000208664594890
6000000208664895849
6000000208895488406
6000000209152464831
6000000209152597843
6000000209152597847
6000000209172526823
6000000209172599826
6000000209708564821
6000000209941489721
6000000209941489770
6000000209941489805
6000000209941499854
6000000209941499877
6000000210026782836
6000000210789039826
6000000210789101837
6000000210810836821
6000000210811624826
6000000211808847822
6000000213322677846
6000000213322717821
6000000215405262912
6000000215498924827
6000000215502999833
6000000215503969822
6000000215504111822
6000000215504186841
6000000215538843828
6000000215540716830
6000000215540777840
6000000215541417831
6000000216250472822
6000000216250828822
6000000216250839824
6000000216326791834
6000000216327068882
6000000216438608843
6000000217788749821
6000000218706387837
6000000220101645849
6000000220241601823
6000000220241627823
6000000220241629821
6000000220951035207
6000000220958728064
6000000220959127915
6000000220959202870
6000000220959203857
6000000221154994911
6000000221154994917
6000000221154994928
6000000221154994934
6000000221154994996
6000000221154995001
6000000221154995006
6000000221154995012
6000000221154995018
6000000221470721874
6000000221473372878
6000000221473405084
6000000221473424882
6000000221473463867
6000000221473471860
6000000221473477899
6000000221473480898
6000000221473620006
6000000221473655927
6000000221473669920
6000000221473680834
6000000221473705827
6000000221473714825
6000000221473719836
6000000221473719851
6000000221473849821
6000000222095184626
6000000222095184774
6000000223305619378
6000000223305619490
6000000223306475702
6000000223306475705
6000000223373206033
6000000223373426853
6000000223373427972
6000000223373471870
6000000223373532841
6000000223429624824
6000000224418222829
6000000224968308842
6000000224968372844
6000000225057569857
6000000225240189869
6000000225427493666
6000000225427493810
6000000225427493816
6000000225429474824
6000000225429474832
6000000225429474862
6000000225588858999
6000000225589166901
6000000226454220058
6000000226554820930
6000000226555135932
6000000226555136952
6000000226555149004
6000000226672787851
6000000226672862110
6000000226693677888
6000000226693698847
6000000226693767888
6000000226693912847
6000000226694001827
6000000227143930843
